node_id,cluster_id
6369329155,0
8989843465,0
6369329170,0
6509584414,0
10241310756,0
2218344503,0
10539589691,0
10539589692,0
2218344510,0
10539589696,0
10539589701,0
10539589704,0
262078536,0
10539589706,0
10539589707,0
25477197,0
24658003,0
24658007,0
24658010,0
28418138,0
25632860,0
28418141,0
1327865950,0
32825440,0
28418144,0
32825442,0
1327865952,0
1327865953,0
1327865956,0
25632870,0
1327865957,0
7151566952,0
25477224,0
7151566955,0
25477228,0
4136124526,0
25067636,0
2934268024,0
5976760444,0
5976760446,0
6446301329,0
27459729,0
25067670,0
10542989479,0
10542989484,0
5160943793,0
5160943794,0
5160943795,0
1827389620,0
5160943797,0
5160943796,0
5160943798,0
5160943799,0
5160943800,0
25477301,0
5160943803,0
490946748,0
5160943804,0
5160943806,0
5160943807,0
5160943808,0
10309140683,0
10309140686,0
25067727,0
25067728,0
25477335,0
25477339,0
27459830,0
25477371,0
490946813,0
4076126468,0
2005131543,0
6463234329,0
5925626143,0
1566269741,0
27459905,0
5768339777,0
1144619335,0
237911,0
25067871,0
5768339816,0
5768339817,0
25067883,0
1955520879,0
25248112,0
25248113,0
25248114,0
25248115,0
25248117,0
3272712566,0
25248119,0
25248120,0
25248118,0
25248122,0
25248123,0
25248124,0
10306429309,0
10306429310,0
25248125,0
5087519104,0
10306429312,0
5087519106,0
25248130,0
25248129,0
25248126,0
10306429318,0
10306429319,0
25248128,0
27459970,0
1493229962,0
25067914,0
10306429323,0
10306429327,0
10306429328,0
1668112790,0
1668112792,0
25067929,0
5065949596,0
5065949598,0
25067936,0
10596794785,0
7203717550,0
3809870259,0
3809870260,0
3809870261,0
3809870262,0
3809870263,0
3809870264,0
3809870265,0
3809870266,0
259252667,0
4224123324,0
3809870269,0
3809870267,0
5201625535,0
3809870270,0
5201625537,0
354886082,0
5201625539,0
10543014340,0
5201625541,0
10543014339,0
10543014343,0
5335245256,0
1758552521,0
1758552522,0
10543014346,0
1758552524,0
5335245257,0
5335245254,0
6465896907,0
6465896909,0
9690915275,0
9690915278,0
3809870283,0
3809870287,0
3809870288,0
10543014362,0
10543014363,0
1758552541,0
10543014367,0
1758552547,0
10543014371,0
10543014372,0
10543014374,0
10543014373,0
10543014377,0
1758552555,0
10543014380,0
10543014379,0
1758552559,0
10543014386,0
10543014387,0
10543014388,0
10543014390,0
4830306810,0
4830306813,0
490947077,0
5642519054,0
5642519055,0
1758552592,0
5642519056,0
4530012690,0
4530012691,0
5642519060,0
1758552597,0
470729237,0
28418580,0
4530012696,0
4530012695,0
5642519066,0
473219610,0
5642519068,0
5642519069,0
268124704,0
4530012705,0
3267461666,0
4530012706,0
1796137508,0
4530012707,0
4530012711,0
295977520,0
490947124,0
4430996023,0
4430996024,0
4430996027,0
4430996028,0
4430996029,0
4430996033,0
1566270021,0
57786953,0
470729292,0
4430996044,0
1779589718,0
5238587992,0
5238587994,0
3267461729,0
27460198,0
1758552682,0
27460210,0
27460226,0
1684710025,0
1599652492,0
1599652497,0
27460250,0
1684710044,0
4730978983,0
1905779367,0
1905779369,0
6606135977,0
6606135979,0
6606135983,0
2137096880,0
1268892338,0
3715515059,0
1816609486,0
2620105428,0
1816609498,0
1268892379,0
4333847283,0
6446269173,0
473268999,0
251757321,0
1255490314,0
8807441166,0
3733299982,0
2454119184,0
3733299988,0
8807441176,0
8807441177,0
8807441178,0
8807441179,0
1268900644,0
28418859,0
28418877,0
1268900678,0
4144358216,0
4144358217,0
27460439,0
4167762776,0
5473272665,0
5473272666,0
4167762778,0
5473272668,0
28418909,0
28418921,0
473269102,0
28418929,0
632447859,0
1268892533,0
1268892541,0
251757452,0
5043864464,0
251757458,0
1759454104,0
6055863205,0
5374174120,0
6055863211,0
25265077,0
3733791671,0
25265080,0
7075087299,0
1566270409,0
1310663631,0
4462683090,0
1759454163,0
251757533,0
5907366887,0
1312932849,0
585180151,0
1759454211,0
1721713677,0
1759454222,0
5374174224,0
973128722,0
4208239642,0
3808626884,0
14672924,0
7926506525,0
7926506531,0
1721713699,0
3808626886,0
3808626887,0
1609966639,0
251757615,0
1609966643,0
5046314043,0
1609966653,0
9820537917,0
5473272894,0
5473272896,0
9820537921,0
5473272897,0
107587,0
107588,0
5473272899,0
5473272895,0
107585,0
107584,0
107586,0
9820537932,0
9820537933,0
675734610,0
675734613,0
107606,0
6332695639,0
5046314074,0
1759454299,0
6332695642,0
5046314077,0
675734622,0
1759454305,0
9820537954,0
9820537955,0
4383581281,0
9820537957,0
107626,0
107627,0
3808625773,0
107632,0
107634,0
3808625778,0
3808625780,0
107637,0
107638,0
3808626902,0
3808625782,0
107641,0
3808625786,0
7827997819,0
107644,0
9820537981,0
9820537982,0
107643,0
107646,0
3808625791,0
5165786242,0
3808626904,0
3808625796,0
5165786245,0
9820537992,0
9820537993,0
1832248457,0
1832248458,0
7623861385,0
3808625804,0
1759454351,0
3808625809,0
9820538002,0
107667,0
107668,0
9820538004,0
9820538006,0
5473272978,0
2793874587,0
1239549084,0
107684,0
107685,0
9820538020,0
107686,0
9820538021,0
9820538022,0
1759454378,0
1556260011,0
4402594986,0
5242815659,0
3808625831,0
3808625837,0
3808625835,0
1728472241,0
3808625843,0
3808625844,0
1556260024,0
3808625853,0
3808625854,0
3808625855,0
4197401800,0
4197401802,0
8783914189,0
8783914190,0
10539648210,0
4197401811,0
8807410151,0
4197401813,0
25068755,0
1759454429,0
3808626923,0
2360681703,0
21685483,0
21685484,0
21685485,0
2360681709,0
2360681711,0
5473273072,0
2360681713,0
5473273069,0
5473273071,0
2360681716,0
5473273070,0
3808626929,0
28419328,0
4378043649,0
5060388105,0
5060388107,0
4378043661,0
4378043662,0
5060388110,0
4378043667,0
5060388115,0
1817617689,0
1817617691,0
1817617692,0
4378043682,0
4773889323,0
5473273139,0
5473273140,0
5473273141,0
5473273142,0
1782727992,0
25068862,0
2577040703,0
5473273154,0
4116809027,0
6288147785,0
6288147786,0
1402070363,0
357999964,0
1402070364,0
1402070365,0
6509684096,0
3515286913,0
5473273227,0
3887941007,0
3887941009,0
3887941010,0
3887941012,0
3887941013,0
3664405913,0
5238523291,0
9846850972,0
9846850973,0
9846850974,0
9693963681,0
9693963688,0
4367041960,0
1954751914,0
4367041962,0
25544108,0
1954751918,0
25544110,0
10599654857,0
5473273295,0
252601811,0
3152307669,0
5473273305,0
9690915267,0
30057965,0
5473273326,0
5473273332,0
5574051321,0
722208263,0
25069071,0
5473273363,0
5473273364,0
5473273368,0
5473273372,0
5473273373,0
5573994014,0
5573994016,0
5473273376,0
5473273379,0
5573994020,0
4453606953,0
722208297,0
1596655148,0
1596655149,0
4453606958,0
2929116721,0
5924603442,0
1596655155,0
1596655157,0
9683633717,0
5473273399,0
9683633718,0
1596655161,0
5924603450,0
4229228089,0
5565466174,0
5565466175,0
5565466177,0
10311362114,0
10311362115,0
5924603458,0
5924603460,0
5565466183,0
9203541581,0
6018098767,0
5473273425,0
5473273429,0
7899973206,0
5473273433,0
5473273435,0
25577057,0
5473273441,0
10311362148,0
1550763620,0
4729480806,0
4729480807,0
5041784423,0
10311362150,0
10311362154,0
10311362153,0
9203541611,0
9203541612,0
5473273451,0
5473273457,0
10013517434,0
264824452,0
3528738438,0
3528738439,0
3528738440,0
25069197,0
5473273490,0
748799641,0
5473273499,0
5473273500,0
7824803495,0
5041784489,0
7824803497,0
1493722803,0
1493722804,0
5041784501,0
3664398006,0
3664398007,0
1493722806,0
3664398009,0
10311362236,0
1550763708,0
25151180,0
25069265,0
1550763732,0
10311362270,0
10311362271,0
10311362272,0
5473273571,0
5104314096,0
2265065203,0
2265065207,0
4866623226,0
4866623228,0
24659709,0
4866623230,0
2378843907,0
5473273604,0
5473273605,0
5473273606,0
5473273607,0
5473273610,0
3141814027,0
8868824844,0
5473273612,0
5473273611,0
5473273613,0
5473273615,0
5473273621,0
5473273622,0
5473273623,0
4076095262,0
2920433449,0
5041784633,0
5041784634,0
25470782,0
8868824899,0
8868824900,0
8868824901,0
7946372941,0
8868824911,0
8868824912,0
8868824913,0
8868824914,0
108393,0
108406,0
696477560,0
5090420611,0
108420,0
5090420613,0
5090420614,0
5104314264,0
5104314266,0
5104314268,0
5104314269,0
5104314270,0
5104314272,0
5104314275,0
5104314276,0
710657963,0
843376569,0
5473273788,0
5473273789,0
5473273790,0
3984132032,0
3830441923,0
3984132036,0
3247933381,0
3984132037,0
1150003147,0
843376588,0
9704122317,0
843376591,0
25470928,0
3830441937,0
1401849810,0
1150003155,0
5931509715,0
843376594,0
5931509718,0
5460658138,0
585148380,0
1731225566,0
1725360097,0
1150003170,0
2218362849,0
843376610,0
1731225575,0
6574794989,0
24659947,0
1731225580,0
5104314358,0
1150003195,0
1731225596,0
1150003197,0
4344245890,0
843376643,0
4344245892,0
1150003213,0
2278320142,0
4344245893,0
3197339664,0
1678452753,0
3197339666,0
3197339667,0
3197339668,0
3197339661,0
3197339662,0
1150003224,0
3197339673,0
2278320154,0
3197339674,0
3197339676,0
1150003237,0
1150003238,0
2278320167,0
1678452780,0
1150003247,0
1678452788,0
1678452789,0
1678452790,0
1678452792,0
1678452793,0
1678452795,0
1678452796,0
1678452797,0
1150003264,0
9690974277,0
3073173576,0
3073173585,0
1556097111,0
1150003289,0
1556097120,0
25503841,0
25503845,0
25503848,0
25503851,0
5473273966,0
5473273967,0
25503856,0
5473273968,0
1990912115,0
4571244660,0
25503860,0
25503862,0
4571244663,0
25503863,0
25503865,0
25503867,0
25503869,0
5342251136,0
25503873,0
1150003329,0
25503876,0
7840712839,0
25503880,0
1990912136,0
25503885,0
419350669,0
5342251151,0
1556097166,0
2129578132,0
2129578133,0
1556097177,0
1150003354,0
2129578142,0
3334162601,0
3808626859,0
3334162604,0
3808626860,0
3808626862,0
3808626865,0
5060405427,0
1758554291,0
5060405429,0
5060405430,0
3808626868,0
3808626869,0
368044217,0
5060405434,0
3808626872,0
3808626871,0
1150003385,0
3808626878,0
806373565,0
5060405441,0
4688513218,0
5060405443,0
5060405444,0
5060405445,0
5060405446,0
419350723,0
4688513221,0
3808626882,0
4688513226,0
4688513227,0
5090420940,0
5090420941,0
4688513230,0
4688513231,0
3808626895,0
3808626896,0
3808626893,0
6272993491,0
1938819284,0
5060405461,0
1938819283,0
4688513237,0
4688513240,0
2254629351,0
4688513242,0
2969438426,0
5060405468,0
4688513244,0
1938819294,0
4688513245,0
3808626912,0
3808626905,0
3808626914,0
3808626913,0
1150003423,0
1938819301,0
1938819302,0
6969936102,0
6969936104,0
6969936106,0
3808626922,0
6969936108,0
6969936109,0
4158122222,0
4158122223,0
6969936110,0
1717643505,0
6969936114,0
5468301555,0
6969936115,0
1938819317,0
6969936116,0
6969936117,0
1938819320,0
1717643512,0
3808626934,0
3808626935,0
3808626940,0
1938819325,0
1938819326,0
3808626941,0
1938819328,0
3808626945,0
1938819330,0
3808626947,0
1938819335,0
3136301320,0
3136301321,0
1717643530,0
5904615691,0
3136301324,0
3136301325,0
5904615694,0
1150003472,0
1717643537,0
3136301328,0
5904615699,0
1150003480,0
5904615708,0
8869464354,0
8869464357,0
8869464362,0
1312188714,0
21686572,0
21686574,0
4076095791,0
1556097326,0
1150003400,0
21686578,0
8869464371,0
1987381555,0
4076095797,0
8043350334,0
8043350335,0
2140432704,0
3808625785,0
1150003532,0
25069911,0
4076095834,0
1150003547,0
1312188768,0
4076095841,0
680069473,0
8814668131,0
8814668133,0
8814668135,0
8814668136,0
8814668137,0
8755808618,0
1150003563,0
8814668138,0
1556097387,0
680069483,0
1150003571,0
8755808627,0
3808627061,0
3808627066,0
372050299,0
25504128,0
25504129,0
5207476609,0
5207476608,0
5207476611,0
5207476613,0
25504134,0
2902624645,0
5207476616,0
5473274242,0
811035012,0
21563788,0
25504143,0
25504144,0
25504145,0
25504146,0
1255369105,0
25504148,0
25504149,0
25504150,0
1255369111,0
3932064154,0
2059790748,0
3932064156,0
250325411,0
2935392676,0
4729448869,0
20965798,0
20965799,0
20965800,0
20965801,0
6446229925,0
1255369125,0
1255369128,0
6446229933,0
1255369135,0
1255369140,0
1255369148,0
1255369152,0
25070019,0
1255369156,0
1255369159,0
10541894095,0
10541894097,0
1312188886,0
8497605078,0
5564410334,0
8497605091,0
8807410149,0
8807410150,0
4085778919,0
4085778920,0
2406484455,0
4085778922,0
8807410154,0
4085778924,0
8807410152,0
8807410158,0
4085778927,0
4085778928,0
4085778929,0
4085778930,0
4085778931,0
4085778933,0
4085778934,0
5269678593,0
1401416203,0
1365887500,0
5116226063,0
1401416208,0
4317178392,0
9673189926,0
1777740337,0
8784177716,0
4402629177,0
4402629178,0
4402629180,0
4534184512,0
4534184514,0
4534184515,0
3474115151,0
9576827482,0
2135411292,0
2135411293,0
5905893980,0
4169714271,0
4169714272,0
4169714270,0
585130362,0
5473274493,0
5473274494,0
5473274501,0
5473274502,0
5473274503,0
5473274506,0
5473274507,0
5269670540,0
5473274508,0
2502519440,0
5473274519,0
5473274525,0
5473274528,0
4922952353,0
3136301730,0
5473274529,0
5473274532,0
3136301731,0
5473274534,0
5473274531,0
5473274533,0
4922952363,0
5473274540,0
4922952365,0
4922952366,0
4922952371,0
4922952372,0
4922952373,0
4922952374,0
25471681,0
10306423498,0
1684835019,0
10306423499,0
10306423508,0
24660697,0
1163954922,0
373402354,0
25471732,0
1684835062,0
1255320311,0
25471740,0
2622212860,0
2622212862,0
529722111,0
4317211389,0
2622212865,0
4089236236,0
2622212878,0
18393873,0
1255320339,0
2622212885,0
2622212887,0
1684835097,0
2622212889,0
9699961628,0
7824747295,0
2622212895,0
2622212897,0
1255320354,0
7824747302,0
5096270631,0
2622212903,0
3107212073,0
7824747306,0
1255320363,0
1255320367,0
4627491632,0
2622212914,0
1163954995,0
8042031930,0
4627491645,0
2622212925,0
2622212927,0
4627491650,0
2622212930,0
6218468163,0
2622212933,0
6218468164,0
2622212937,0
2622212939,0
2622212941,0
2622212942,0
4138224462,0
1684835152,0
4138224463,0
1684835156,0
8042031957,0
5473274710,0
8042031958,0
1163955034,0
109403,0
5473274717,0
6265654111,0
5473274724,0
5473274725,0
4866976614,0
109414,0
109416,0
1046334318,0
24660863,0
21392267,0
27331469,0
1261120402,0
21392279,0
1733389217,0
1261120430,0
10310609841,0
10310609842,0
10310609849,0
1039322041,0
10310609852,0
6446304190,0
1733389249,0
435104712,0
435104715,0
5564754892,0
435104717,0
10310609872,0
435104726,0
10310609879,0
435104728,0
10310609881,0
435104729,0
435104727,0
5565475799,0
10310609885,0
1733389278,0
10310609887,0
10310609894,0
25504753,0
5473274866,0
25504755,0
25504756,0
5473274867,0
3632581622,0
1039322102,0
3081980920,0
3081980922,0
25504763,0
25504770,0
1733389314,0
5473274891,0
5473274896,0
5473274911,0
1733389349,0
1733389353,0
3076574254,0
3076574255,0
6967585840,0
6967585841,0
6967585842,0
6967585843,0
6967585845,0
5503142966,0
5503142969,0
5503142970,0
5473274957,0
5473274959,0
1727515734,0
5473274969,0
5788363874,0
5788363878,0
5788363880,0
5473274990,0
10539068534,0
4861365369,0
4861365370,0
8500636794,0
4861365372,0
5473275004,0
10677374,0
10677375,0
10539068544,0
10677376,0
10677377,0
9700060290,0
9700060292,0
9700060291,0
10539068550,0
4861365383,0
4749094023,0
1271712905,0
4749094026,0
1271712911,0
1271712914,0
10539068564,0
10539068565,0
3061197976,0
1271712920,0
1271712922,0
6995618971,0
7553887392,0
109728,0
6995618977,0
6995618979,0
1271712931,0
1271712934,0
109737,0
10539068590,0
2990664881,0
7553887409,0
1271712946,0
10539068598,0
3932064957,0
1271712957,0
4158000323,0
109766,0
3708234955,0
3708234956,0
3708234957,0
109780,0
3708234964,0
21990614,0
109788,0
1596648669,0
21990620,0
1596648671,0
21990624,0
1596648673,0
21990625,0
21990627,0
728370399,0
1014803686,0
2642857191,0
7553887464,0
377490664,0
1014803691,0
2642857197,0
21990638,0
2642857199,0
2642857203,0
2914561272,0
1014803704,0
2914561274,0
249679102,0
697044225,0
21523714,0
1951616261,0
21523718,0
21523719,0
1951616268,0
25496850,0
25496851,0
1951616276,0
25496854,0
1014803736,0
25496857,0
24661273,0
5470932252,0
5470932256,0
5141228834,0
3068267824,0
3068267825,0
6978563378,0
1951616319,0
249679168,0
1951616322,0
10544409928,0
10544409929,0
10544409930,0
25070924,0
5516594509,0
5046447437,0
25496910,0
10544409948,0
10544409950,0
1268903266,0
10544409954,0
4948602211,0
10544409957,0
10544409958,0
10544409959,0
10544409960,0
10544409961,0
10544409963,0
1793420652,0
316763501,0
1655418222,0
316763500,0
10544409967,0
10544409966,0
10544409964,0
1793420660,0
316763513,0
6525701529,0
6525701530,0
316763548,0
6525701533,0
6525701535,0
6525701539,0
6525701540,0
3375451555,0
4317187494,0
316763559,0
6266867111,0
3375451561,0
6266867113,0
24661419,0
3375451563,0
3375451565,0
6266867114,0
3375451566,0
835390894,0
835390893,0
1547013563,0
429346236,0
429346238,0
429346241,0
429346242,0
429346243,0
429346244,0
1547013574,0
1951190474,0
4166634955,0
429346251,0
4166634957,0
429346253,0
429346254,0
4166634960,0
4512763345,0
4166634962,0
4512763347,0
4166634961,0
1547013589,0
1547013588,0
1547013592,0
1547013604,0
2466442731,0
3170676206,0
249679343,0
3170676207,0
2466442741,0
2466442743,0
9080098298,0
9080098299,0
2334502396,0
249679365,0
9080098310,0
9201323528,0
9080098315,0
9080098316,0
1547013655,0
25071133,0
25071136,0
25071137,0
25071139,0
1547013667,0
25071142,0
25071145,0
1532087855,0
249679407,0
249679418,0
249679420,0
1547013699,0
1547013704,0
1547013705,0
283061836,0
1547013711,0
6218501723,0
6218501724,0
6218501725,0
1547013730,0
6218501730,0
6218501736,0
6218501737,0
1547013738,0
6218501739,0
6218501740,0
6218501742,0
1547013743,0
6218501745,0
6218501746,0
6218501748,0
6218501751,0
1547013754,0
6218501757,0
6978555518,0
6218501759,0
1547013760,0
25161345,0
6978555522,0
25161347,0
25161348,0
25161349,0
25161350,0
2990780039,0
25161352,0
25161353,0
25161351,0
25161346,0
25161356,0
25161357,0
1497452171,0
4344245894,0
25161360,0
25161361,0
25161362,0
25161363,0
9030037139,0
25161365,0
25161367,0
25161368,0
1497452184,0
25161370,0
25161371,0
1569312412,0
25161373,0
110238,0
25161375,0
1731235480,0
1731235489,0
1731235492,0
10579930791,0
10579930792,0
3809744383,0
3972566705,0
3809744384,0
4571238068,0
4571238069,0
3972566710,0
1731235511,0
3972566714,0
472493763,0
2387226309,0
1707790023,0
1707790024,0
1707790026,0
3809744389,0
1707790029,0
1731235534,0
1731235545,0
1707790044,0
4832472797,0
5580861151,0
5580861153,0
6116290274,0
5580861156,0
1731235557,0
1731235558,0
713363180,0
1707790062,0
7223365368,0
25497340,0
7223365372,0
2538458886,0
2538458887,0
2538458888,0
1835355913,0
2538458889,0
2538458893,0
2538458894,0
2538458895,0
2538458897,0
1835355922,0
2538458898,0
2538458899,0
1731235606,0
2538458903,0
2538458904,0
1835355929,0
2538458905,0
1835355931,0
3139677982,0
3906588446,0
1835355936,0
3906588448,0
1835355940,0
3906588452,0
3906588454,0
1835355944,0
1835355946,0
1726730029,0
1835355953,0
1726730033,0
1835355955,0
1835355961,0
1726730043,0
1835355964,0
1835355965,0
1726730049,0
1835355972,0
1835355973,0
25505606,0
4949004105,0
4949004106,0
3809744415,0
3805122394,0
283062108,0
25505629,0
3805122396,0
1726730080,0
9135845216,0
1726730082,0
25505634,0
1835356006,0
1835356013,0
5227220846,0
4305235825,0
25472885,0
4382273402,0
4382273404,0
25505662,0
9030029183,0
250326914,0
9024139143,0
1726730120,0
9024139144,0
1726730123,0
25505685,0
1813794712,0
1813794713,0
7911231384,0
283062189,0
1726730162,0
1726730165,0
1726730167,0
3186593720,0
3186593722,0
6816821186,0
3629223879,0
6816821193,0
3629223881,0
3629223884,0
3629223885,0
24661966,0
692162510,0
692162514,0
3629223890,0
7223709662,0
692162527,0
5046005730,0
7223709667,0
7223709668,0
7223709669,0
5046005731,0
5046005743,0
5046005745,0
25497595,0
250327037,0
692162559,0
3809744451,0
25497603,0
25497611,0
3809744453,0
25497619,0
3136311316,0
24662037,0
3136311315,0
595709975,0
5046005789,0
5046005790,0
1726730272,0
3197333544,0
1726730281,0
8784212017,0
5342236721,0
5342236723,0
1726730292,0
5342236724,0
1726730295,0
5342236728,0
3197333559,0
3629223994,0
3629223995,0
250327100,0
5342236733,0
6446256190,0
1726730303,0
5342236734,0
3629223996,0
1726730307,0
5342236740,0
5342236739,0
4729385030,0
5342236743,0
5342236744,0
4729385031,0
2398924877,0
1326821457,0
2398924886,0
1726730326,0
18468951,0
1726730329,0
18468958,0
2398924896,0
18468961,0
2398924898,0
18468962,0
6369390690,0
6369390692,0
6369390696,0
6369390700,0
8031801454,0
1726730354,0
250327159,0
1719529597,0
2934288510,0
1719529599,0
2934288512,0
21565570,0
2961540,0
2934288518,0
2961549,0
2934288530,0
2961557,0
18395287,0
18395288,0
7817162919,0
5177397419,0
2929119403,0
2929119405,0
25473199,0
25473200,0
4619022513,0
25473202,0
4619022514,0
25473204,0
25473205,0
25473207,0
1233350847,0
1326821568,0
1326821569,0
1233350848,0
1039290561,0
748941508,0
1039290567,0
6828863694,0
1233350862,0
6828863697,0
5174825175,0
5106520280,0
5009060057,0
5174825176,0
5174825178,0
5174825180,0
5174825181,0
5174825183,0
8210567392,0
1039290594,0
8210567395,0
8210567396,0
9080123621,0
1233350889,0
8210567401,0
8210567402,0
748941552,0
8675201264,0
748941556,0
25497845,0
748941560,0
1939558651,0
3894948091,0
3894948093,0
10309153022,0
10309153023,0
1939558655,0
10309153025,0
3894948098,0
10309153027,0
5141876996,0
748941573,0
1939558661,0
5141876999,0
1939558663,0
748941577,0
18469130,0
2387194123,0
18469132,0
1939558666,0
1939558667,0
2387194127,0
25497872,0
2387194128,0
1939558672,0
2387194131,0
2387194133,0
1939558681,0
2528522522,0
1939558684,0
10309472541,0
10309472542,0
10309472543,0
10309472544,0
1939558687,0
10309472547,0
10309472548,0
2387194149,0
2387194150,0
10309472553,0
1939558697,0
2387194156,0
1939558700,0
2622222657,0
5223919938,0
2622222658,0
2622222659,0
2622222668,0
4195103055,0
4195103059,0
5839163740,0
25497968,0
5573931377,0
25497970,0
5573931376,0
5573931380,0
5573931381,0
5573931384,0
25497978,0
25497979,0
6828921212,0
25497981,0
1782714747,0
25497985,0
473264514,0
9690878337,0
4075008388,0
25497990,0
25248127,0
10572178,0
10572179,0
10572180,0
2934411667,0
1312264600,0
4085600696,0
4085600698,0
5340811707,0
747893184,0
32838084,0
5340811717,0
5340811719,0
5340811720,0
5839155672,0
864817628,0
4807512540,0
4807512541,0
2961891,0
1678283242,0
1678283247,0
28193265,0
747893264,0
7553479208,0
7553479212,0
4422013486,0
5340811825,0
5177397822,0
5177397823,0
5177397824,0
5177397825,0
5177397826,0
1042862659,0
5177397828,0
256766533,0
256766532,0
3272782406,0
256766536,0
256766537,0
10539856459,0
1493676622,0
256766545,0
5335233113,0
5335233115,0
3272782431,0
3272782432,0
2218340965,0
4369519206,0
250327660,0
5904585328,0
5242049139,0
4369519219,0
5049840244,0
4369519227,0
1042862718,0
251892353,0
6458938003,0
1271804564,0
6458938007,0
6458938008,0
3850146457,0
6458938011,0
4369519260,0
6458938017,0
18395811,0
4085387943,0
4085387945,0
6463230640,0
1418752689,0
2496836291,0
1401459399,0
1401459400,0
8785457865,0
8785457866,0
8785457867,0
1401459403,0
8785457870,0
8785457871,0
2496836303,0
3892081373,0
3892081377,0
3892081378,0
5146186468,0
5146186470,0
3892081382,0
3892081384,0
5146186489,0
1649365762,0
1649365764,0
2612458244,0
5146186503,0
5146186504,0
5146186505,0
5146186507,0
1649365780,0
7906964248,0
7906964249,0
1649365789,0
1014649631,0
2480657186,0
1401893666,0
2480657188,0
1649365797,0
2480657190,0
1401926435,0
4643337000,0
473264937,0
1649365800,0
1401893675,0
251892523,0
4866552622,0
4866552623,0
4866552625,0
1649365810,0
4534858546,0
4643337012,0
4534858548,0
4136137525,0
4136137527,0
1649365816,0
6032044857,0
4136137529,0
4136137530,0
1649365820,0
3682538298,0
6032044865,0
1777742666,0
6032044874,0
3100169049,0
5146186589,0
5146186590,0
5146186591,0
3381130090,0
3381130092,0
6014333809,0
367121266,0
27480956,0
27480957,0
27480958,0
2566132610,0
2566132611,0
3145798533,0
4223357836,0
4223357841,0
1311962012,0
1311962016,0
4240028578,0
4240028580,0
3385332654,0
3093894066,0
4643337143,0
673420216,0
4643337146,0
3830043581,0
3637449663,0
27481039,0
27481040,0
27481041,0
27481044,0
25474005,0
1360122841,0
710521820,0
25474015,0
1311962080,0
5067002851,0
25474019,0
5067002855,0
7815533545,0
7815533546,0
1360122860,0
5067002862,0
6600283121,0
1360122866,0
5067002867,0
4726152857,0
4726152858,0
1360122880,0
5067002882,0
1311962122,0
251892754,0
24949780,0
24949783,0
250549282,0
1360122917,0
5641663538,0
5641663539,0
1360122937,0
1719661631,0
1155552319,0
1155552322,0
4150883407,0
4150883409,0
3141817429,0
1816777816,0
1816777820,0
1233327202,0
250549348,0
20460680,0
20460681,0
20460686,0
20460687,0
1816777873,0
20460690,0
20460691,0
1816777874,0
20460696,0
20460697,0
7607080091,0
6506796188,0
7607080092,0
419632307,0
1938953406,0
473265346,0
1938953413,0
4089885900,0
4089885902,0
4089885905,0
4089885906,0
251892950,0
1938953431,0
347542743,0
1938953433,0
347542742,0
1938953437,0
6978557152,0
1832129762,0
4552504560,0
4552504562,0
4298970364,0
4298970368,0
4298970372,0
1832129796,0
4298970376,0
1832129800,0
4298970380,0
5334381837,0
4298970384,0
1832129809,0
4298970388,0
1832129815,0
24950050,0
338474279,0
24950061,0
1832129838,0
24950064,0
24950065,0
5342229818,0
1366095187,0
1366095189,0
24950102,0
24950101,0
24950104,0
24950105,0
24950107,0
24950109,0
24950110,0
24950111,0
24950112,0
24950113,0
24950114,0
24950115,0
5565486434,0
24950117,0
5565486432,0
3988141441,0
3988141442,0
4158223748,0
3763565957,0
3550836102,0
3763565959,0
3550836104,0
3763565961,0
2990806410,0
2990806411,0
3763565962,0
1678226827,0
249558409,0
2990806415,0
6871422360,0
6871422361,0
1678226846,0
748885408,0
2665239972,0
1832129958,0
1312454055,0
1832129960,0
250549670,0
2665239978,0
1832129962,0
1779881392,0
1689605567,0
1312454086,0
1312454087,0
1312454094,0
28418497,0
25499093,0
4627445215,0
422573549,0
6239229422,0
6239229423,0
9236477422,0
317380078,0
4627445239,0
4627445240,0
4627445241,0
3809744380,0
3809744381,0
956233215,0
956233216,0
3809744385,0
3809744386,0
3809744387,0
4627445252,0
4627445253,0
4627445254,0
3809744390,0
3809744392,0
4627445257,0
950703626,0
30078473,0
4627445260,0
4627445261,0
5905896973,0
3809744395,0
3809744398,0
3809744396,0
3809744400,0
3809744403,0
3809744404,0
3809744401,0
3809744406,0
3809744409,0
8807429659,0
8807429660,0
8807429661,0
8807429662,0
8807429663,0
3809744412,0
3215685153,0
3809744417,0
3809744419,0
2003007012,0
585201189,0
3809744414,0
3809744423,0
3809744416,0
3809744418,0
3809744421,0
3809744426,0
473265708,0
3809744430,0
3809744431,0
3809744432,0
3809744433,0
3809744434,0
9683686963,0
3809744436,0
3809744439,0
3809744443,0
3809744444,0
3809744446,0
3805378111,0
3805378112,0
3629217345,0
3629217346,0
3629217347,0
3629217348,0
3805378117,0
1828402758,0
3805378119,0
1828402760,0
3805378120,0
3805378122,0
1828402763,0
250549835,0
3805378123,0
3805378121,0
3805378124,0
1828402774,0
1678227031,0
775984737,0
775984738,0
473265762,0
473257581,0
4696544883,0
4962956931,0
1238259337,0
28800660,0
28800663,0
28800664,0
3894948099,0
28800667,0
28800668,0
3894948100,0
28800671,0
28800672,0
1951372959,0
6110164647,0
6110164649,0
9030284973,0
3809744558,0
9030284975,0
9030284977,0
3809744565,0
277337783,0
9030284983,0
7613626042,0
1255487162,0
7613626044,0
7613626045,0
7613626046,0
7613626047,0
3809744571,0
3809744572,0
7613626050,0
3257317059,0
1255487171,0
1255487174,0
3809744583,0
1255487176,0
1255487177,0
3809744584,0
7613626059,0
7613626060,0
3114645200,0
3114645201,0
7613626066,0
1255487187,0
7613626070,0
367105757,0
6166157035,0
1990694638,0
9805100783,0
4166219502,0
4329502449,0
1547392771,0
4379801357,0
670103313,0
670103314,0
1664571164,0
4086232866,0
4086232870,0
4086232871,0
2140124982,0
2140124983,0
4866651961,0
4866651969,0
2140124996,0
5905897286,0
700774224,0
5141354330,0
1664571227,0
5141354331,0
1664571229,0
1547392865,0
1664571236,0
4297054053,0
8869435257,0
2203268985,0
104318,0
104319,0
104321,0
104322,0
8869435267,0
8869435268,0
8869435266,0
104323,0
5977954180,0
8869435272,0
8869435273,0
5114681227,0
5114681230,0
1837610895,0
1837610896,0
8869435281,0
252729234,0
3999987604,0
8869435286,0
8869435287,0
8869435288,0
269547420,0
1547392927,0
3068270504,0
25532332,0
5905807278,0
5905807279,0
3068270516,0
249558964,0
3068270518,0
249558966,0
471488469,0
2454091736,0
25532377,0
471488472,0
249559005,0
25532384,0
6696695781,0
25475053,0
471488499,0
4715263991,0
4715263992,0
4715263993,0
4715263995,0
8604055549,0
8604055550,0
4715263998,0
25475072,0
4841764865,0
4462680066,0
4715264001,0
4462680068,0
672061444,0
4462680070,0
4715264006,0
4715264007,0
4715264002,0
4715264004,0
4462680076,0
4462680078,0
6014302222,0
6014302224,0
6014302225,0
4462680082,0
25532464,0
2990716984,0
2990716985,0
2990716986,0
1390303296,0
1736685635,0
25524297,0
2990717001,0
25532494,0
2870261844,0
4379801694,0
1211381855,0
1141487712,0
4379801706,0
1141487723,0
1816705135,0
1736685679,0
4696545406,0
25532542,0
1816705152,0
1141487746,0
707377287,0
7911282826,0
9611081868,0
5257738381,0
5257738380,0
5257738382,0
1816705168,0
5257738384,0
5257738386,0
3528710291,0
5257738387,0
5257738388,0
5257738383,0
1816705175,0
819132568,0
1816705177,0
5257738385,0
1816705180,0
4298971293,0
1816705183,0
1312471202,0
1816705193,0
8868010160,0
8868010162,0
3656358067,0
1312471234,0
1816705227,0
672061646,0
1536948431,0
3809870272,0
1816705235,0
3809870273,0
1816705242,0
3153656028,0
1816705246,0
3153656030,0
1816705250,0
1312471267,0
707377382,0
9683400934,0
3809870277,0
9683400938,0
6294214897,0
6294214898,0
1321466104,0
3809870281,0
25475328,0
1563638022,0
1536948492,0
3139705124,0
5839165751,0
5816744255,0
473258313,0
796809545,0
3794876751,0
4297242961,0
25475417,0
25475419,0
473266524,0
4297242983,0
1684781421,0
1684781436,0
20625793,0
1145174402,0
20625800,0
1145174413,0
1145174417,0
1145174418,0
3014236566,0
3014236567,0
3014236569,0
3014236570,0
1684781470,0
2528483742,0
1145174435,0
1145174437,0
1684781486,0
4142725554,0
4142725557,0
4142725558,0
1777727945,0
1777727947,0
1777727949,0
1777727950,0
1777727958,0
1777727960,0
1777727961,0
1777727962,0
25475550,0
1145174501,0
25475561,0
1145174508,0
5565487612,0
8785484288,0
2990651905,0
2990651904,0
2990651906,0
1816959492,0
2990651908,0
2990651910,0
2990651907,0
2990651909,0
2990651912,0
2990651914,0
2990651911,0
6978443788,0
338319877,0
2990651918,0
2990651920,0
2990651921,0
906172949,0
10607127,0
10607128,0
1493613087,0
4085783099,0
3632577084,0
1668135486,0
4085783103,0
4085783105,0
4085783106,0
4085783107,0
1668135492,0
1668135493,0
25475661,0
5238528591,0
3696548432,0
25475664,0
4297243218,0
25475663,0
3696548437,0
25500246,0
3696548438,0
3696548440,0
25475674,0
25475678,0
1951242857,0
25475692,0
25475693,0
25475694,0
2197518969,0
25475712,0
25473279,0
2987752071,0
2987752073,0
2987752074,0
2987752075,0
25473281,0
4297243292,0
4297243295,0
4297243298,0
4297243301,0
25475752,0
25475754,0
4297243306,0
25475770,0
1137777343,0
9694091976,0
9694091978,0
9694091983,0
10311178960,0
10311178961,0
9694091984,0
10311178964,0
10311178967,0
10311178970,0
10311178978,0
5471345385,0
10311178985,0
4175059691,0
10311178991,0
1233353464,0
3805378113,0
1233353467,0
3805378114,0
3805378116,0
25500427,0
10309458701,0
5141625621,0
5141625623,0
5141625625,0
27458331,0
5141625629,0
5141625630,0
5141625635,0
5141625637,0
8429812517,0
8975833905,0
27458353,0
5141625653,0
5141625654,0
355416887,0
8975833911,0
5141625655,0
355416892,0
475396924,0
475396929,0
6779394887,0
473258826,0
355416911,0
5141625681,0
355416920,0
355416921,0
25066333,0
5141625696,0
25066337,0
25066338,0
5141625699,0
10004388708,0
5141625698,0
10004388710,0
4382350190,0
25500535,0
28728187,0
20626301,0
1237883773,0
3930921860,0
28728205,0
28728208,0
28728210,0
4948630427,0
4948630428,0
1233353631,0
1233353640,0
24951721,0
1233353642,0
25066412,0
3673602988,0
288193455,0
7947041713,0
25066419,0
4511972301,0
4511972302,0
25066457,0
308837357,0
2012969972,0
10607629,0
1719663634,0
7236131862,0
3735886876,0
3735886877,0
25476134,0
24951853,0
24951854,0
7179983946,0
7179983947,0
8755805288,0
1718328435,0
8755805305,0
1718328442,0
8755805306,0
473267328,0
8755805313,0
8515091587,0
8515091588,0
8515091590,0
8515091591,0
5009054881,0
4867087524,0
4158004390,0
25066666,0
4867087532,0
5009054894,0
4867087535,0
835390887,0
5009054898,0
244128951,0
25066684,0
25066687,0
5353127105,0
748797126,0
25066694,0
1684511955,0
748797145,0
302013659,0
302013662,0
302013666,0
748797155,0
302013668,0
302013672,0
302013674,0
302013676,0
302013678,0
302013682,0
302013683,0
302013685,0
302013688,0
302013708,0
1787108626,0
4155841811,0
4155841810,0
2118622487,0
2118622488,0
4155841816,0
4155841818,0
4155841820,0
25066784,0
4155841827,0
1787108647,0
1787108648,0
1787108649,0
1787108650,0
4316822830,0
5094718794,0
5094718798,0
875789647,0
302013776,0
302013777,0
1601797458,0
1271774552,0
7911267685,0
7911267686,0
2935373159,0
7911267688,0
2935373161,0
7946378606,0
3739049327,0
8807431536,0
7946378609,0
7946378610,0
8807431534,0
8807431541,0
8807431546,0
1852996996,0
1678245252,0
8807431559,0
8807431560,0
3739049356,0
5947858320,0
5947858321,0
690295042,0
7900888467,0
9804471701,0
9804471702,0
3739049366,0
3739049365,0
2872704413,0
2872704414,0
3215687074,0
3739049382,0
3739049383,0
690295047,0
2528484782,0
2560785849,0
4511948225,0
24952268,0
2374491605,0
9135848928,0
5141216742,0
5141216745,0
5141216746,0
1913216493,0
4316823023,0
2935373301,0
6431923714,0
6431923715,0
5933145606,0
8620105223,0
3168378376,0
5141216782,0
5141216785,0
5141216787,0
5141216790,0
5141216792,0
5095890460,0
9693920797,0
9693920796,0
9693920800,0
3471375905,0
4777885221,0
5040168489,0
3528711722,0
5040168491,0
27459116,0
3471375913,0
8620105262,0
4920098350,0
5040168496,0
27459120,0
1813618228,0
1813618229,0
1678155318,0
10539712057,0
10539712058,0
7817166393,0
25067068,0
7817166397,0
2755124807,0
7817166407,0
2755124815,0
6446292562,0
6446292564,0
6446292570,0
6446292571,0
6446292572,0
3830029915,0
1569300062,0
27459165,0
3704225378,0
5976850019,0
5976850023,0
5976850024,0
1813618288,0
7610670710,0
27459198,0
5609643647,0
1813618304,0
3328228994,0
5609643652,0
5609643653,0
5609643656,0
5609643658,0
4726152844,0
4530011788,0
5609643662,0
4726152850,0
5733998227,0
5733998228,0
4726152852,0
4726152853,0
25509527,0
5609643672,0
5609643673,0
5609643674,0
5609643675,0
5609643676,0
25509533,0
25509534,0
7610670751,0
7610670752,0
4726152859,0
5609643682,0
4726152860,0
5609643685,0
5609643686,0
5609643687,0
6446218920,0
7610670769,0
7610670771,0
1813618358,0
4529839800,0
1813618365,0
1214922433,0
1813618376,0
5198585557,0
5198585558,0
5198585559,0
5198585560,0
1813618393,0
5198585561,0
5198585562,0
7644741343,0
7644741345,0
7644741346,0
473259748,0
7644741348,0
4034060007,0
6218501758,0
6948380395,0
4034060015,0
6948380400,0
4034060017,0
4034060018,0
6948380401,0
1813618424,0
1813618426,0
6218501761,0
1813618429,0
1813618431,0
1813618432,0
25067265,0
25067266,0
25067264,0
1722621701,0
742399752,0
1722621711,0
3987750677,0
1722621718,0
6137798425,0
1813618461,0
1813618463,0
3987750688,0
1813618465,0
4085767970,0
25067298,0
8064065315,0
8064065316,0
4085767974,0
3987750692,0
9216868136,0
25067305,0
7610670890,0
4085767979,0
7610670892,0
9216868137,0
9216868141,0
4085767983,0
9216868143,0
9216868145,0
8064065323,0
8064065324,0
1813618484,0
4085767989,0
25067324,0
1813618493,0
30056255,0
7610670912,0
7610670913,0
21307200,0
1561411396,0
7610670919,0
7610670920,0
4629462859,0
30056277,0
30056280,0
1046306670,0
4530339698,0
4530339699,0
30056310,0
8438226815,0
6369361794,0
25067397,0
25067398,0
25067400,0
30056330,0
1547657099,0
2402557839,0
1547657104,0
968499092,0
27459971,0
5574049698,0
5574049700,0
25632678,0
5574049702,0
5574049703,0
5574049707,0
5574049709,0
1547657140,0
5174828980,0
5574049717,0
5574049718,0
1813618616,0
5574049719,0
4370333637,0
25067461,0
25067463,0
25067473,0
4370333651,0
4370333652,0
4370333653,0
25067479,0
4370333657,0
1237876703,0
1237876710,0
25477106,0
3637436403,0
3637436404,0
104320,1
1215563904,1
373364228,1
1401870341,1
1649365894,1
1401870340,1
1726730375,1
3229825163,1
5475684621,1
6369329166,1
3229825166,1
8868824851,1
8868824852,1
3229825173,1
5475684758,1
8868824855,1
8868824856,1
8868824857,1
5475684763,1
107681,1
20965794,1
20965797,1
107687,1
18397096,1
20965803,1
5353114285,1
1163955119,1
269549104,1
269549105,1
5475675316,1
1163955128,1
1163955130,1
5475684676,1
5475684680,1
10263444809,1
5475684684,1
441958994,1
1163955037,1
21693793,1
21693795,1
5475684848,1
1649365878,1
1215563895,1
1771426174,1
585124778,2
1951242858,2
107614,2
1864047135,2
21583366,3
4017328647,3
8785484298,3
350377994,3
8785484299,3
350377999,3
8785484306,3
2343269909,3
4689775126,3
8785484312,3
8785484313,3
2293833763,3
25496100,3
25495589,3
6863550501,3
10241310755,3
25496617,3
470727722,3
1419565097,3
25496622,3
25496623,3
4689775161,3
4275398714,3
4275398716,3
1148276284,3
4275398720,3
4275398721,3
4275398723,3
5006063174,3
9949142599,3
5006063176,3
21563463,3
5006063180,3
21563479,3
269550681,3
21563481,3
4658088539,3
269550684,3
26374237,3
26374236,3
470727775,3
21563489,3
5736692333,3
25475182,3
5736692334,3
21563504,3
21563503,3
21563507,3
21563508,3
2294047355,3
2294047375,3
4156336278,3
25509526,3
350437528,3
7271474841,3
7271474843,3
6769325725,3
7271474850,3
7271474852,3
8785567909,3
107692,3
107693,3
4691514032,3
4691514035,3
3972566713,3
4530270906,3
3972566715,3
3972566716,3
269550783,3
269550786,3
1617596621,3
4275394254,3
4275394255,3
1617596626,3
1617596627,3
21578454,3
4822267094,3
21578456,3
21578457,3
1020211942,3
1617596646,3
1707790055,3
1707790057,3
4691460850,3
4691460851,3
1707790067,3
269550330,3
269550331,3
269550332,3
269550333,3
1707790074,3
1617596669,3
1707790076,3
25475330,3
25475331,3
25475332,3
25495822,3
1707790096,3
1617596693,3
1707790105,3
25495838,3
1617596711,3
1617596714,3
25495852,3
7223668012,3
25495854,3
269550896,3
25495857,3
269550898,3
25472324,3
4650375494,3
1617647944,3
1617647945,3
762080077,3
4650375504,3
25378129,3
4650375505,3
7223704403,3
7223704404,3
237908,3
4650375508,3
25498458,3
323262310,3
762080105,3
6828921210,3
6828921211,3
1955520890,3
762080145,3
21392273,3
2586616722,3
21392276,3
5374174119,3
33141178,3
762080190,3
8373690819,3
5880186827,3
5880186829,3
5880186830,3
5880186833,3
269589467,3
7223695325,3
7223695326,3
8785568222,3
8785568223,3
321255907,3
759123955,3
1832227873,4
343669793,4
343669796,4
343669798,4
25496624,4
5976672308,4
1832227893,4
25495617,4
25495618,4
25495639,4
25495640,4
25495646,4
25495648,4
6724775012,4
6724775018,4
1832248428,4
1832248430,4
1832227968,4
1832227972,4
338472586,4
338472589,4
25495697,4
25495698,4
6279388821,4
6279388822,4
6279388824,4
2458257563,4
1832227996,4
1364161197,4
5265953455,4
1832228016,4
5265953457,4
5265953459,4
1834657466,4
1834657469,4
1832228035,4
1832228039,4
323260106,4
1953202903,4
25495769,4
25496800,4
350437608,4
1832228080,4
1832228083,4
2458303223,4
1832129783,4
25496825,4
25495807,4
1832228100,4
25495819,4
25495820,4
1832129807,4
1832228112,4
1832228115,4
1832228120,4
1707790107,4
1832129821,4
8975700260,4
1832052008,4
1832129835,4
1832228144,4
1832052016,4
25495858,4
1816038199,4
1832228159,4
1816038214,4
1832129869,4
1832129873,4
1832129878,4
1816038230,4
1832129881,4
1832129884,4
1832129888,4
108389,4
108391,4
1832129917,4
5060391821,4
5014591889,4
5014591895,4
1832129947,4
1832129951,4
10543800252,4
350628799,4
350628804,4
8645592520,4
8645592521,4
1364172237,4
1832240590,4
1832240598,4
6354294763,4
1364168178,4
1364168180,4
321255925,4
25495542,4
5060391418,4
6354294779,4
2836220819,5
7447565847,5
25634199,5
7447565849,5
25471263,5
25499808,5
25471274,5
25632684,5
7447637305,5
25471289,5
7447637306,5
1309180608,5
390073160,5
5973397966,5
2755124947,5
2755124949,5
3586606038,5
3586606039,5
3586606040,5
5306194265,5
25632854,5
2036181339,5
3691462888,5
25471090,5
108409,5
20626290,6
2278320131,6
108838,6
108842,7
2141364732,7
2141364708,7
108845,8
5124166975,8
1777728708,9
108871,9
20626317,9
20626318,9
4866475733,9
3796774902,9
4866475736,9
5124166971,9
5124166973,9
18395806,9
25496773,10
108903,10
25496777,10
245200970,10
7279228683,10
317930380,10
4211515569,10
663363473,10
8972511964,10
109408,11
894485202,11
470727954,11
1236791504,11
20626311,12
20626312,12
3796814729,12
20626315,12
20626316,12
7572522510,12
7572522511,12
7572522512,12
7572522513,12
7572522523,12
6509584413,12
109734,12
7572833323,12
7572522540,12
2012970414,12
1536948536,12
7572522556,12
2504847039,12
4866475729,12
4866475730,12
4866475734,12
4866475738,12
1852996954,12
1536948578,12
109411,12
109412,12
2504822135,12
1536948474,12
1536948477,12
18468953,13
9514602150,13
9514602151,13
9514602152,13
9514602153,13
5047029672,13
4922952364,13
4922952370,13
109785,13
595709482,14
109935,14
435104742,15
1723340842,15
1723340785,15
25472789,15
110141,15
4823246342,16
8869472263,16
4823246344,16
10577984012,16
250327591,16
1343823416,16
1343823418,16
110143,16
250327618,16
2923703875,16
1150003270,16
18398282,16
2168949324,16
2168949325,16
5992797788,16
1757440607,16
5609643623,16
1493658224,16
250550400,16
20460684,16
1150003340,16
5609643663,16
3320754320,16
5609643665,16
3320754322,16
5609643664,16
5609643670,16
3247825561,16
3247825562,16
28800670,16
3247824558,16
250550447,16
3741117629,16
1684835016,16
4807521484,16
1309067471,16
1309067472,16
21990630,16
632438506,16
1685281003,16
1685281006,16
1685281010,16
1685281011,16
1685281013,16
2940401398,16
1493662967,16
1685281017,16
1685281020,16
1685281021,16
1685281025,16
1685281029,16
1685281031,16
250550024,16
250550023,16
1685281032,16
1685281035,16
973101839,16
1685281041,16
1685281044,16
1685281045,16
1685281046,16
1141415192,16
1685281053,16
25472800,16
1685281056,16
1685281058,16
1141415202,16
1685281061,16
250550053,16
1685281063,16
1685281064,16
1141415215,16
1150003503,16
4401149234,16
1686463794,16
1685281075,16
1685281076,16
1685281077,16
1685281079,16
1141415220,16
5565443390,16
1685281087,16
8869464390,16
1150003530,16
8869464398,16
1685281104,16
3741131600,16
3741131606,16
3741131607,16
3741131608,16
8869464407,16
7636244314,16
1685281123,16
149451620,16
149451622,16
2990721387,16
2990721390,16
2990721391,16
3739049344,16
1939632514,16
1939632519,16
5041945479,16
5041945480,16
3870640530,16
25498004,16
1685281175,16
1723315608,16
25498010,16
1686463389,16
25498015,16
1686463392,16
5938625442,16
149431715,16
1686463397,16
1684835241,16
7636278191,16
1954751920,16
7636278193,16
7636278195,16
7636278196,16
7636278198,16
7636278199,16
7636278200,16
7636278201,16
8898783674,16
1686463428,16
8898783685,16
1312335310,16
5238500306,16
5238500308,16
5238500312,16
5238500313,16
5006781409,16
873809385,16
1685281260,16
1169109485,16
8869472239,16
8869472242,16
6866779798,17
6866779799,17
6866779802,17
4530012699,17
6866779804,17
4530012700,17
4530012702,17
6866779806,17
4530012703,17
6866779809,17
6866779810,17
6866779817,17
6866779818,17
2632761651,17
282708,17
4316306161,17
4316306163,17
4316306164,17
1761598585,17
25438595,18
25438732,18
25438638,18
282719,18
1832665997,19
1832666001,19
1958800795,19
8972441125,19
8972441126,19
25496748,19
25496750,19
1816038195,19
1816038215,19
5265830862,19
25496785,19
8972511962,19
8972511963,19
438170475,19
8972441579,19
21583342,19
25496815,19
10572785,19
7279239795,19
8785568224,20
8785567914,20
8972441580,20
10572786,20
1985084095,20
435104736,21
25471135,21
1309180610,21
2755124962,21
435104738,21
1309180612,21
7792756412,21
1723389067,21
435104732,21
10607132,21
7792756414,21
435104735,21
20458277,22
250549587,22
4618510643,22
1312188692,22
4618510644,22
6918421504,23
6918421508,23
6918421509,23
4777897926,23
6918421511,23
3616299208,23
6918421512,23
20626282,23
1556097098,23
6918421513,23
1951372909,23
10306429333,23
1556097431,23
8675201272,23
1556097306,23
1556097245,23
1951372927,23
20626304,24
2941549929,24
2941549928,24
3519324894,24
5124166978,25
20626307,25
7572833352,26
7572833353,26
20626314,26
1832129794,27
1832129785,27
25496847,27
1832129776,27
1832129778,27
4077495826,27
21685497,27
1684437690,27
1684437692,27
1832129789,27
21693787,28
25500239,28
25477858,29
2496836262,29
4556931604,29
3661703766,29
819157975,29
819157946,29
21990622,29
1718566880,30
5042033632,30
21990628,30
21990629,30
1718566886,30
21990631,30
21990632,30
8869464392,30
5042033643,30
8869464378,30
5565443389,30
10544113920,31
10544113922,31
24952195,31
10544113923,31
3887940999,31
2528522518,31
6867581464,31
6867581465,31
2528522524,31
694824861,31
2528483741,31
2528522528,31
2528522530,31
6985465124,31
6985465127,31
6985465130,31
6985465133,31
2528522542,31
2528484781,31
2528522547,31
2528522549,31
6886012733,31
2038033986,31
1556324684,31
3385387604,31
3385387606,31
3385387607,31
3385356250,31
4117882857,31
25532273,31
1689387896,31
1689387903,31
1718390753,32
1717650794,32
25066451,32
25066453,32
25161369,32
2036185421,33
25472215,33
4675821921,34
25472545,34
3328228993,34
4675821944,34
762080069,34
4675821925,34
4675821924,34
4665353643,34
4665353644,34
4675821932,34
4675821931,34
762080111,34
1617596591,34
1617596593,34
25473048,34
25472379,34
1617532092,34
1617596606,34
10196915587,35
10196915588,35
10196915589,35
32921737,35
32921738,35
10196915593,35
4675822093,35
4675822094,35
4675822095,35
4675821968,35
4675822097,35
761831057,35
4675822099,35
4675822100,35
270110481,35
270109325,35
751837591,35
1617647896,35
270109326,35
1617647900,35
1617647901,35
270112540,35
270112539,35
270109327,35
751837736,35
25472428,35
1401849779,35
751837622,35
270109370,35
1617647931,35
1617647934,35
1419544126,35
270110143,35
270110142,35
4665352260,35
4665352261,35
4665352262,35
761830981,35
4665352264,35
2134066506,35
761830987,35
9566848716,35
761830989,35
1419544142,35
26374230,35
26374231,35
761831000,35
26374232,35
751837654,35
761831004,35
761831007,35
4781199354,35
270110053,35
270110054,35
321255911,35
321255910,35
4781199338,35
761831019,35
761831023,35
751837551,35
6483733489,35
4781199345,35
4781199346,35
4781199348,35
6483733493,35
1419603573,35
4781199350,35
4781199352,35
25472890,35
4781199355,35
761831037,35
2341656968,36
4697287177,36
4697287178,36
3265436691,36
4697287188,36
4696568110,36
1617532091,36
4665353660,36
8620105277,36
4665353662,36
8620105279,36
4697288390,36
4085747017,36
367102039,36
4166662874,36
4166662878,36
3265436260,36
4175081594,36
25473004,36
4174200048,36
4696544885,36
4696545399,36
4175081593,36
4696545402,36
4696545403,36
3911044734,36
5711517570,37
5711517571,37
4703559689,37
25497997,37
5479654172,37
1723388957,37
5479654175,37
1723388960,37
5479654177,37
2331184930,37
2331184932,37
25498021,37
2331184935,37
25632680,37
1723388970,37
9820538027,37
25632683,37
1723388974,37
1723388976,37
1723388979,37
1723388981,37
1723388986,37
7792756539,37
1723388988,37
7792756538,37
7792756540,37
7792756543,37
5006916678,37
446765895,37
446765900,37
5479655630,37
5479655634,37
4703542485,37
4703542486,37
25499095,37
390073175,37
6525670236,37
6525670237,37
2135411294,37
2135389151,37
2135411296,37
2135411297,37
6525670242,37
5479655652,37
25475688,37
25475690,37
25475691,37
5479655662,37
1723388925,37
6374802559,37
8632535522,38
1312188614,38
306439304,38
2545230474,38
8632535532,38
306439310,38
8632535535,38
25477149,38
25477150,38
3741078112,39
25477154,39
1312319838,39
306439338,39
306439329,40
25477156,40
1985084135,41
1985084137,41
25496781,41
25496783,41
25496787,41
25496788,41
9690974273,42
9690974274,42
4920098344,42
4920098349,42
25496920,42
25497986,43
6374802555,43
25498016,44
6569580040,44
2531863977,44
2531863978,44
3247578847,44
6374804385,45
25498018,45
3725817386,45
6374802579,45
6374802582,45
6374802583,45
7792756672,46
7792756674,46
7792756676,46
7792756680,46
7792756713,46
25498026,46
5711517569,47
5711517565,47
25499655,47
25505679,48
9988193967,48
25505607,48
6606135968,49
25509513,49
9197589233,49
9197589238,49
316763584,50
25632865,50
316763586,50
25632864,50
5046627553,50
316763589,50
316763590,50
316763595,50
316763600,50
1215563891,50
5046627638,50
25632855,50
25632862,50
5046627642,50
25632859,50
5046627645,50
316763614,50
27480960,51
9678821156,51
1736734053,51
299519067,51
1238249900,51
1238249901,51
1238249904,51
7900221108,51
249560091,51
7900221087,51
1401908258,52
1401908260,52
250550183,52
28800661,52
28800662,52
250550174,52
32921724,53
761830999,53
761830991,53
32921728,54
32921729,54
32921731,54
4697525030,54
4697525032,54
1401849768,54
26374229,54
32921748,55
32921743,55
354886099,56
213668839,56
250327576,57
2642878644,57
250549699,57
250549700,57
255700677,57
213672005,57
250327619,57
250327624,57
213670986,57
8868010202,57
8868010204,57
1685276643,57
8868010217,57
213668842,57
2642612586,57
213668844,57
8868010221,57
2642612585,57
250327547,57
249467025,58
806373533,58
10676799,58
1686463489,59
1686463523,59
3739049325,59
1686463503,59
1686463471,59
1686463505,59
1686463476,59
1686463510,59
390073208,59
7882485394,60
10308697502,60
469785734,60
473262660,61
473262822,61
4922952361,62
1046306167,62
1046307276,63
4922952367,63
1150003141,64
5609643622,64
1150003479,64
1255487172,65
1255491496,65
1255369133,65
4511972303,65
4511972304,65
1255491504,65
1255491506,65
1587318992,65
1587318999,65
1255487160,65
1255487166,65
1722268388,66
3093897990,66
4749090120,66
2387232554,66
2387232559,66
1722268367,66
5565455858,66
1280491924,66
1280491926,66
1722268381,66
3741117630,66
2402557599,66
1617532088,67
4697287185,67
4696544876,67
4663312759,67
6866592992,68
6866516262,68
2453947049,68
2453947051,68
4211515634,68
1637578547,68
1637578516,68
6866516278,68
1637578522,68
2576893629,68
1637578551,69
1637578535,69
1685281036,70
1685281022,70
6978459068,71
5177352922,71
1707790099,71
5177352932,71
1810130458,72
4077495964,72
4077495858,72
6855696495,73
1882379248,73
10090013713,73
10090013714,73
2306288080,73
6855696496,73
6855696497,73
6855696502,73
6855696503,73
6855696504,73
6855696506,73
4823243100,73
3247578846,73
1968744210,74
3992885062,74
4697288399,74
1990694620,75
1990694647,75
2502545024,76
9619940387,76
1990912102,76
1990912134,76
4117896490,76
2502545041,76
9683400946,76
9683400950,76
9678366518,76
9678523000,76
8031800090,76
5574051323,76
8031800092,76
8031800094,76
3247589712,77
6569580044,77
6569580045,77
2531863975,77
3739049346,78
2990732269,78
6116290280,79
5473274252,79
5473274253,79
5473274254,79
5473274256,79
5473274257,79
5473274259,79
5473274260,79
3139655930,79
3139655933,79
5473273470,79
3158794148,80
5473272900,80
5473272902,80
3158794151,80
5473272904,80
5473273067,80
5473273068,80
4534858543,80
5473272882,80
5473272983,80
5473272984,80
5473272667,80
5473272700,80
6374802572,81
3247589708,81
5006965589,81
5006965588,81
3578315456,82
3586606037,82
4554237017,83
5009054889,83
5009054892,83
5095547184,84
5095547180,84
5095547181,84
5095547182,84
5468301601,85
10607626,85
5468301602,85
5473273795,86
5473273796,86
5473273798,86
5473273803,86
5473273805,86
5473273616,86
5473273791,86
5733997920,87
5733997919,87
5927671120,88
5927671121,88
6606148802,89
6606148797,89
6606148798,89
8357847937,90
8357847938,90
8357847939,90
8357847927,90
8357847928,90
8357847929,90
8357847930,90
8357847931,90
8357847932,90
8357847933,90
8357847934,90
9524817681,91
9524817682,91
