node_id,cluster_id
1596648673,0
1832129762,0
4076126468,0
7946372941,0
5516594509,0
1401849810,0
25509527,0
25509533,0
104318,0
2398924896,1
20965798,1
20965799,1
20965800,1
25500427,1
8868824844,1
2398924877,1
7946378606,1
7946378610,1
2398924886,1
104319,1
104320,2
1215563904,2
373364228,2
1649365894,2
3229825163,2
6369329166,2
3229825166,2
8868824851,2
8868824852,2
3229825173,2
5475684758,2
8868824855,2
8868824856,2
8868824857,2
5475684763,2
20965794,2
20965797,2
107687,2
18397096,2
20965803,2
1163955130,2
10263444809,2
441958994,2
21693795,2
5475684848,2
1649365878,2
1215563895,2
1771426174,2
104321,3
25161346,3
7553887464,3
24951853,3
4922952366,3
1046306670,3
4922952365,3
1046334318,3
4922952371,3
4922952372,3
4922952373,3
4922952374,3
28800672,4
25161345,4
104322,4
8869435268,4
24950117,4
316763500,4
316763501,4
317380078,4
7553887409,4
8869435288,4
8869435286,4
8869435287,4
25161368,4
316763513,4
5046005789,4
5046005790,4
8438226815,4
4715264001,5
4715264002,5
104323,5
4715264004,5
4715264006,5
4715264007,5
722208263,5
7623861385,5
6014302222,5
6014302224,5
6014302225,5
8429812517,5
9216868136,5
722208297,5
9216868137,5
9216868141,5
1532087855,5
295977520,5
9216868143,5
9216868145,5
5924603442,5
4136137529,5
4136137530,5
5924603450,5
4534184512,5
9690915275,5
9690915278,5
25475664,5
2374491605,5
4167762776,5
2969438426,5
4167762778,5
6265654111,5
4715263991,5
4715263992,5
4715263993,5
4715263995,5
1237883773,5
4715263998,5
107584,6
5580861153,6
4430996044,6
6218501742,6
251892754,6
252601811,6
251892950,6
5580861151,6
107585,7
6218501739,7
6218501740,7
6218501748,7
6218501751,7
1312188768,8
107586,8
8515091591,8
3375451566,8
4726152850,8
4726152852,8
4726152853,8
4726152857,8
4726152858,8
8043350334,8
8043350335,8
1733389314,9
5473274891,9
1365887500,9
25069071,9
5473274896,9
3136311315,9
3136311316,9
8807429659,9
25071133,9
5473274911,9
25071136,9
25071137,9
25071139,9
1733389349,9
25071142,9
25071145,9
1733389353,9
2218344510,9
5473272894,9
5473272896,9
5473272897,9
5473272895,9
107587,9
107588,9
5473272899,9
5473274957,9
3141817429,9
5473274969,9
2218340965,9
5473273451,9
5473274990,9
5473273966,9
5473273968,9
3136301320,9
5473273967,9
5473273457,9
4861365369,9
4861365370,9
5473275004,9
4861365372,9
5473274494,9
5473274493,9
5473274501,9
5473274502,9
5473274503,9
3136301324,9
4861365383,9
5473274506,9
1497452171,9
5473274507,9
5473274508,9
5473272978,9
5473273490,9
2961557,9
5473274519,9
1497452184,9
3136301328,9
2793874587,9
5473273499,9
5473274525,9
5473273500,9
5473274528,9
5473274529,9
3136301730,9
5473274531,9
5473274532,9
5473274533,9
5473274534,9
3136301731,9
5473274540,9
3715515059,9
4688513218,9
4688513221,9
4688513226,9
4688513227,9
4688513230,9
4688513231,9
25069265,9
4688513237,9
4688513240,9
5473273571,9
2642857191,9
5334381837,9
5473273069,9
5473273070,9
5473273071,9
5473273072,9
7223365368,9
1939558651,9
7223365372,9
24659709,9
2622212862,9
2622212860,9
1939558655,9
2622212865,9
5473273604,9
5473273605,9
1939558661,9
2538458887,9
2538458888,9
2538458889,9
5473273610,9
5473273607,9
5473273612,9
2538458893,9
3136301321,9
5473273611,9
1939558667,9
5473273613,9
2538458898,9
2538458899,9
5473273615,9
1939558672,9
3136301325,9
2538458903,9
2538458904,9
1939558681,9
2528522522,9
5473273621,9
1939558684,9
5473273623,9
2538458905,9
1939558687,9
2622212895,9
2622212897,9
3139677982,9
3139705124,9
2622212903,9
1939558697,9
1939558700,9
24950061,9
4534858546,9
2622212914,9
4534858548,9
2622212925,9
2622212927,9
2622222657,9
2622222658,9
2622222659,9
2622212930,9
2622212933,9
2622212937,9
2622212939,9
25070924,9
2622222668,9
2622212941,9
2622212942,9
24950101,9
5473274710,9
25069911,9
24950104,9
24950102,9
24950105,9
24950107,9
357999964,9
5473274717,9
24950110,9
24950111,9
24950112,9
5473274724,9
5473274725,9
4866976614,9
109416,9
3381130090,9
3381130092,9
25248112,9
25248113,9
25248114,9
25248115,9
3141814027,9
25248119,9
25248120,9
25248122,9
25248126,9
25248127,9
25248128,9
25248129,9
25248130,9
5473274242,9
1678245252,9
8807431559,9
8807431560,9
5473273606,9
2538458886,9
1312264600,9
2622212878,9
1733389217,9
5473273622,9
24951721,9
3375451563,9
24661419,9
3375451565,9
1939558663,9
1939558666,9
2538458894,9
1733389249,9
2622212885,9
25070019,9
2538458895,9
2622212887,9
2622212889,9
25066457,9
1733389278,9
2218362849,9
5473274866,9
5473274867,9
5816744255,10
28418921,10
4136137525,10
107606,10
4136137527,10
25475770,10
1689605567,10
585124778,11
1951242858,11
107614,11
1864047135,11
1312454055,12
8807410152,12
107626,12
8807410154,12
25532464,12
5473273363,13
5473273364,13
24662037,13
5473273368,13
5473273372,13
5473273373,13
5473273376,13
5473273379,13
3076574254,13
3076574255,13
5473273399,13
6018098767,13
5473273425,13
5473273429,13
1678227031,13
5238587992,13
5473273433,13
5238587994,13
5473273435,13
5473273441,13
107627,13
107634,13
5049840244,13
25161361,13
25161362,13
25161363,13
4867087524,13
4867087532,13
4867087535,13
6463230640,13
1418752689,13
1401459399,13
1401459400,13
1401459403,13
24660697,13
3153656028,13
3153656030,13
2378843907,13
1951616261,13
1951616268,13
1951616276,13
6463234329,13
24950064,13
5473273139,13
5473273140,13
5473273141,13
5473273142,13
1951616319,13
2577040703,13
5473273154,13
5473272665,13
5473272666,13
5141354330,13
5141354331,13
5473272668,13
24950114,13
24950115,13
8807431534,13
5227220846,13
8807431536,13
1782714747,13
1678226827,13
5473273227,13
5065949596,13
1678226846,13
5065949598,13
25544110,13
5340811707,13
5340811717,13
5340811719,13
5340811720,13
1312454094,13
5473273295,13
25532377,13
5473273305,13
25532384,13
8807410158,13
5473273326,13
5473273332,13
107632,14
6458938017,14
5198585559,15
5198585557,15
5198585558,15
107638,15
5198585560,15
5198585561,15
5198585562,15
25067324,15
9024139143,16
9024139144,16
1835355931,16
7926506525,16
4922952353,16
7926506531,16
1726730029,16
1726730033,16
1726730049,16
1707790029,16
7223709662,16
18468962,16
1726730082,16
7223709668,16
7223709669,16
2466442731,16
2466442741,16
2466442743,16
107641,16
107646,16
1938819328,17
4830306813,17
1938819330,17
25161350,17
1938819335,17
25161352,17
25161353,17
1311962122,17
25161351,17
2387194123,17
8807441166,17
2387194127,17
107644,17
2387194128,17
2387194131,17
25161365,17
2387194133,17
8807441176,17
8807441177,17
8807441178,17
3664405913,17
8807429661,17
8807429662,17
8807429663,17
25066784,17
1311962016,17
1401926435,17
6055863205,17
4729448869,17
2387194149,17
2387194150,17
6055863211,17
2387194156,17
3656358067,17
1678155318,17
4866651961,17
1938819326,17
4866651969,17
10311362114,17
10311362115,17
25066694,17
5046447437,17
10311178960,17
10311178961,17
10311178964,17
1938819284,17
1938819294,17
18468958,17
18468961,17
6369390690,17
10311362148,17
1938819301,17
10311362150,17
6369390692,17
6369390696,17
10311362153,17
10311362154,17
6369390700,17
4830306810,17
1938819317,17
1938819320,17
4866623226,17
107643,17
4866623228,17
1938819325,17
4866623230,17
5207476608,18
5207476609,18
25504128,18
473264514,18
5207476611,18
5207476613,18
4627445254,18
4627445252,18
4627445253,18
4627445257,18
5207476616,18
4627445260,18
4627445261,18
419350669,18
10309458701,18
4089236236,18
1536948492,18
107667,18
10309472541,18
10309472542,18
10309472543,18
10309472544,18
5009054881,18
4085767970,18
10309472547,18
10309472548,18
473264937,18
10309472553,18
4085767979,18
473265708,18
4627491632,18
10539712057,18
10539712058,18
10539589691,18
10310609852,18
4627491645,18
10539589692,18
10310609849,18
473265346,18
4627491650,18
419350723,18
7179983946,18
7179983947,18
10539856459,18
10541894095,18
3696548432,18
10541894097,18
4166634960,18
3696548437,18
3696548438,18
10310609879,18
1828402774,18
10310609881,18
3696548440,18
10310609887,18
4627445215,18
473265762,18
1268903266,18
10310609894,18
1938819302,18
4175059691,18
25504753,18
4627445239,18
4627445240,18
4627445241,18
7827997819,18
10309153027,19
10309140683,19
107668,19
490946748,19
490946813,19
107681,20
1401870340,20
1726730375,20
5342251136,21
25503876,21
25503880,21
5114681227,21
4379801357,21
25503885,21
5342251151,21
25504144,21
5114681230,21
10572178,21
25504143,21
7607080091,21
7607080092,21
1726730272,21
107684,21
1726730281,21
1726730162,21
1163954995,21
1726730292,21
1726730165,21
1726730295,21
1678452793,21
747893184,21
7610670913,21
7610670912,21
1726730307,21
7610670919,21
7610670920,21
8785457870,21
8785457871,21
1726730326,21
4379801694,21
25577057,21
4379801706,21
4329502449,21
25500535,21
8785484288,22
956233216,22
490947077,22
10572179,22
10572180,22
107685,22
107686,22
490947124,22
4643337143,22
4643337146,22
7613626042,22
7613626044,22
7613626045,22
7613626046,22
7613626047,22
7613626050,22
7613626059,22
7613626060,22
7613626066,22
7613626070,22
1726730329,22
25503845,22
25503848,22
25503851,22
25503856,22
1726730354,22
4530339698,22
4530339699,22
25471732,22
956233215,22
107692,23
2294047375,23
269550681,24
7271474850,24
7271474852,24
5006063174,24
6769325725,24
323262310,24
107693,24
25496622,24
5736692334,24
5736692333,24
25496623,24
26374237,24
7271474841,24
26374236,24
7223695325,24
7223695326,24
1832227968,25
1832227972,25
338472586,25
338472589,25
1832129807,25
6279388821,25
6279388822,25
6279388824,25
2458257563,25
1832129947,25
1832129821,25
1832227996,25
1832129951,25
1832227873,25
343669793,25
8975700260,25
343669796,25
343669798,25
1832129835,25
1364161197,25
5265953455,25
1832228016,25
5265953457,25
5265953459,25
1832228035,25
1832228039,25
1364172237,25
1832129869,25
1832240590,25
1832129873,25
1832129878,25
1832240598,25
1832129881,25
1832129884,25
1832129888,25
6724775012,25
108389,25
6724775018,25
1832248428,25
1832248430,25
1364168178,25
1364168180,25
2458303223,25
1832129917,25
25495807,25
25496624,26
25495698,26
108391,26
25497619,27
1736685635,27
9820537932,27
9820537933,27
4297243218,27
25475674,27
9576827482,27
1816777820,27
775984737,27
775984738,27
25475692,27
25475693,27
25475694,27
1736685679,27
1816705135,27
9820537981,27
9820537982,27
1816705152,27
9820537992,27
9820537993,27
1816705168,27
1816777873,27
1816777874,27
1816705175,27
1816705177,27
4297243292,27
4298971293,27
1816705180,27
4297243295,27
1816705183,27
4297243298,27
9820538020,27
9820538021,27
9820538022,27
4297243301,27
4158004390,27
1816705193,27
4297243306,27
1938953406,27
5353127105,27
1938953413,27
748797126,27
1816705227,27
6828863694,27
6828863697,27
1816705235,27
748797145,27
1816705242,27
1816609498,27
1816705246,27
1816705250,27
748797155,27
21990638,27
4158122222,27
9805100783,27
4158122223,27
4298970364,27
4298970368,27
4298970372,27
4298970376,27
4298970380,27
4298970384,27
4298970388,27
1664571164,27
355416911,27
4297242961,27
355416920,27
355416921,27
1664571227,27
1664571229,27
1664571236,27
4297054053,27
4297242983,27
108406,27
1145174417,27
1261120402,27
1145174418,27
9693963681,27
1145174435,27
1145174437,27
9693963688,27
710657963,27
1261120430,27
4142725554,27
1813618616,27
25499093,27
435104726,27
435104727,27
435104728,27
435104729,27
1145174501,27
1145174508,27
1913216493,27
422573549,27
25497595,27
390073160,28
5306194265,28
25632684,28
3586606039,28
3586606038,28
25634199,28
108409,28
3809744384,29
3809744385,29
3809744386,29
3809744387,29
3809744389,29
3809744390,29
338319877,29
3809744392,29
3809744395,29
3809744396,29
3809744398,29
3809744400,29
3809744401,29
3809744403,29
3809744404,29
906172949,29
3809744406,29
4317178392,29
3809744409,29
3809744412,29
3809744414,29
3809744415,29
3809744416,29
3809744417,29
3809744418,29
3809744419,29
3809744421,29
1150003237,29
3809744423,29
3471375913,29
3809744426,29
3809744430,29
3809744431,29
3809744432,29
3809744433,29
3809744434,29
3809744436,29
3809744439,29
3809744443,29
3809744444,29
3809744446,29
5565466174,29
5565466175,29
5565466177,29
1390303296,29
3809744451,29
3805378116,29
3809744453,29
3805378117,29
3805378119,29
3805378120,29
3805378121,29
3805378122,29
3805378123,29
3805378124,29
3629217348,29
1327865952,29
4383581281,29
1327865953,29
1327865957,29
25477224,29
7151566952,29
250327660,29
3808625773,29
3808625778,29
3808625780,29
3808625782,29
3808625785,29
3808625786,29
3808625791,29
3808625796,29
4749094023,29
1271712905,29
4749094026,29
3808625804,29
1271712911,29
3808625809,29
1271712914,29
2129578132,29
2129578133,29
1271804564,29
1271712920,29
1150003354,29
1271712922,29
2129578142,29
1271712931,29
1271712934,29
3808625831,29
3808626859,29
3808626860,29
9030284973,29
3809744558,29
9030284975,29
3808626862,29
9030284977,29
3808626865,29
3808625843,29
3808626868,29
3809744565,29
3808626869,29
9030284983,29
3808626872,29
1150003385,29
1255487162,29
3809744571,29
3809744572,29
806373565,29
1271712957,29
3808625855,29
3808625853,29
3808626878,29
3808626882,29
1039290561,29
3808626884,29
1255487171,29
3808626886,29
1255487174,29
1255487176,29
3809744583,29
3809744584,29
1255487177,29
3808626887,29
3808626893,29
3808626895,29
3808626896,29
1255487187,29
3808626902,29
3808626904,29
3808626905,29
728370399,29
8210567392,29
3808626913,29
3808626914,29
8210567395,29
8210567396,29
3808626912,29
1039290594,29
8210567401,29
8210567402,29
3808626923,29
3808626922,29
6574794989,29
3805378111,29
3808626929,29
3805378112,29
3808626934,29
3808626935,29
3629217345,29
1255320311,29
3805378113,29
3808626940,29
3808626941,29
4317211389,29
3805378114,29
3629217346,29
3808626945,29
3629217347,29
3808626947,29
251757321,29
1255490314,29
3733299982,29
1255320339,29
3733299988,29
1255320354,29
4086232870,29
4086232871,29
1255320363,29
4316822830,29
1255320367,29
8042031957,29
8042031958,29
1271774552,29
3805122394,29
3805122396,29
4382350190,29
3808627061,29
4382273402,29
3808627066,29
4382273404,29
3808625835,29
3988141441,29
3988141442,29
108420,29
4075008388,29
3808625837,29
1255369105,29
1255369111,29
1255369125,29
4317187494,29
1255369128,29
3808625844,29
1255369135,29
3093894066,29
3809870259,29
1255369140,29
3809870261,29
3809870262,29
3809870264,29
3809870265,29
3809870266,29
3809870267,29
1255369148,29
3809870269,29
3809870270,29
2560785849,29
3809870272,29
3809870273,29
4511948225,29
1255369152,29
1255369156,29
3809870277,29
1255369159,29
3809870281,29
3809870283,29
3629223884,29
3629223885,29
4511972302,29
3809870287,29
3809870288,29
4511972301,29
3152307669,29
3808626871,29
3808625854,29
1271712946,29
2254629351,29
4316823023,29
3637436403,29
3637436404,29
3809744380,29
3809744381,29
3809744383,29
2278320131,30
108838,30
108845,31
5124166975,31
1777728708,32
108871,32
20626317,32
20626318,32
4866475733,32
3796774902,32
4866475736,32
5124166971,32
5124166973,32
18395806,32
4211515569,33
245200970,33
108903,33
1145174402,34
3257317059,34
4729480806,34
4729480807,34
1599652492,34
1145174413,34
3830441937,34
1599652497,34
4571244660,34
4571238069,34
5503142966,34
355416887,34
5503142969,34
5503142970,34
109403,34
355416892,34
4571244663,34
109408,35
894485202,35
470727954,35
1236791504,35
109411,36
20626311,36
3796814729,36
2012970414,36
4866475738,36
20626312,37
20626315,37
20626316,37
7572522510,37
7572522511,37
7572522512,37
7572522513,37
7572522523,37
6509584413,37
109734,37
7572522540,37
1536948536,37
7572522556,37
2504847039,37
4866475729,37
4866475730,37
4866475734,37
1852996954,37
1536948578,37
109412,37
2504822135,37
1536948474,37
1536948477,37
109414,38
9030029183,38
109728,39
25476134,39
5564754892,39
5931509715,39
5931509718,39
30056310,39
5564410334,39
1722621701,40
25067929,40
25067914,40
5141216782,40
1722621711,40
5141216785,40
1719663634,40
5141216787,40
25067670,40
5141216790,40
5104314264,40
5141216792,40
5104314266,40
473219610,40
5104314268,40
5104314269,40
5104314270,40
1951372959,40
5104314272,40
1569312412,40
25067936,40
5104314275,40
5104314276,40
25161375,40
5141228834,40
7824803495,40
10542989479,40
109737,40
7824803497,40
10542989484,40
6032044857,40
1719661631,40
4085783105,40
4085783106,40
4085783107,40
10543014340,40
25067461,40
10543014339,40
25067463,40
10543014343,40
6032044874,40
10543014346,40
4166634957,40
25067727,40
25067728,40
25067479,40
6446292570,40
6446292571,40
25067871,40
7911267685,40
5141216742,40
1722621718,40
7911267688,40
5141216745,40
5141216746,40
25067883,40
5104314096,40
4085778931,40
7911231384,40
5104314358,40
1719529597,40
1719529599,40
109766,41
302013678,41
373402354,42
109780,42
18468953,43
9514602150,43
9514602151,43
9514602152,43
9514602153,43
5047029672,43
4922952364,43
4922952370,43
109785,43
6166157035,44
24952268,44
3887941010,44
6446269173,44
109788,44
1685281025,45
1685281029,45
4823246342,45
1685281031,45
1685281032,45
1685281035,45
5609643663,45
5609643664,45
1685281041,45
5609643665,45
25498004,45
1685281045,45
5609643670,45
1685281175,45
1141415192,45
25498010,45
1685281053,45
1686463389,45
1685281056,45
1686463392,45
1685281058,45
1685281061,45
1686463397,45
1685281063,45
1685281064,45
1141415215,45
1686463794,45
1685281075,45
1141415220,45
1685281077,45
1685281087,45
110143,45
1686463428,45
1684835016,45
1150003530,45
1685281104,45
1685281123,45
5609643623,45
1685281003,45
1685281260,45
1685281006,45
1685281010,45
1685281011,45
1685281013,45
1685281017,45
1685281020,45
1685281021,45
1233327202,46
1787108647,46
1787108648,46
1787108649,46
1787108650,46
110238,46
2293833763,47
1707790076,47
5374174119,47
9949142599,47
5880186827,47
5880186829,47
5880186830,47
5880186833,47
21392273,47
237908,47
3972566713,47
3972566716,47
473267328,48
10309153025,48
1649365762,48
4158223748,48
1649365764,48
10539068550,48
3763565959,48
8620105223,48
3763565961,48
473268999,48
1678452753,48
1649365780,48
1668112790,48
1813794712,48
1813794713,48
1668112792,48
6137798425,48
1239549084,48
1649365789,48
268124704,48
3267461666,48
1649365797,48
1905779367,48
1649365800,48
1905779369,48
5177397419,48
8620105262,48
5009054894,48
1777740337,48
1649365810,48
419632307,48
5009054898,48
10539068598,48
3972566710,48
1649365816,48
368044217,48
1649365820,48
5177397822,48
5177397823,48
2140432704,48
5177397825,48
5177397826,48
10309153022,48
5177397828,48
1214922433,48
8755805305,48
1707790023,48
4197401800,48
4197401802,48
1777742666,48
10309140686,48
4150883407,48
4150883409,48
4197401811,48
4197401813,48
237911,48
864817628,48
473266524,48
2360681703,48
4034060007,48
8755808618,48
2360681709,48
473269102,48
1955520879,48
4034060015,48
4034060017,48
4034060018,48
4696544883,48
2265065203,48
2360681711,48
2360681716,48
2265065207,48
2360681713,48
8755808627,48
4696545406,48
10309153023,48
6866779798,49
6866779799,49
6866779802,49
4530012699,49
6866779804,49
4530012700,49
4530012702,49
6866779806,49
4530012703,49
6866779809,49
6866779810,49
6866779817,49
6866779818,49
2632761651,49
282708,49
4316306161,49
4316306163,49
4316306164,49
1761598585,49
25438595,50
25438732,50
25438638,50
282719,50
24661273,51
8807431546,51
2961540,51
24950109,51
24950113,52
8807431541,52
2961549,52
1547013655,53
27458331,53
3215687074,53
1547013667,53
4402594986,53
1566269741,53
5342236721,53
4402629177,53
4402629178,53
4402629180,53
1566270021,53
1312454086,53
5335245254,53
5335245256,53
5335245257,53
1566270409,53
692162510,53
27481039,53
27481040,53
27481041,53
692162514,53
27481044,53
3708234964,53
30056280,53
4807512540,53
4807512541,53
692162527,53
2961891,53
5768339816,53
5768339817,53
30057965,53
1547013743,53
367121266,53
692162559,53
10572785,54
8972511963,54
25496748,54
21583342,54
8785568224,55
8785567914,55
8972441580,55
10572786,55
1985084095,55
1813618432,56
8989843465,56
20460681,56
25497611,56
20460686,56
20460690,56
10607127,56
10607128,56
20460697,56
20460696,56
6871422361,56
6871422360,56
1813618461,56
1813618463,56
1813618465,56
7553479208,56
5041784489,56
7553479212,56
1596655149,56
1596655148,56
1596655155,56
1813618484,56
5041784501,56
1813618358,56
25473207,56
1596655157,56
5041784633,56
5041784634,56
1813618228,56
1813618229,56
1813618365,56
1813618493,56
1596655161,56
1326821569,56
8868824899,56
8868824900,56
8868824901,56
2755124807,56
256766536,56
256766537,56
1813618376,56
8868824911,56
8868824912,56
256766545,56
2755124815,56
1366095187,56
8868824913,56
1366095189,56
8868824914,56
1813618393,56
10004388708,56
10004388710,56
25497978,56
632447859,56
25497979,56
1813618424,56
1813618426,56
372050299,56
1813618429,56
1813618431,56
435104736,57
435104738,57
435104732,57
10607132,57
435104735,57
5470932256,58
5468301555,58
5470932252,58
10607629,58
1721713699,59
672061444,59
2902624645,59
2406484455,59
1312188714,59
1721713677,59
672061646,59
1717643505,59
1717643512,59
10677374,59
8869464354,60
5046005731,60
5046005730,60
8869464357,60
5046005743,60
5043864464,60
8869435281,60
5046005745,60
1684511955,60
1718328435,60
1718328442,60
316763548,60
10677375,60
10677376,61
2642857203,61
5473274959,61
10677377,62
1401416203,62
1832129958,63
1832129960,63
1832248457,63
5374174120,63
1832248458,63
1832129962,63
25151180,63
7203717550,63
5374174224,63
5573931377,63
14672924,63
529722111,63
21307200,64
18393873,64
18395288,65
1717643537,65
25161370,65
1717643530,65
21565570,66
25504770,66
1835355913,66
25504145,66
25504146,66
1835355922,66
25504148,66
470729237,66
25504150,66
25504149,66
1835355929,66
8807441179,66
7610670751,66
7610670752,66
1835355936,66
18395811,66
1268900644,66
1835355940,66
1835355946,66
10310609841,66
1268892338,66
10310609842,66
1835355955,66
3664398006,66
3664398007,66
1678452792,66
3664398009,66
1678452795,66
10311362236,66
1835355965,66
1835355964,66
1678452796,66
1678452797,66
1835355972,66
1268900678,66
1777727945,66
8785457865,66
1777727947,66
1828402763,66
1777727949,66
1777727950,66
3474115151,66
10310609872,66
8785457866,66
8785457867,66
470729292,66
1777727958,66
10311178967,66
1777727960,66
1777727961,66
1777727962,66
10311178970,66
1707790044,66
10310609885,66
10311362270,66
10311362271,66
10311362272,66
1725360097,66
10311178978,66
5976850019,66
367105757,66
7223709667,66
5976850023,66
5976850024,66
10311178985,66
1793420652,66
1655418222,66
10311178991,66
1707790062,66
25504755,66
1793420660,66
1268892533,66
7610670710,66
25504763,66
1268892541,66
25505662,66
5006781409,67
8869472263,67
18398282,67
632438506,67
20460684,67
10577984012,67
8869472239,67
8869472242,67
4922952363,68
18468951,68
20458277,69
250549587,69
4618510643,69
1312188692,69
4618510644,69
25497985,70
6978555522,70
5067002882,70
1150003329,70
748941573,70
2990780039,70
20460680,70
748941577,70
1684710025,70
2990806410,70
2990806411,70
3739049356,70
2990806415,70
5733998227,70
968499092,70
5733998228,70
3739049366,70
3739049365,70
819132568,70
1684710044,70
1684781470,70
316763559,70
8975833905,70
6978563378,70
1758554291,70
8975833911,70
256766532,70
256766533,70
748941508,70
6816821193,70
1150003147,70
1150003532,70
1759454163,70
1759454429,70
6978557152,70
1759454305,70
5041784423,70
1684781421,70
5067002862,70
3739049327,70
1150003571,70
5067002867,70
1684781436,70
25497981,70
6978555518,70
5609643647,70
435104715,71
435104717,71
5238528591,71
25497872,71
20460687,71
1813618288,71
5242049139,71
5238523291,71
6506796188,71
5060405441,72
2480657186,72
5060405443,72
5060405444,72
5060405445,72
5060405446,72
20460691,72
20625793,73
2528484782,73
5905807278,73
5905807279,73
10544409928,73
10544409929,73
10544409930,73
25474005,73
10544409948,73
10544409950,73
25474015,73
10544409954,73
25474019,73
10544409957,73
10544409958,73
10544409959,73
10544409960,73
10544409961,73
10544409963,73
10544409964,73
10544409966,73
10544409967,73
5976760444,73
5976760446,73
3616299208,74
20626282,74
8675201272,74
4777897926,74
25067398,75
4085778920,75
7824747306,75
20626301,75
1536948431,75
6446301329,75
4085778930,75
5146186589,75
5146186590,75
5146186591,75
20626304,76
2941549929,76
5124166978,77
20626307,77
7572833352,78
7572833353,78
20626314,78
20965801,79
2398924898,79
5177397824,80
8755805313,80
3328228994,80
4367041960,80
25524297,80
4367041962,80
21392267,80
21392276,81
4156336278,81
6606135977,82
6606135979,82
6606135983,82
21392279,82
6218501761,83
21523714,83
3145798533,83
4726152844,83
3215685153,83
5641663538,83
5342236723,83
5342236724,83
5641663539,83
4430996023,83
5342236728,83
5342229818,83
5342236733,83
5342236734,83
5342236743,83
5342236744,83
10599654857,83
6465896907,83
6465896909,83
471488469,83
4688513242,83
6218501723,83
6218501724,83
6218501725,83
4688513244,83
4688513245,83
6218501730,83
6218501736,83
6218501737,83
1678283242,83
1678283247,83
4552504560,83
6218501745,83
6218501746,83
4552504562,83
2203268985,83
6218501758,83
6218501759,83
21523718,84
252729234,84
4726152859,84
4726152860,84
1014649631,84
2934288512,85
10596794785,85
27459970,85
5165786242,85
5009060057,85
5165786245,85
21523719,85
4138224462,85
4138224463,85
5335233113,85
2934288510,85
25475330,86
25475331,86
25475332,86
8785484298,86
762080145,86
8785484306,86
1617596693,86
4689775126,86
8785484312,86
8785484313,86
1617596711,86
1617596714,86
269550898,86
4530270906,86
762080190,86
269550783,86
269550786,86
8373690819,86
21563463,86
1617647944,86
1617647945,86
1617596621,86
762080077,86
1617596626,86
1617596627,86
269589467,86
1617596646,86
1020211942,86
762080105,86
25475182,86
21563503,86
21563504,86
21563507,86
21563508,86
269550330,86
1617596669,86
21563489,87
470727722,87
1707790096,87
4822267094,87
21563479,87
21563481,87
1707790074,87
6828921212,88
21563788,88
25498458,89
21578454,89
8785568223,89
6863550501,90
21583366,90
4017328647,90
1419565097,90
25378129,90
2586616722,90
4378043649,91
21685483,91
4378043661,91
4378043662,91
1837610895,91
1837610896,91
4378043667,91
1163955034,91
269547420,91
4076095841,92
4378043682,92
4370333637,92
1360122917,92
21685484,92
21685485,92
4076095791,92
4076095797,92
25500246,92
4076095834,92
1832129794,93
1832129785,93
25496847,93
1832129776,93
1832129778,93
4077495826,93
21685497,93
1684437690,93
1684437692,93
1832129789,93
5788363874,94
4462680070,94
5788363878,94
5788363880,94
5907366887,94
9203541611,94
9203541612,94
21686572,94
21686574,94
9236477422,94
4462680076,94
3972566705,94
4462683090,94
6978443788,94
3972566714,94
4208239642,94
5839163740,94
21693787,95
25500239,95
3515286913,96
3471375905,96
5565466183,96
1493676622,96
21990614,96
3629223996,96
4556931604,97
21990622,97
21990624,98
21990625,98
250549282,98
250325411,98
2003007012,98
250549348,98
2920433449,98
3334162601,98
4453606953,98
4453606958,98
2929116721,98
1787108626,98
1779589718,98
2934268024,98
4224123324,98
250327100,98
475396929,99
21990627,99
475396924,99
5565443389,100
21990629,100
5565443390,101
250327618,101
21990630,101
1718566880,102
1718566886,102
21990631,102
21990632,102
8869464392,102
5042033643,102
8869464378,102
25161349,103
25161367,103
24658003,103
24658007,103
24658010,103
25066333,103
6116290274,104
24659947,104
6948380395,104
6948380400,104
6948380401,104
24949780,104
9693920800,105
9693920796,105
9693920797,105
24660863,105
5094718794,106
5094718798,106
24949783,106
5046314043,107
25632860,107
24951854,107
10544113920,108
10544113922,108
24952195,108
10544113923,108
3887940999,108
2528522518,108
6867581464,108
6867581465,108
2528522524,108
694824861,108
2528483741,108
2528522528,108
2528522530,108
6985465124,108
6985465127,108
6985465130,108
6985465133,108
2528522542,108
2528484781,108
2528522547,108
2528522549,108
6886012733,108
1556324684,108
3385387604,108
3385387606,108
3385387607,108
3385356250,108
4117882857,108
25532273,108
1689387896,108
1689387903,108
5087519104,109
25066338,109
25161347,109
5087519106,109
25066412,109
5090420611,110
25161348,110
5090420613,110
5090420614,110
5090420940,110
5090420941,110
25066419,110
8807429660,110
1718390753,111
1717650794,111
25066451,111
25066453,111
25161369,111
25067264,112
25067265,112
25067298,112
25067266,113
1852996996,113
4085778922,113
4866552622,113
4866552623,113
6509584414,113
2566132610,114
2566132611,114
25067397,114
5146186503,114
5146186504,114
5146186505,114
950703626,114
5146186507,114
25161356,114
25505685,114
25161373,114
7824747295,114
7824747302,114
25067305,114
6967585840,114
6967585841,114
6967585842,114
6967585843,114
1827389620,114
6967585845,114
1782727992,114
6446304190,114
5201625535,114
5201625537,114
5201625539,114
5201625541,114
700774224,114
25505634,114
5146186468,114
5146186470,114
4085778919,114
4085778927,114
4085778933,114
5146186489,114
5141625635,115
5141625637,115
25067400,115
5141625655,115
5141625653,115
107637,115
5141625623,115
5141625625,115
3100169049,115
5141625621,115
5141625654,115
5141625629,115
5141625630,115
3637449663,115
2642857197,116
25068755,116
25248117,116
2642857199,116
5141625696,117
1951616322,117
5141625698,117
5141625699,117
5096270631,117
25161360,117
5141625681,117
7906964248,117
7906964249,117
25161371,118
28800667,118
3375451555,119
30078473,119
30056277,119
25248123,119
25248124,119
25248125,119
1211381855,119
10306429312,120
10306429318,120
2278320167,120
10306423498,120
4166634955,120
10306423499,120
1556260011,120
4166634961,120
4166634962,120
5340811825,120
6446292564,120
25265077,120
3887941013,120
25265080,120
2278320154,120
4085783099,120
2059790748,120
25504129,121
25504134,121
4643337000,121
4643337012,121
2005131543,121
25503865,121
25503867,121
25503869,121
25470782,121
7610670890,122
7610670892,122
25470928,122
1678452788,122
1678452789,122
25471090,123
2036181339,123
1309180610,124
1309180612,124
1723389067,124
7792756412,124
7792756414,124
25471135,124
1309180608,125
25471274,125
7447565849,125
25632854,125
7447637305,125
7447637306,125
3691462888,126
25471289,126
2755124947,126
2755124949,126
748885408,127
4240028578,127
4240028580,127
25503860,127
25503862,127
25471740,127
2036185421,128
25472215,128
2294047355,129
25472324,129
7271474843,129
321255907,129
4675821921,130
4675821924,130
4675821925,130
4675821931,130
4675821932,130
762080111,130
4675821944,130
25472379,130
4675821968,131
6483733489,131
25472428,131
6483733493,131
25472545,132
4665353643,132
4665353644,132
1617596591,132
25473048,132
25472800,133
2940401398,133
1954751920,133
4948630427,134
4948630428,134
25472885,134
1684781486,134
4675822093,135
4675822094,135
4675822095,135
4675822097,135
761831057,135
4675822099,135
4675822100,135
270110481,135
1617647900,135
1617647901,135
1617647931,135
1617647934,135
4665352260,135
4665352261,135
4665352262,135
761830981,135
4665352264,135
761830987,135
9566848716,135
761830989,135
26374230,135
26374231,135
761831000,135
761831004,135
761831007,135
761831019,135
761831023,135
25472890,135
761831037,135
4665353660,136
25473004,136
4665353662,136
1311962080,137
25473200,137
25473199,137
1813618304,138
1401893666,138
1759454211,138
3739049382,138
3739049383,138
5060388105,138
1401893675,138
5060388107,138
1759454222,138
875789647,138
1150003472,138
5060388110,138
25473202,138
5060388115,138
25473204,138
25473205,138
1311962012,138
1150003197,138
5904615699,139
3999987604,139
5904615708,139
2528483742,139
5574049698,139
5574049700,139
5574049702,139
5574049703,139
4085387943,139
4085387945,139
5574049707,139
5574049709,139
5574049717,139
5574049718,139
5574049719,139
4085600696,139
4229228089,139
4085600698,139
9683633717,139
9683633718,139
6779394887,139
585148380,139
9683400934,139
9683400938,139
713363180,139
4136124526,139
4166219502,139
8031801454,139
5574051321,139
25473279,139
25473281,140
8497605091,140
4777885221,140
4773889323,140
1547013574,141
9694091976,141
9694091978,141
25475053,141
9694091983,141
9694091984,141
1547013588,141
1547013592,141
25475072,142
8064065323,142
8064065324,142
25496910,142
1547657104,142
585180151,142
6332695639,142
277337783,142
4529839800,142
7236131862,142
6332695642,142
25475328,143
9700060290,143
9700060291,143
9700060292,143
1155552322,143
1155552319,143
1990912136,143
1951242857,143
3385332654,143
9683686963,143
1990912115,143
4832472797,143
1137777343,143
9135845216,144
9135848928,144
3733791671,144
25475417,144
585130362,144
1233350889,145
283061836,145
1233350862,145
675734610,145
1402070363,145
675734613,145
25475419,145
1402070364,145
1402070365,145
675734622,145
9690878337,146
1312471202,146
1312471234,146
1796137508,146
9690974277,146
6266867111,146
25475561,146
6266867114,146
6266867113,146
25475661,146
9699961628,146
25475550,146
25475712,147
8064065315,147
9690915267,147
8064065316,147
25475663,147
6696695781,148
10579930791,148
10579930792,148
8783914189,148
8783914190,148
8604055550,148
8604055549,148
25475678,148
25475688,149
25475690,149
9820538027,149
25475691,149
25499095,149
25475754,150
1493229962,150
28728208,151
25477106,151
1668135492,151
28728205,151
306439304,152
8632535522,152
25477149,152
8632535535,152
306439310,153
8632535532,153
25477150,153
306439338,154
25477154,154
306439329,155
25477156,155
25477197,156
2402557839,156
1327865956,157
1731235557,157
1731235558,157
2935373159,157
249558409,157
2935373161,157
1731235511,157
25477228,157
57786953,157
1731235534,157
3673602988,157
3809870260,157
25477301,157
25477335,157
1731235545,157
25477339,157
3735886877,157
5925626143,157
28419328,158
3528738438,158
3528738439,158
3528738440,158
9080098310,158
9080098315,158
5257738380,158
5257738381,158
5257738382,158
5257738383,158
5257738384,158
5257738385,158
5257738386,158
5257738387,158
5257738388,158
2934411667,158
3528710291,158
9030037139,158
1014803736,158
6995618979,158
2935392676,158
3528711722,158
27459116,158
9080098316,158
27459120,158
5160943793,158
5160943794,158
5160943795,158
5160943796,158
5160943797,158
5174828980,158
5160943798,158
5160943800,158
1039322041,158
8042031930,158
5160943803,158
5160943804,158
5160943799,158
5160943806,158
5160943807,158
5160943808,158
3682538298,158
28418497,158
4144358216,158
4144358217,158
302013776,158
3073173585,158
5174825175,158
5174825176,158
5174825178,158
5174825180,158
251757533,158
5174825181,158
5174825183,158
27459165,158
2914561272,158
2914561274,158
25477371,158
249679102,158
819157946,159
25477858,159
3661703766,159
819157975,159
1832052008,160
25495542,160
1832129783,160
25495617,161
25495618,161
350437608,161
5976672308,161
1816038230,161
25495769,161
10543800252,161
8645592520,162
8645592521,162
25495858,162
25495639,162
25495640,162
25495648,163
5014591895,163
25495646,163
1953202903,163
25495819,164
6354294763,164
25495820,164
1832052016,164
1834657466,164
6354294779,164
1834657469,164
350628799,164
350437528,165
4275394254,165
25495822,165
4275398720,166
4275398721,166
4275398723,166
25495852,166
4275398714,166
4275398716,166
25495857,167
350377994,167
269550332,167
4689775161,167
759123955,168
25496100,168
269550896,169
25496617,169
269550331,169
269550684,169
7279228683,170
25496773,170
25496777,171
663363473,171
8972511964,171
8972441125,172
8972441126,172
438170475,172
8972441579,172
5265830862,172
25496815,172
25496785,172
8972511962,172
1958800795,172
1985084137,173
25496787,173
1985084135,173
25496788,174
25496781,174
25496800,175
1816038214,175
323260106,175
5014591889,175
1816038199,175
25496825,176
5060391418,176
321255925,176
5060391821,176
25496920,177
9690974273,177
4920098344,177
9690974274,177
9820537921,178
9820537954,178
9820537955,178
9820537957,178
108393,178
7947041713,178
1601797458,178
9820537917,178
4571238068,178
1326821457,178
9820538006,178
9820538002,178
9820538004,178
5095890460,178
1938953431,178
25497340,178
1938953437,178
25497603,179
1547657140,179
2480657188,180
25632678,180
2480657190,180
1954751914,180
25497968,180
25497970,180
2135411292,180
2135411293,180
1723388960,181
5006916678,181
1723388970,181
25497997,181
1723388974,181
1723388981,181
390073175,181
1723388988,181
1723388957,181
6374802559,181
3320754320,182
3320754322,182
1723315608,182
3247825561,182
3247825562,182
25498015,182
3247824558,182
250550447,182
7636278193,182
7636278195,182
7636278196,182
7636278198,182
7636278199,182
7636278200,182
8898783674,182
4807521484,182
1309067471,182
3741131600,182
3741131606,182
7636244314,182
149451622,182
1169109485,182
25498016,183
6569580040,183
25498018,184
3725817386,184
6374802579,184
6374802582,184
6374802583,184
7792756672,185
7792756674,185
7792756676,185
7792756680,185
7792756713,185
25498026,185
5711517569,186
5711517565,186
25499655,186
25503841,187
25471681,187
1726730303,187
25505679,188
9988193967,188
25505607,188
4962956931,189
1828402760,189
9611081868,189
1938819283,189
2012969972,189
25505629,189
6606135968,190
25509513,190
9197589233,190
9197589238,190
5223919938,191
3272782406,191
1312454087,191
25532332,191
3272712566,191
316763584,192
5046627553,192
316763586,192
316763600,192
1215563891,192
5046627642,192
25632859,192
5046627645,192
25632862,192
25632864,193
25632865,193
1141487746,194
1150003224,194
1150003238,194
1150003247,194
8784212017,194
5060405427,194
8784177716,194
5060405429,194
5060405430,194
5060405434,194
1150003264,194
1150003155,194
1141487712,194
1150003170,194
5067002851,194
25632870,194
5067002855,194
1150003563,194
1141487723,194
1150003195,194
5342236739,195
1550763620,195
5342236740,195
27458353,195
471488472,195
429346241,196
4534184514,196
4534184515,196
429346238,196
4223357836,196
27460210,196
429346236,196
27459198,196
4430996033,197
27459971,197
3906588452,197
3247933381,197
2934288518,197
3906588454,197
6288147785,197
6288147786,197
4195103055,197
27459729,197
2934288530,197
6218501757,197
27460198,198
843376594,198
2870261844,198
27459830,198
6995618971,198
3906588446,198
27459905,199
429346242,199
1312471267,199
429346243,199
429346244,199
742399752,199
4629462859,199
429346253,199
5116226063,199
28418877,199
27460226,200
3930921860,200
4223357841,200
4155841810,200
4155841811,200
4155841816,200
4155841818,200
3932064154,200
4155841820,200
3932064156,200
3906588448,200
251892523,200
28418859,200
4430996024,200
4430996027,200
4430996028,200
3932064957,200
4430996029,200
32838084,200
3708234955,200
3708234956,200
3708234957,200
843376591,200
4089885906,200
843376610,200
3632581622,200
1233350848,201
1233350847,201
7644741346,201
7644741345,201
7644741348,201
6110164647,201
377490664,201
5904585328,201
1312932849,201
27460439,201
10013517434,201
7644741343,201
27480957,202
347542742,202
347542743,202
27480960,203
9678821156,203
28193265,204
3170676207,204
3894948098,205
3894948099,205
3894948100,205
249679365,205
4344245894,205
3168378376,205
670103314,205
3014236566,205
3014236567,205
3014236569,205
3014236570,205
7817162919,205
3068270504,205
249679407,205
3068270516,205
249558964,205
2140124982,205
2140124983,205
3186593720,205
3068270518,205
3186593722,205
7817166393,205
249679420,205
7817166397,205
249679418,205
1014803704,205
5768339777,205
1042862659,205
2140124996,205
7817166407,205
4949004105,205
4949004106,205
28418138,205
302013659,205
28418141,205
3892081373,205
249559005,205
302013662,205
3892081377,205
3892081378,205
4948602211,205
3892081382,205
1014803686,205
3892081384,205
1014803691,205
302013682,205
302013688,205
3894948091,205
3894948093,205
1042862718,205
28418144,206
472493763,206
4344245892,206
4344245893,206
6969936102,206
9080123621,206
6969936104,206
6969936106,206
6969936108,206
6969936109,206
6969936110,206
302013777,206
6969936114,206
6969936115,206
6969936116,206
6969936117,206
27460250,206
249679168,207
5924603458,207
28418580,207
5106520280,208
429346251,208
3632577084,208
28418909,208
3984132032,209
3984132036,209
3984132037,209
302013708,209
4422013486,209
4089885902,209
28418929,209
5565486432,210
5565486434,210
1150003547,210
5565487612,210
1150003480,210
3197339673,210
3197339674,210
28728187,210
3197339676,210
1731225566,210
2990651904,211
2990651905,211
2990651906,211
2990651907,211
2990651908,211
2990651909,211
2990651910,211
2990651911,211
2990651912,211
2987752073,211
2990651914,211
2987752074,211
5269670540,211
2987752071,211
2990651918,211
1759454351,211
1758552592,211
2990651920,211
973128722,211
2987752075,211
28800660,211
1758552597,211
2990651921,211
28800663,211
1759454378,211
5040168491,211
5040168496,211
2990664881,211
244128951,211
2990716984,211
2990716985,211
2990716986,211
1758552521,211
1758552522,211
2990717001,211
1758552524,211
1758552541,211
1758552547,211
1758552682,211
1758552555,211
1758552559,211
1401908258,212
250550183,212
28800661,212
28800662,212
250550174,212
8869464371,213
28800668,213
250550053,214
8869464390,214
5041945479,214
250550024,214
250550023,214
5041945480,214
873809385,214
8869464398,214
8869464407,214
1343823418,214
28800670,214
3375451561,215
30056255,215
1547392865,216
6218468163,216
5580861156,216
6218468164,216
707377287,216
30056330,216
9704122317,216
4920098350,216
6600283121,216
4619022514,216
4619022513,216
1547013754,216
3830029915,216
1550763708,216
3830043581,216
32825440,217
843376569,217
843376643,217
4155841827,217
32825442,218
843376588,218
32921724,219
761830999,219
761830991,219
32921728,220
32921729,220
32921731,220
4697525030,220
4697525032,220
1401849768,220
26374229,220
270110053,221
270110054,221
32921737,221
32921738,221
270109325,221
751837551,221
751837591,221
32921748,222
32921743,222
8785567909,223
7223668012,223
5006063180,223
7223704403,223
7223704404,223
33141178,223
1148276284,223
8785568222,223
149431715,224
2168949324,224
2168949325,224
3741131607,224
3741131608,224
354886099,225
213668839,225
1685276643,226
250549700,226
250549699,226
8868010217,226
213668842,226
2642612586,226
213668844,226
8868010221,226
2642612585,226
250327576,226
8868010202,226
8868010204,226
255700677,227
213672005,227
213670986,227
2642878644,227
250327547,227
7815533545,228
7815533546,228
249558966,228
249560091,229
7900221087,229
4116809027,230
249679343,230
250326914,231
1401416208,231
8868010160,231
8868010162,231
250327159,231
354886082,232
250549670,232
1310663631,232
3114645200,232
3114645201,232
250327037,232
250550400,233
973101839,233
3550836102,234
1039290567,234
3550836104,234
5242815659,234
251757452,234
251757615,234
251757458,234
1039322102,234
269549104,235
269549105,235
1163955128,235
10196915587,236
10196915588,236
10196915589,236
321255910,236
321255911,236
751837736,236
10196915593,236
2134066506,236
1419544126,236
270109326,236
270109327,236
1419544142,236
1401849779,236
270109370,236
270112539,236
270112540,236
270110142,236
1563638022,237
690295047,237
283062189,237
673420216,237
1233353464,237
1233353467,237
4530012705,238
4530012706,238
4530012707,238
1731235492,238
4729385030,238
4530012711,238
4729385031,238
1238259337,238
4530011788,238
288193455,238
4530012690,238
4530012691,238
1731235606,238
4530012695,238
4530012696,238
1150003423,238
302013666,239
302013668,239
302013672,240
302013674,240
27480956,240
4344245890,241
302013683,241
302013685,241
7899973206,241
6431923714,242
6431923715,242
5471345385,242
308837357,242
9804471701,242
9804471702,242
25496854,242
9846850972,242
9846850973,242
9846850974,242
316763595,243
316763589,243
316763590,243
4275394255,244
350377999,244
1707790105,244
6828921210,244
6828921211,244
1686463489,245
1686463523,245
3739049325,245
1686463503,245
1686463471,245
1686463505,245
1686463476,245
1686463510,245
390073208,245
1723340785,246
1723340842,246
435104742,246
5711517570,247
5711517571,247
4703559689,247
5479654172,247
5479654175,247
5479654177,247
2331184930,247
2331184932,247
2331184935,247
1723388979,247
446765895,247
446765900,247
5479655630,247
5479655634,247
4703542485,247
4703542486,247
6525670236,247
6525670237,247
2135411294,247
2135389151,247
2135411296,247
2135411297,247
6525670242,247
5479655662,247
7882485394,248
10308697502,248
469785734,248
471488499,249
1493722803,249
1547013711,249
2137096880,250
473257581,250
473258313,251
10543014390,251
6458938007,251
6458938008,251
5905893980,251
473258826,252
6458938011,252
6446292572,252
1727515734,252
473259748,253
8814668133,253
8814668137,253
8814668138,253
2197518969,253
473262660,254
473262822,254
1561411396,255
585201189,255
1360122880,256
4462680068,256
7840712839,256
4462680078,256
5642519054,256
5642519055,256
5642519056,256
5642519060,256
595709975,256
5642519066,256
5642519068,256
5642519069,256
5573994014,256
5573994016,256
5573994020,256
5839165751,256
1360122937,256
4512763345,256
4512763347,256
5839155672,256
1360122841,256
5460658138,256
1360122860,256
5573931376,256
1360122866,256
5573931380,256
5573931381,256
5573931384,256
3068267824,257
670103313,257
3068267825,257
697044225,258
707377382,258
1609966639,259
7946378609,259
4370333651,259
4370333652,259
4370333653,259
748799641,259
4370333657,259
748941552,260
748941556,260
748941560,260
751837654,261
751837622,261
796809545,262
8497605078,262
6446218920,263
811035012,263
6446229925,263
835390893,264
835390894,264
835390887,264
1141415202,265
1150003340,265
1150003503,265
1150003141,266
5609643622,266
1150003479,266
6816821186,267
5609643682,267
5609643652,267
5609643653,267
5609643686,267
5609643685,267
5609643656,267
5609643687,267
1150003213,267
5609643662,267
5609643673,267
5609643674,267
5609643676,267
1150003270,268
4823246344,268
1684835241,268
1309067472,268
1493658224,268
1685281076,268
1685281046,268
1685281079,268
1150003289,269
5040168489,269
1150003400,270
1731225575,270
1726730080,271
1835355973,271
1835356006,271
1726730120,271
1835355944,271
1163954922,271
1726730123,271
1835356013,271
1835355953,271
1726730167,271
1835355961,271
1726730043,271
1163955119,272
1401870341,272
1163955037,272
5353114285,272
1233353642,273
1233353631,273
1987381555,274
1237876710,274
1237876703,274
1736734053,275
1238249900,275
1238249901,275
1238249904,275
7900221108,275
1255491496,276
1255369133,276
4511972303,276
1255491504,276
4511972304,276
1255491506,276
1255487160,277
1255487172,277
1255487166,277
1722268388,278
2387232554,278
2387232559,278
1722268367,278
5565455858,278
1280491924,278
1280491926,278
1722268381,278
3741117630,278
2402557599,278
2545230474,279
1312188614,279
2538458897,280
1312188886,280
2218344503,280
3741078112,281
1312319838,281
1939632514,282
2923703875,282
1939632519,282
1312335310,282
3870640530,282
5238500306,282
5238500308,282
5238500312,282
5238500313,282
1326821568,283
3830441923,283
1731225580,284
3794876751,284
3197339664,284
3197339666,284
3197339667,284
3197339668,284
1327865950,284
1547013589,285
8807410151,285
1547013704,286
1547013604,286
1547013699,287
1550763732,287
1547013705,288
8807410149,288
1547392771,289
1547392927,289
1556097098,290
1951372909,290
10306429333,290
1556097245,290
1951372927,290
5905897286,291
1556097111,291
1556097177,292
5905896973,292
1556097166,292
1556097306,293
1556097431,293
4169714272,294
7911282826,294
10306429323,294
1556097387,294
6446229933,294
1556097326,294
10306429327,294
8675201264,294
10306429328,294
3887941007,294
4169714270,294
4169714271,294
1556260024,295
3887941009,295
6446256190,295
1587318992,296
1587318999,296
1817617689,297
1596648669,297
1596648671,297
1609966643,298
1609966653,298
1617532088,299
4697287185,299
4696544876,299
4663312759,299
1617596593,300
3328228993,300
1617532092,300
1617596606,300
6866592992,301
6866516262,301
2453947051,301
1637578547,301
1637578516,301
6866516278,301
1637578522,301
1637578551,302
1637578535,302
1668135493,303
3197339661,303
3197339662,303
3170676206,303
5565475799,303
1668135486,303
10539068544,304
6509684096,304
10539589696,304
3267461729,304
10539589701,304
1828402758,304
4085767974,304
10539589704,304
2665239978,304
10539589707,304
1678452780,304
10539589706,304
4085767983,304
10539648210,304
2620105428,304
4085767989,304
7610670769,305
7610670771,305
1678452790,305
1684835019,306
1684835152,306
6014333809,306
1684835156,306
1684835062,306
1684835097,306
1685281036,307
1685281022,307
1707790024,308
1707790026,308
4650375494,309
1707790055,309
1707790057,309
4650375504,309
4650375505,309
1707790067,309
4650375508,309
4658088539,309
1955520890,309
3972566715,309
1723388976,310
1723388986,310
1731235480,311
1728472241,311
1731235489,311
1810130458,312
4077495964,312
1816038215,313
1832665997,313
1832666001,313
7279239795,313
1816038195,313
1816777816,314
3107212073,314
1816609486,314
4158000323,315
1816959492,315
4142725558,315
1817617691,316
1817617692,316
1832129809,317
4462680082,317
1832129796,317
1832228100,318
1832228080,318
1832228112,318
1832228144,318
1832228083,318
1832228115,318
1832228120,318
1832228159,318
1882379248,319
10090013713,319
10090013714,319
2306288080,319
4823243100,319
3247578846,319
3987750688,320
5269678593,320
1951190474,320
1968744210,321
3992885062,321
4697288399,321
1990694620,322
1990694647,322
2502545024,323
9619940387,323
1990912102,323
1990912134,323
4117896490,323
2502545041,323
9683400946,323
9678366518,323
9678523000,323
8031800090,323
8031800092,323
8031800094,323
2118622488,324
2118622487,324
2141364708,325
2141364732,325
3265436260,326
4175081594,326
4696545402,326
2341656968,326
4085747017,326
4697287178,326
4697287177,326
3911044734,326
4697288390,326
4696568110,326
4174200048,326
3265436691,326
4696544885,326
367102039,326
4696545399,326
4175081593,326
4166662874,326
4166662878,326
2453947049,327
4211515634,327
2576893629,327
2496836291,328
2496836303,328
3247589712,329
6569580044,329
6569580045,329
2531863975,329
2531863977,330
2531863978,330
6995618977,331
2872704413,331
2872704414,331
2935373301,332
3809870263,332
2941549928,333
3519324894,333
3739049344,334
2990721387,334
5992797788,334
2990721390,335
2990721391,335
3739049346,336
2990732269,336
3081980920,337
3081980922,337
27480958,337
4749090120,338
3093897990,338
6116290280,339
5473274252,339
5473274253,339
5473274254,339
5473274256,339
5473274257,339
5473274259,339
5473274260,339
3139655930,339
3139655933,339
5473273470,339
3158794148,340
3158794151,340
5473273067,340
5473273068,340
5473272882,340
5473272983,340
5473272984,340
3272782432,341
1547013738,341
3272782431,341
3578315456,342
3586606037,342
3629223881,343
3629223890,343
4086232866,343
3629223879,343
3704225378,344
4085778924,344
4085778928,344
4866552625,344
4085778934,344
25066684,344
3987750692,345
5977954180,345
9673189926,345
6110164649,345
7900888467,345
3850146457,345
6446292562,346
3887941012,346
4085778929,347
4085783103,347
4089885905,348
6294214898,348
6294214897,348
4369519260,349
4369519219,349
4369519227,349
4369519206,349
7636278201,350
4401149234,350
7636278191,350
5473272900,351
5473272902,351
5473272904,351
4534858543,351
5473272667,351
5473272700,351
4554237017,352
5009054889,352
5009054892,352
5006063176,353
4691514032,353
4691460850,353
4691460851,353
4691514035,353
4696545403,354
4697287188,354
25496850,355
25496851,355
4730978983,355
4781199345,356
4781199346,356
4781199348,356
4781199350,356
4781199352,356
4781199354,356
4781199355,356
6374802572,357
5006965588,357
5006965589,357
5046314074,358
5046314077,358
5060405461,359
1954751918,359
5095547184,360
5095547180,360
5095547181,360
5095547182,360
5141876996,361
5141876999,361
6978459068,362
5177352922,362
5177352932,362
5468301601,363
10607626,363
5468301602,363
5473273795,364
5473273796,364
5473273798,364
5473273803,364
5473273805,364
5473273616,364
5473273791,364
5473273788,365
5473273789,365
5473273790,365
5475684676,366
5475684680,366
5475684684,366
5475684621,366
5475675316,366
5609643672,367
5609643675,367
5733997920,368
5733997919,368
5904615691,369
5904615694,369
5927671120,370
5927671121,370
6272993491,371
6239229422,371
7075087299,371
6369329170,372
6369329155,372
4076095262,372
6525701529,373
4142725557,373
6525701539,374
6525701540,374
6525701530,374
6525701533,374
6525701535,374
6606148797,375
6606148798,375
6855696495,376
6855696496,376
6855696497,376
6855696502,376
6855696503,376
6855696504,376
6855696506,376
6918421504,377
6918421508,377
6918421509,377
6918421511,377
6918421512,377
6918421513,377
7553887392,378
8869435273,378
8869435267,378
8869435272,378
7792756538,379
7792756539,379
7792756540,379
10543014371,380
10543014372,380
10543014373,380
7911267686,380
10543014374,380
10543014377,380
10543014379,380
10543014380,380
10543014386,380
10543014388,380
10543014362,380
10543014363,380
10543014367,380
8357847937,381
8357847938,381
8357847939,381
8357847927,381
8357847928,381
8357847929,381
8357847930,381
8357847931,381
8357847932,381
8357847933,381
8357847934,381
8500636794,382
5924603460,382
8515091587,383
8515091590,383
8620105277,384
8620105279,384
25532494,385
8807410150,385
8814668136,386
8814668131,386
8814668135,386
8869435257,387
8869435266,387
9080098298,388
9080098299,388
9524817681,389
9524817682,389
10241310755,390
25509526,390
10306423508,391
10306429309,391
10306429310,391
10306429319,391
10539068564,392
10539068565,392
2665239972,393
10539068590,393
