node_id,cluster_id
1596648673,0
1832129762,0
4076126468,0
7946372941,0
5516594509,0
1401849810,0
25509527,0
25509533,0
104318,0
20965799,1
25500427,1
8868824844,1
7946378610,1
104319,1
104320,2
1215563904,2
373364228,2
3229825163,2
3229825166,2
6369329166,2
8868824851,2
8868824852,2
3229825173,2
5475684758,2
8868824856,2
8868824857,2
5475684763,2
20965794,2
20965797,2
107687,2
20965803,2
1163955130,2
10263444809,2
441958994,2
5475684848,2
1215563895,2
104321,3
24951853,3
4922952366,3
4922952371,3
4922952373,3
104322,4
8869435268,4
7553887409,4
8869435288,4
8869435286,4
8869435287,4
25161368,4
8438226815,4
104323,5
8429812517,5
7623861385,5
1532087855,5
295977520,5
2374491605,5
4715263991,5
4167762776,5
4715263993,5
2969438426,5
1237883773,5
107584,6
251892754,6
6218501742,6
251892950,6
107585,7
6218501751,7
1312188768,8
107586,8
8515091591,8
3375451566,8
4726152850,8
4726152852,8
4726152853,8
4726152857,8
4726152858,8
8043350334,8
8043350335,8
25248128,9
1678245252,9
1497452171,9
3375451563,9
3375451565,9
2218344510,9
4688513218,9
107587,9
4688513221,9
4688513226,9
4688513227,9
4688513230,9
4688513231,9
25069265,9
4688513237,9
4688513240,9
109416,9
3381130090,9
3381130092,9
25248115,9
25248119,9
25248120,9
25248122,9
25248127,9
107588,10
2642857191,10
2538458887,10
5473274957,10
25248112,10
3715515059,10
5816744255,11
28418921,11
4136137525,11
107606,11
4136137527,11
25475770,11
1689605567,11
585124778,12
1951242858,12
107614,12
1864047135,12
107626,13
8807410154,13
1312454055,13
107627,14
8807410158,14
107632,15
6458938017,15
25161361,16
107634,16
5198585559,17
5198585557,17
5198585558,17
107638,17
5198585560,17
5198585561,17
5198585562,17
18468962,18
7926506531,18
9024139143,18
9024139144,18
2466442731,18
107641,18
7926506525,18
4866651969,19
1938819301,19
6055863205,19
10311362153,19
5046447437,19
8807441166,19
10311178960,19
10311178961,19
3656358067,19
25161365,19
8807441176,19
4866623226,19
107643,19
4866623228,19
4866623230,19
10311362114,20
10311362115,20
10311362148,20
4729448869,20
10311362150,20
10311362154,20
10311178964,20
8807441177,20
4866651961,20
3664405913,20
8807441178,20
107644,20
1938819294,20
1726730049,21
4922952353,21
1726730082,21
7223709668,21
7223709669,21
1726730029,21
1707790029,21
1726730033,21
2466442741,21
7223709662,21
2466442743,21
1835355931,21
107646,21
5207476608,22
5207476609,22
473264514,22
5207476611,22
4627445252,22
5207476613,22
4627445254,22
4627445253,22
5207476616,22
4627445257,22
4627445260,22
4627445261,22
10309458701,22
107667,22
10309472541,22
10309472542,22
10309472543,22
10309472544,22
10309472547,22
10309472548,22
10309472553,22
473264937,22
473265708,22
4627491632,22
10539712057,22
10539712058,22
10539589691,22
10310609852,22
10539589692,22
4627491645,22
473265346,22
4627491650,22
7179983946,22
7179983947,22
10539856459,22
3696548432,22
3696548437,22
3696548438,22
1828402774,22
10310609879,22
10310609881,22
3696548440,22
10310609887,22
4627445215,22
10310609894,22
1938819302,22
4175059691,22
25504753,22
4627445240,22
4627445241,22
7827997819,22
490946748,23
10309153027,23
107668,23
10309140683,23
107681,24
1401870340,24
1726730272,25
25577057,25
5342251136,25
1726730307,25
107684,25
1726730281,25
4379801706,25
5342251151,25
4329502449,25
1726730292,25
1726730295,25
1726730326,25
25500535,25
4379801694,25
956233216,26
25503845,26
107685,26
25503848,26
25503851,26
25503856,26
1726730354,26
10572179,26
10572180,26
25471732,26
4643337143,26
1726730329,26
4643337146,26
956233215,26
8785484288,27
7613626050,27
107686,27
7613626059,27
7613626060,27
7613626066,27
4530339699,27
7613626070,27
7613626042,27
7613626044,27
7613626045,27
7613626046,27
7613626047,27
107692,28
2294047375,28
5006063174,29
323262310,29
107693,29
5736692334,29
25496622,29
5736692333,29
25496623,29
269550681,29
7223695325,29
7223695326,29
1832227968,30
1832227972,30
338472586,30
338472589,30
1832129807,30
6279388821,30
6279388822,30
6279388824,30
2458257563,30
1832129947,30
1832129821,30
1832227996,30
1832129951,30
343669793,30
1832227873,30
8975700260,30
343669796,30
343669798,30
1832129835,30
1364161197,30
5265953455,30
1832228016,30
5265953457,30
5265953459,30
1832228035,30
1832228039,30
1364172237,30
1832129869,30
1832240590,30
1832129873,30
1832129878,30
1832240598,30
1832129881,30
1832129884,30
1832129888,30
6724775012,30
108389,30
6724775018,30
1832248428,30
1832248430,30
1364168178,30
1364168180,30
2458303223,30
1832129917,30
25495807,30
25495698,31
108391,31
390073160,32
108409,32
25632684,32
108420,33
9030284973,33
9030284975,33
108845,34
5124166975,34
1777728708,35
108871,35
20626317,35
20626318,35
4866475733,35
3796774902,35
4866475736,35
5124166971,35
5124166973,35
18395806,35
4211515569,36
245200970,36
108903,36
1145174402,37
3257317059,37
4729480806,37
4729480807,37
1145174413,37
3830441937,37
4571244660,37
4571238069,37
5503142966,37
355416887,37
109403,37
355416892,37
4571244663,37
109408,38
894485202,38
470727954,38
1236791504,38
1536948578,39
109412,39
109734,39
2504822135,39
1536948474,39
6509584413,39
109414,40
9030029183,40
109728,41
25476134,41
5931509715,41
5931509718,41
5104314272,42
5104314275,42
5104314276,42
25067461,42
7824803495,42
25067463,42
109737,42
7824803497,42
10542989484,42
4166634957,42
4085778931,42
5104314264,42
5104314268,42
5104314269,42
5104314270,42
1951372959,42
109766,43
302013678,43
373402354,44
109780,44
9514602150,45
9514602151,45
9514602152,45
9514602153,45
4922952364,45
4922952370,45
109785,45
6166157035,46
109788,46
4823246342,47
1150003530,47
1685281260,47
1141415215,47
25498004,47
110143,47
1233327202,48
1787108647,48
1787108648,48
1787108649,48
1787108650,48
110238,48
2293833763,49
5374174119,49
5880186827,49
5880186829,49
5880186830,49
5880186833,49
237908,49
3972566716,49
473267328,50
10309153025,50
1649365762,50
4158223748,50
1649365764,50
3763565959,50
8620105223,50
473268999,50
1678452753,50
1649365780,50
1668112790,50
1813794712,50
1813794713,50
6137798425,50
1668112792,50
1239549084,50
1649365789,50
268124704,50
3267461666,50
1649365797,50
1905779367,50
1649365800,50
1905779369,50
5177397419,50
5009054894,50
8620105262,50
1777740337,50
5009054898,50
419632307,50
1649365810,50
10539068598,50
3972566710,50
1649365816,50
368044217,50
1649365820,50
5177397822,50
5177397823,50
2140432704,50
5177397825,50
5177397826,50
10309153022,50
5177397828,50
1214922433,50
1707790023,50
4197401800,50
4197401802,50
1777742666,50
10309140686,50
4150883407,50
4150883409,50
4197401811,50
4197401813,50
237911,50
864817628,50
473266524,50
4034060007,50
2360681703,50
8755808618,50
2360681709,50
473269102,50
1955520879,50
4034060015,50
4034060017,50
4034060018,50
4696544883,50
2265065203,50
2360681711,50
2360681716,50
2265065207,50
2360681713,50
4696545406,50
10309153023,50
4530012702,51
6866779817,51
6866779818,51
282708,51
6866779798,51
6866779799,51
6866779802,51
4530012699,51
6866779806,51
4530012703,51
25438595,52
25438732,52
282719,52
24661273,53
8807431546,53
2961540,53
24950109,53
24950113,54
8807431541,54
2961549,54
5473274891,55
1365887500,55
3136311315,55
3136311316,55
8807429659,55
5473274911,55
5473274969,55
2218340965,55
5473273451,55
5473274990,55
5473273966,55
5473273968,55
3136301320,55
5473273457,55
5473273967,55
3136301321,55
4861365369,55
4861365370,55
5473275004,55
4861365372,55
5473274494,55
5473274493,55
5473274501,55
5473274502,55
5473274503,55
4861365383,55
5473274506,55
5473274507,55
5473274508,55
5473272978,55
5473273490,55
2961557,55
5473274519,55
3136301328,55
5473273499,55
5473273500,55
5473274525,55
5473274528,55
5473274529,55
3136301730,55
5473274531,55
5473274532,55
5473274533,55
5473274534,55
3136301731,55
5473274540,55
5473273571,55
5473273069,55
5473273070,55
5473273071,55
5473273072,55
7223365368,55
1939558651,55
7223365372,55
24659709,55
2622212862,55
2622212860,55
1939558655,55
2622212865,55
5473273604,55
5473273605,55
2538458886,55
5473273607,55
2538458888,55
1939558661,55
5473273610,55
5473273611,55
5473273612,55
2538458893,55
5473273613,55
5473273615,55
1939558672,55
3136301324,55
2538458898,55
3136301325,55
2538458894,55
5473273621,55
5473273622,55
2538458903,55
2538458904,55
5473273623,55
2528522522,55
1939558681,55
1939558684,55
2538458905,55
2622212885,55
1939558687,55
2622212895,55
2622212897,55
2622212889,55
3139677982,55
3139705124,55
2622212903,55
1939558697,55
1939558700,55
4534858546,55
2622212914,55
4534858548,55
2622212925,55
2622212927,55
2622222657,55
2622222658,55
2622222659,55
2622212930,55
2622212933,55
2622212937,55
2622212939,55
2622222668,55
2622212941,55
2622212942,55
24950101,55
5473274710,55
24950102,55
24950104,55
24950105,55
5473273606,55
357999964,55
5473274717,55
5473274724,55
5473274725,55
4866976614,55
5473274242,55
8807431559,55
8807431560,55
1312264600,55
2622212878,55
1939558663,55
1939558666,55
1939558667,55
2538458895,55
2622212887,55
25066457,55
1733389278,55
2218362849,55
5473274866,55
5473274867,55
3215687074,56
2961891,56
1312454086,56
4807512540,56
4807512541,56
25503876,57
25503880,57
5114681227,57
25503885,57
5114681230,57
25504143,57
25504144,57
10572178,57
7607080091,57
7607080092,57
1726730162,57
1726730165,57
1678452793,57
747893184,57
7610670913,57
7610670912,57
7610670919,57
7610670920,57
8785457870,57
8785457871,57
10572785,58
8972511963,58
25496748,58
21583342,58
8785568224,59
8785567914,59
8972441580,59
10572786,59
1985084095,59
1813618432,60
8989843465,60
25497611,60
10607127,60
10607128,60
6871422361,60
6871422360,60
1813618461,60
1813618463,60
1813618465,60
5041784489,60
1596655148,60
1596655149,60
1596655155,60
1813618484,60
5041784501,60
1813618358,60
25473207,60
1596655157,60
5041784633,60
5041784634,60
1813618228,60
1813618229,60
1813618365,60
1813618493,60
1596655161,60
8868824899,60
8868824900,60
8868824901,60
1813618376,60
8868824911,60
8868824912,60
256766545,60
8868824913,60
1366095187,60
8868824914,60
1366095189,60
1813618393,60
10004388708,60
10004388710,60
632447859,60
1813618424,60
1813618426,60
1813618429,60
1813618431,60
435104736,61
435104738,61
435104732,61
10607132,61
435104735,61
5470932256,62
5468301555,62
5470932252,62
10607629,62
1721713699,63
672061444,63
2406484455,63
1312188714,63
1721713677,63
10677374,63
8869464354,64
5046005731,64
5046005730,64
8869464357,64
5046005743,64
5043864464,64
8869435281,64
5046005745,64
1684511955,64
1718328435,64
1718328442,64
316763548,64
10677375,64
10677376,65
2642857203,65
5473274959,65
10677377,66
1401416203,66
1832129960,67
1832248457,67
5374174120,67
1832248458,67
1832129962,67
7203717550,67
5374174224,67
5573931377,67
14672924,67
529722111,67
21307200,68
18393873,68
18395288,69
25161370,69
7610670751,70
7610670752,70
18395811,70
1268900644,70
10310609841,70
1268892338,70
10310609842,70
3664398006,70
3664398007,70
3664398009,70
1268900678,70
3474115151,70
10310609872,70
10311178967,70
10311178970,70
10310609885,70
10311362270,70
10311362271,70
10311362272,70
1725360097,70
10311178978,70
5976850019,70
5976850023,70
5976850024,70
10311178985,70
10311178991,70
7610670710,70
5006781409,71
8869472263,71
18398282,71
632438506,71
20460684,71
10577984012,71
8869472239,71
8869472242,71
4922952363,72
18468951,72
1938819328,73
1938819330,73
25161350,73
1938819335,73
25161351,73
25161352,73
1311962122,73
8807429662,73
8807429663,73
1311962016,73
2387194156,73
1678155318,73
1938819325,73
18468958,73
18468961,73
6369390690,73
6369390692,73
6369390696,73
6369390700,73
1938819317,73
1938819320,73
4830306810,73
4830306813,73
1938819326,73
20458277,74
250549587,74
4618510643,74
1312188692,74
4618510644,74
25497985,75
6978555522,75
5067002882,75
1150003329,75
2990780039,75
20460680,75
1684710025,75
2990806410,75
3739049356,75
5733998227,75
968499092,75
5733998228,75
3739049366,75
3739049365,75
819132568,75
1684710044,75
1684781470,75
8975833905,75
6978563378,75
1758554291,75
8975833911,75
256766532,75
256766533,75
748941508,75
1150003147,75
1150003532,75
1759454429,75
6978557152,75
1759454305,75
5041784423,75
5067002862,75
3739049327,75
1150003571,75
5067002867,75
25497981,75
6978555518,75
5609643647,75
1326821569,76
7553479208,76
20460681,76
7553479212,76
20460686,76
372050299,76
5238523291,77
5238528591,77
20460687,77
20460696,78
20460690,78
20625793,79
5905807278,79
5905807279,79
10544409928,79
10544409929,79
10544409930,79
25474005,79
10544409948,79
10544409950,79
25474015,79
10544409954,79
10544409957,79
10544409958,79
10544409959,79
10544409960,79
10544409961,79
10544409963,79
10544409964,79
10544409966,79
10544409967,79
3616299208,80
20626282,80
8675201272,80
4777897926,80
25067398,81
4085778920,81
7824747306,81
20626301,81
1536948431,81
6446301329,81
4085778930,81
5146186589,81
5146186590,81
5146186591,81
20626304,82
2941549929,82
5124166978,83
20626307,83
3796814729,84
4866475738,84
2012970414,84
20626311,84
20626312,85
7572522540,85
4866475729,85
4866475730,85
4866475734,85
1536948536,85
1852996954,85
7572522523,85
7572522556,85
1536948477,85
2504847039,85
7572833352,86
7572833353,86
20626314,86
7572522513,87
20626316,87
7572522510,87
7572522511,87
2398924896,88
20965798,88
20965800,88
2398924877,88
7946378606,88
2398924886,88
20965801,89
2398924898,89
25524297,90
3328228994,90
21392267,90
21392273,91
3972566713,91
1707790076,91
21392276,92
4156336278,92
6606135977,93
6606135979,93
6606135983,93
21392279,93
6218501761,94
21523714,94
3145798533,94
4726152844,94
3215685153,94
5342236733,94
5342236734,94
5342236743,94
6465896907,94
6465896909,94
471488469,94
6218501725,94
6218501730,94
6218501736,94
6218501737,94
1678283242,94
1678283247,94
6218501745,94
6218501746,94
21523718,95
252729234,95
4726152859,95
4726152860,95
1014649631,95
2934288512,96
10596794785,96
27459970,96
5165786242,96
5009060057,96
5165786245,96
21523719,96
4138224462,96
4138224463,96
5335233113,96
2934288510,96
1617596646,97
21563463,97
1617596621,97
21563503,97
1617596626,97
1617596627,97
1617596669,97
1707790096,98
21563479,98
21563481,99
21563489,99
21563504,100
762080105,100
1020211942,101
1617596711,101
8785484298,101
762080077,101
21563507,101
21563508,101
8785484312,101
4530270906,101
269589467,101
6828921212,102
21563788,102
21565570,103
1835355913,103
25504145,103
25504146,103
1835355922,103
25504148,103
25504149,103
25504150,103
1835355929,103
1835355936,103
1835355940,103
1835355946,103
1835355955,103
1678452795,103
1835355964,103
1835355965,103
1678452796,103
1678452797,103
1835355972,103
1777727945,103
8785457865,103
1777727947,103
8785457866,103
1777727949,103
1777727950,103
8785457867,103
470729292,103
1777727958,103
1777727960,103
1777727961,103
1777727962,103
1707790044,103
367105757,103
7223709667,103
1793420652,103
1707790062,103
1793420660,103
1268892533,103
1268892541,103
25498458,104
21578454,104
8785568223,104
6863550501,105
21583366,105
4017328647,105
1419565097,105
25378129,105
2586616722,105
4076095797,106
21685484,106
4370333637,106
4076095791,106
4462680070,107
9203541611,107
21686572,107
9203541612,107
21686574,107
9236477422,107
4462683090,107
21693787,108
25500239,108
21693795,109
8868824855,109
3515286913,110
3471375905,110
5565466183,110
1493676622,110
21990614,110
4556931604,111
21990622,111
21990624,112
21990625,112
250325411,112
2003007012,112
3334162601,112
1779589718,112
250327100,112
21990627,113
475396924,113
5565443389,114
21990629,114
5565443390,115
250327618,115
21990630,115
8869464392,116
8869464378,116
5042033643,116
21990631,116
21990632,117
1718566886,117
1718566880,117
4298970368,118
4298970372,118
4298970376,118
9820537993,118
4298970380,118
4298970384,118
4298970388,118
4297243292,118
4298971293,118
4297243295,118
9693963681,118
4297243298,118
9820538020,118
4297243301,118
4158004390,118
9820538022,118
9820538021,118
4297243306,118
710657963,118
1938953406,118
1938953413,118
748797126,118
9820537932,118
9820537933,118
6828863694,118
355416911,118
4297242961,118
4297243218,118
6828863697,118
25499093,118
355416920,118
748797145,118
9576827482,118
1664571227,118
25475674,118
775984737,118
775984738,118
748797155,118
4297054053,118
4297242983,118
422573549,118
21990638,118
1913216493,118
25475693,118
108406,118
4298970364,118
9820537981,118
9820537982,118
25161349,119
25161367,119
24658003,119
24658007,119
25066333,119
6116290274,120
24659947,120
6948380395,120
6948380400,120
6948380401,120
24949780,120
24950064,121
24660697,121
5473273425,121
24950114,121
9693920800,122
9693920796,122
9693920797,122
24660863,122
1418752689,123
24662037,123
5094718794,124
5094718798,124
24949783,124
25248129,125
25248130,125
24661419,125
25070924,125
24950061,125
1497452184,125
25071133,125
2538458889,126
25248113,126
25248114,126
2538458899,126
24950107,126
24950110,127
24950111,127
24950112,128
25248126,128
2378843907,129
1678226827,129
5473273227,129
25161362,129
25161363,129
5473273364,129
5473273368,129
5065949596,129
1678226846,129
5065949598,129
5473273379,129
4867087524,129
4867087532,129
3076574254,129
4867087535,129
3076574255,129
5473273139,129
5473273140,129
5473273141,129
5473273142,129
5473273399,129
5473273154,129
1312454094,129
6018098767,129
5473273295,129
5473273429,129
1678227031,129
5473273305,129
5141354330,129
5141354331,129
3153656028,129
5473272666,129
3153656030,129
5473272665,129
5473273441,129
24950115,129
8807431534,129
5473273326,129
8807431536,129
5049840244,129
5473273332,129
316763501,130
24950117,130
5046314043,131
25632860,131
24951854,131
10544113920,132
10544113922,132
24952195,132
10544113923,132
3887940999,132
2528522518,132
2528522524,132
2528522528,132
2528522530,132
6985465124,132
6985465127,132
6985465130,132
6985465133,132
2528522542,132
2528522549,132
6886012733,132
1556324684,132
3385387604,132
3385387606,132
3385356250,132
25532273,132
1689387896,132
1689387903,132
3887941010,133
24952268,133
6446269173,133
5087519104,134
25066338,134
25161347,134
5087519106,134
25066412,134
5090420611,135
25161348,135
5090420613,135
5090420614,135
5090420940,135
5090420941,135
25066419,135
8807429660,135
1717650794,136
25066451,136
25066453,136
25066784,137
25066694,137
25067264,138
25067265,138
25067298,138
25067266,139
1852996996,139
4085778922,139
4866552622,139
4866552623,139
6509584414,139
25067305,140
2566132610,140
2566132611,140
25067727,141
5104314096,141
25067728,141
5104314358,141
25067479,141
25067670,141
1719529597,141
1569312412,142
25067871,142
5141216792,143
5141216745,143
25067883,143
5141216790,143
6032044857,144
25067914,144
25067929,144
25067936,145
5141216742,145
5141216746,145
5141216782,145
5141216785,145
5141216787,145
2642857197,146
25068755,146
25248117,146
2642857199,146
25071136,147
25071145,147
2793874587,147
25071137,147
25071139,148
25071142,148
25151180,149
1832129958,149
25161346,150
4922952372,150
25161360,151
7906964248,151
5141625698,151
7906964249,151
25161371,152
28800667,152
5146186503,153
5146186504,153
5146186505,153
5146186507,153
25161373,153
7824747295,153
7824747302,153
6967585840,153
6967585841,153
6967585842,153
6967585843,153
1827389620,153
6967585845,153
1782727992,153
6446304190,153
5201625535,153
5201625537,153
5201625539,153
5201625541,153
700774224,153
4085778919,153
4085778927,153
4085778933,153
4085783105,154
5141228834,154
10543014339,154
4085783107,154
4085783106,154
7911267685,154
10543014343,154
7911267688,154
10543014346,154
6032044874,154
1722621711,154
1722621718,154
7911231384,154
6446292570,154
6446292571,154
25161375,154
3375451555,155
25248123,155
25248124,155
30056277,155
25248125,156
1211381855,156
10306429318,157
4166634955,157
4166634961,157
4166634962,157
5340811825,157
6446292564,157
25265077,157
3887941013,157
4085783099,157
2059790748,157
10306429312,158
10306423498,158
10306423499,158
25265080,158
2278320154,158
25504129,159
25504134,159
4643337012,159
2005131543,159
25503865,159
25503867,159
25503869,159
25470782,159
7610670890,160
7610670892,160
25470928,160
1678452788,160
1678452789,160
25471090,161
2036181339,161
1309180610,162
1309180612,162
1723389067,162
7792756412,162
7792756414,162
25471135,162
1309180608,163
25471274,163
7447565849,163
25632854,163
7447637305,163
7447637306,163
3691462888,164
25471289,164
2036185421,165
25472215,165
2294047355,166
25472324,166
321255907,166
4675821921,167
4675821924,167
4675821925,167
4675821931,167
4675821932,167
762080111,167
4675821944,167
25472379,167
4675821968,168
6483733489,168
25472428,168
6483733493,168
25472800,169
2940401398,169
25472890,170
1617647934,170
4675822095,170
1311962080,171
25473200,171
25473199,171
1813618304,172
1759454211,172
3739049382,172
5060388105,172
1401893675,172
5060388107,172
1759454222,172
875789647,172
1150003472,172
5060388110,172
25473202,172
5060388115,172
1311962012,172
1150003197,172
25473204,173
25473205,173
5574049698,174
5574049700,174
5574049702,174
5574049703,174
6779394887,174
5574049707,174
5574049709,174
4136124526,174
5574049717,174
25473279,174
25473281,175
8497605091,175
4777885221,175
4773889323,175
25474019,176
5976760444,176
5976760446,176
9694091976,177
9694091978,177
25475053,177
9694091983,177
9694091984,177
25475072,178
25496910,178
585180151,178
6332695639,178
277337783,178
4529839800,178
7236131862,178
6332695642,178
25475330,179
25475332,179
1617647944,179
25475182,179
762080145,179
762080190,179
25475328,180
9700060290,180
9700060291,180
9700060292,180
1155552322,180
1155552319,180
1990912136,180
1951242857,180
3385332654,180
9683686963,180
1990912115,180
4832472797,180
1137777343,180
269550786,181
25475331,181
8373690819,181
1617647945,181
1617596714,181
8785484306,181
269550898,181
4689775126,181
8785484313,181
269550330,181
269550783,181
9135845216,182
25475417,182
3733791671,182
1233350889,183
283061836,183
1233350862,183
675734610,183
1402070363,183
675734613,183
25475419,183
1402070364,183
1402070365,183
675734622,183
25475561,184
9690878337,184
25475550,184
9699961628,185
25475661,185
1796137508,185
9690915267,186
8064065316,186
25475663,186
6696695781,187
25475678,187
25475688,188
25475690,188
9820538027,188
25475691,188
25499095,188
435104728,189
25475692,189
25475694,189
25475712,190
8064065315,190
25475754,191
1493229962,191
28728208,192
25477106,192
28728205,192
306439304,193
8632535522,193
25477149,193
8632535535,193
306439310,194
8632535532,194
25477150,194
306439338,195
25477154,195
306439329,196
25477156,196
25477197,197
2402557839,197
3809744384,198
3809744385,198
3809744386,198
3809744387,198
338319877,198
3809744389,198
3809744390,198
3809744392,198
3809744395,198
3809744396,198
3809744398,198
3809744400,198
3809744401,198
3809744403,198
3809744404,198
906172949,198
3809744406,198
4317178392,198
3809744409,198
3809744412,198
3809744414,198
3809744415,198
3809744416,198
3809744417,198
3809744418,198
3809744419,198
3809744421,198
1150003237,198
3809744423,198
3809744426,198
3809744430,198
3809744431,198
3809744432,198
3809744433,198
3809744434,198
3809744436,198
3809744439,198
3809744443,198
3809744444,198
3809744446,198
3805378111,198
1390303296,198
3805378113,198
3805378114,198
3809744451,198
3805378116,198
3809744453,198
3805378117,198
3805378119,198
3805378120,198
3805378121,198
3805378122,198
3805378123,198
3805378124,198
3629217348,198
1327865952,198
4383581281,198
1327865953,198
1327865957,198
25477224,198
7151566952,198
250327660,198
3808625773,198
3808625778,198
3808625780,198
3808625782,198
3808625785,198
3808625786,198
3808625791,198
3808625796,198
4749094023,198
1271712905,198
4749094026,198
3808625804,198
1271712911,198
3808625809,198
1271712914,198
2129578132,198
2129578133,198
1271804564,198
1271712920,198
1150003354,198
1271712922,198
2129578142,198
1271712931,198
1271712934,198
3808625831,198
3808626859,198
3808626860,198
3808625835,198
3809744558,198
3808626862,198
3808625837,198
9030284977,198
3808626865,198
3808625843,198
3808626868,198
3809744565,198
3808626869,198
9030284983,198
3808626872,198
1150003385,198
1255487162,198
3809744571,198
3809744572,198
1271712957,198
806373565,198
3808625855,198
3808625853,198
3808626878,198
3808626882,198
1039290561,198
3808626884,198
1255487171,198
3808626886,198
1255487174,198
1255487176,198
1255487177,198
3808626887,198
3808626893,198
3808626895,198
3808626896,198
1255487187,198
3808626902,198
3808626904,198
3808626905,198
728370399,198
8210567392,198
3808626913,198
3808626914,198
8210567395,198
1039290594,198
3808626912,198
8210567396,198
8210567401,198
8210567402,198
3808626923,198
3808626922,198
6574794989,198
3808626929,198
3805378112,198
3808626934,198
3808626935,198
1255320311,198
3629217345,198
3808626940,198
3808626941,198
4317211389,198
3629217346,198
3808626945,198
3629217347,198
3808626947,198
251757321,198
1255490314,198
3733299982,198
1255320339,198
3733299988,198
1255320354,198
1255320363,198
4316822830,198
1255320367,198
8042031957,198
8042031958,198
1271774552,198
3805122394,198
3805122396,198
4382350190,198
4382273404,198
3988141441,198
3988141442,198
1255369105,198
1255369111,198
1255369125,198
4317187494,198
1255369128,198
3808625844,198
1255369135,198
3093894066,198
1255369140,198
3809870261,198
3809870262,198
3809870264,198
3809870265,198
3809870266,198
3809870267,198
1255369148,198
3809870269,198
3809870270,198
2560785849,198
3809870272,198
3809870273,198
4511948225,198
1255369152,198
1255369156,198
3809870277,198
1255369159,198
3809870281,198
3809870283,198
4511972301,198
4511972302,198
3809870287,198
3809870288,198
3152307669,198
3808626871,198
3808625854,198
1271712946,198
2254629351,198
4316823023,198
3637436403,198
3637436404,198
3809744380,198
3809744381,198
3809744383,198
1327865956,199
2935373159,199
249558409,199
57786953,199
25477228,199
3673602988,199
3809870260,199
25477301,199
25477335,199
25477339,199
3735886877,199
5925626143,199
28419328,200
3528738439,200
3528738440,200
5257738380,200
5257738381,200
5257738382,200
5257738383,200
5257738384,200
5257738385,200
5257738386,200
5257738387,200
5257738388,200
2934411667,200
5160943793,200
5160943794,200
5160943795,200
5160943796,200
5160943797,200
5174828980,200
5160943798,200
5160943800,200
5160943799,200
8042031930,200
5160943803,200
5160943804,200
5160943806,200
5160943807,200
5160943808,200
4144358216,200
4144358217,200
5174825175,200
5174825176,200
251757533,200
5174825183,200
25477371,200
249679102,200
819157946,201
25477858,201
3661703766,201
1832052008,202
25495542,202
1832129783,202
25495617,203
25495618,203
350437608,203
5976672308,203
1816038230,203
25495769,203
10543800252,203
8645592520,204
8645592521,204
25495858,204
25495639,204
25495640,204
25495648,205
5014591895,205
25495646,205
1953202903,205
1832052016,206
25495819,206
350628799,206
6354294763,207
25495820,207
1834657466,207
6354294779,207
1834657469,207
350437528,208
4275394254,208
25495822,208
4275398720,209
4275398721,209
4275398723,209
25495852,209
4275398714,209
4275398716,209
25495857,210
269550332,210
4689775161,210
759123955,211
25496100,211
269550896,212
25496617,212
269550331,212
269550684,212
7279228683,213
25496773,213
25496777,214
663363473,214
8972511964,214
25496785,215
1958800795,215
8972441125,215
8972441126,215
1985084137,216
25496787,216
1985084135,216
25496788,217
25496781,217
25496800,218
5014591889,218
1816038199,218
8972441579,219
5265830862,219
25496815,219
25496825,220
5060391418,220
5060391821,220
1832129794,221
25496847,221
1832129776,221
1832129778,221
4077495826,221
1832129785,221
1684437690,221
1684437692,221
1832129789,221
25496920,222
4920098344,222
9820537921,223
9820537954,223
9820537955,223
9820537957,223
108393,223
7947041713,223
1601797458,223
9820537917,223
4571238068,223
1326821457,223
9820538006,223
9820538002,223
9820538004,223
5095890460,223
1938953431,223
25497340,223
1938953437,223
4142725554,224
25497595,224
25497603,225
1547657140,225
9693963688,226
1816705193,226
25497619,226
1816705177,226
1816705183,226
2480657188,227
25632678,227
2480657190,227
25497968,227
2135411292,227
2135411293,227
25497978,228
25497979,228
2755124807,228
2755124815,228
1723388960,229
5006916678,229
1723388970,229
25497997,229
1723388974,229
1723388981,229
390073175,229
1723388988,229
1723388957,229
6374802559,229
1685281025,230
1685281029,230
1685281031,230
1685281032,230
1685281035,230
1685281041,230
1685281045,230
1685281175,230
25498010,230
1686463389,230
1685281053,230
1686463392,230
1685281056,230
1685281058,230
1686463397,230
1685281061,230
1685281063,230
1685281064,230
1686463794,230
1685281075,230
1141415220,230
1685281077,230
1685281087,230
1686463428,230
1685281104,230
1685281123,230
1685281003,230
1685281006,230
1685281010,230
1685281011,230
1685281013,230
1685281017,230
1685281020,230
1685281021,230
250550447,231
25498015,231
25498016,232
6569580040,232
25498018,233
6374802582,233
6374802583,233
7792756672,234
7792756674,234
7792756676,234
7792756680,234
7792756713,234
25498026,234
5711517569,235
5711517565,235
25499655,235
4378043682,236
25500246,236
25503841,237
25471681,237
1726730303,237
748885408,238
4240028578,238
4240028580,238
25503860,238
25503862,238
25505679,239
9988193967,239
25505607,239
4962956931,240
1828402760,240
9611081868,240
1938819283,240
2012969972,240
25505629,240
5223919938,241
3272782406,241
1312454087,241
25532332,241
3272712566,241
5473273376,242
1951616261,242
1951616268,242
5473273433,242
5473273363,242
1951616276,242
1782714747,242
25532377,242
5473273435,242
5473273372,242
5473273373,242
25532384,243
5227220846,243
6463230640,243
5238587992,243
6463234329,243
5238587994,243
1951616319,243
25532464,244
8807410152,244
5340811717,245
5340811719,245
5340811720,245
1401459399,245
1401459400,245
1401459403,245
25544110,245
5340811707,245
2577040703,245
316763584,246
5046627553,246
316763586,246
316763600,246
1215563891,246
25632859,246
5046627645,246
25632864,247
25632865,247
1150003264,248
1141487746,248
25632870,248
5067002855,248
1150003247,248
8784212017,248
8784177716,248
5306194265,249
25634199,249
761830989,250
761831057,250
270110481,250
26374230,250
26374231,250
761831004,250
761831037,250
7271474850,251
7271474852,251
7271474841,251
26374236,251
26374237,251
27458331,252
1566269741,252
5342236721,252
1566270021,252
5335245254,252
5335245256,252
5335245257,252
1566270409,252
692162510,252
27481039,252
27481040,252
27481041,252
692162514,252
27481044,252
30056280,252
692162527,252
5768339816,252
5768339817,252
30057965,252
692162559,252
5342236739,253
1550763620,253
5342236740,253
27458353,253
471488472,253
2914561272,254
28418497,254
6995618979,254
2935392676,254
3528738438,254
9080098310,254
9080098315,254
27459116,254
9080098316,254
27459120,254
302013776,254
3073173585,254
3528710291,254
9030037139,254
1014803736,254
2914561274,254
27459165,254
27460210,255
429346236,255
4534184514,255
27459198,255
4430996033,256
27459971,256
3906588452,256
3247933381,256
2934288518,256
3906588454,256
27459729,256
2934288530,256
27460198,257
843376594,257
2870261844,257
27459830,257
6995618971,257
3906588446,257
27459905,258
429346242,258
1312471267,258
429346243,258
429346244,258
742399752,258
4629462859,258
429346253,258
5116226063,258
28418877,258
3906588448,259
27460226,259
3930921860,259
251892523,259
3708234956,259
3708234955,259
3708234957,259
4089885906,259
3932064154,259
3932064156,259
3932064957,259
27480957,260
347542742,260
347542743,260
27480960,261
9678821156,261
28193265,262
3170676207,262
3894948098,263
3894948099,263
3894948100,263
249679365,263
4344245894,263
3014236566,263
3014236567,263
3014236569,263
3014236570,263
7817162919,263
3068270516,263
2140124982,263
2140124983,263
3186593720,263
3068270518,263
3186593722,263
7817166393,263
249679420,263
7817166397,263
1014803704,263
5768339777,263
1042862659,263
2140124996,263
7817166407,263
28418138,263
28418141,263
3892081373,263
3892081377,263
3892081378,263
3892081382,263
1014803686,263
3892081384,263
1014803691,263
302013682,263
302013688,263
3894948091,263
3894948093,263
28418144,264
472493763,264
4344245892,264
4344245893,264
6969936102,264
9080123621,264
6969936104,264
6969936106,264
6969936108,264
6969936109,264
6969936110,264
302013777,264
6969936114,264
6969936115,264
6969936116,264
6969936117,264
27460250,264
249679168,265
5924603458,265
28418580,265
4155841816,266
843376610,266
32838084,266
28418859,266
843376591,266
4223357841,266
4155841810,266
4155841811,266
3632581622,266
4430996024,266
4155841818,266
4430996027,266
4155841820,266
5106520280,267
429346251,267
28418909,267
3984132032,268
3984132036,268
3984132037,268
302013708,268
4422013486,268
4089885902,268
28418929,268
2990651905,269
1758552547,269
1758552521,269
1758552522,269
1758552555,269
1758552524,269
1758552559,269
1758552592,269
2990664881,269
28800660,269
1758552541,269
1401908258,270
250550174,270
28800661,270
28800662,270
1758552682,271
5040168491,271
1759454378,271
1759454351,271
973128722,271
28800663,271
2990716985,271
8869464371,272
28800668,272
8869464390,273
5041945479,273
250550024,273
5041945480,273
250550023,273
873809385,273
8869464398,273
8869464407,273
1343823418,273
28800670,273
3375451561,274
30056255,274
1547392865,275
30056330,275
5580861156,275
707377287,275
32825440,276
843376569,276
32825442,277
843376588,277
32921724,278
761830991,278
32921728,279
32921729,279
32921731,279
4697525030,279
4697525032,279
1401849768,279
26374229,279
270110053,280
270110054,280
32921737,280
32921738,280
270109325,280
751837551,280
751837591,280
32921748,281
32921743,281
8785567909,282
7223668012,282
5006063180,282
7223704403,282
7223704404,282
33141178,282
1148276284,282
8785568222,282
3741131608,283
149431715,283
3247824558,284
149451622,284
354886099,285
213668839,285
1685276643,286
250549700,286
250549699,286
8868010217,286
213668842,286
213668844,286
8868010221,286
8868010202,286
8868010204,286
255700677,287
250327547,287
2642878644,287
213672005,287
2987752071,288
2987752073,288
2990717001,288
2987752074,288
5269670540,288
244128951,288
2990716984,288
249558964,289
1042862718,289
7815533545,290
7815533546,290
249558966,290
249559005,291
302013662,291
249560091,292
7900221087,292
4116809027,293
249679343,293
4948602211,294
3168378376,294
4949004105,294
4949004106,294
249679407,294
670103314,294
249679418,294
250326914,295
1401416208,295
8868010160,295
8868010162,295
250327159,295
250327037,296
1310663631,296
250327576,297
2642612586,297
4453606953,298
250549282,298
4224123324,298
4453606958,298
3114645200,299
354886082,299
250549670,299
3550836104,300
251757458,300
251757452,300
3550836102,300
1039290567,301
5242815659,301
1039322102,301
251757615,301
252601811,302
4430996044,302
256766536,303
256766537,303
1837610896,304
1163955034,304
269547420,304
1837610895,304
1163955128,305
269549105,305
10196915587,306
10196915588,306
10196915589,306
321255910,306
321255911,306
751837736,306
10196915593,306
2134066506,306
1419544126,306
270109326,306
270109327,306
1419544142,306
1401849779,306
270109370,306
270112539,306
270112540,306
270110142,306
283062189,307
690295047,307
302013666,308
302013668,308
302013672,309
27480956,309
4344245890,310
302013683,310
302013685,310
7899973206,310
316763513,311
316763500,311
2990806415,312
1759454163,312
2990806411,312
316763559,312
316763595,313
316763590,313
323260106,314
1816038214,314
4275394255,315
350377999,315
367121266,316
3708234964,316
1547013743,316
1233350847,317
7644741346,317
7644741345,317
7644741348,317
6110164647,317
377490664,317
1312932849,317
10013517434,317
7644741343,317
1686463489,318
1686463523,318
3739049325,318
1686463503,318
1686463471,318
1686463505,318
1686463476,318
1686463510,318
390073208,318
4085767970,319
419350723,319
4085767979,319
4089236236,319
419350669,319
1536948492,319
4166634960,319
429346241,320
4534184515,320
1813618288,321
435104715,321
435104717,321
1723340842,322
435104742,322
8972511962,323
438170475,323
5711517570,324
5711517571,324
4703559689,324
5479654172,324
5479654175,324
5479654177,324
2331184930,324
2331184932,324
2331184935,324
1723388979,324
446765895,324
446765900,324
5479655630,324
4703542485,324
4703542486,324
6525670236,324
6525670237,324
2135411294,324
2135389151,324
2135411296,324
2135411297,324
6525670242,324
7882485394,325
10308697502,325
469785734,325
470727722,326
4822267094,326
1707790074,326
8807441179,327
10311362236,327
470729237,327
1655418222,327
471488499,328
1493722803,328
10543014340,329
1722621701,329
10542989479,329
1719663634,329
1719529599,329
473219610,329
1719661631,329
2137096880,330
473257581,330
473258313,331
10543014390,331
6458938007,331
6458938008,331
5905893980,331
473262660,332
473262822,332
490947124,333
490947077,333
9135848928,334
585130362,334
9683400934,335
4085387943,335
4085387945,335
5574051321,335
4166219502,335
8031801454,335
5574049719,335
3999987604,335
9683633717,335
9683633718,335
5574049718,335
4085600696,335
4229228089,335
4085600698,335
585148380,335
1561411396,336
585201189,336
4462680068,337
7840712839,337
4462680078,337
5642519055,337
5642519056,337
5642519060,337
595709975,337
5573994014,337
5573994016,337
5573994020,337
1360122937,337
4512763345,337
4512763347,337
5839155672,337
1360122841,337
5460658138,337
1360122860,337
5573931376,337
1360122866,337
5573931380,337
5573931381,337
5573931384,337
3068267824,338
670103313,338
3068267825,338
673420216,339
1563638022,339
4117882857,340
2528522547,340
694824861,340
697044225,341
707377382,341
5904615699,342
713363180,342
2528483742,342
4715264001,343
4715264002,343
4715264004,343
722208263,343
4715263992,343
4136137530,343
1609966639,344
4370333651,344
4370333653,344
748799641,344
4370333657,344
751837654,345
751837622,345
761830981,346
761830987,346
9566848716,346
761831019,346
761831023,346
761831000,346
761831007,346
796809545,347
8497605078,347
6446218920,348
811035012,348
6446229925,348
835390894,349
835390887,349
4155841827,350
843376643,350
5146186489,351
950703626,351
1039322041,352
5174825178,352
5174825180,352
5174825181,352
4922952374,353
4922952365,353
1046306670,353
1141415202,354
1150003340,354
1150003503,354
1141487723,355
1150003155,355
5060405427,355
5060405429,355
5060405430,355
5060405434,355
1145174417,356
1145174418,356
9805100783,356
1816705135,356
5353127105,357
1145174435,357
1145174437,357
4158122222,357
1261120430,357
4158122223,357
1816777873,357
1261120402,357
1816777874,357
1816609498,358
1145174508,358
1145174501,358
1816777820,358
1150003141,359
5609643622,359
1150003479,359
1150003224,360
1150003170,360
1150003563,360
1150003238,360
6816821186,361
5609643682,361
5609643652,361
5609643653,361
5609643686,361
5609643685,361
5609643656,361
5609643687,361
1150003213,361
5609643662,361
5609643673,361
5609643674,361
5609643676,361
1150003270,362
4823246344,362
1684835241,362
1309067472,362
1493658224,362
1685281076,362
1685281046,362
1685281079,362
1150003289,363
5040168489,363
1150003400,364
1731225575,364
1238259337,365
1731235492,365
1731235606,365
1150003423,365
5565486432,366
5565486434,366
3197339676,366
1150003480,366
3197339673,366
3197339674,366
1150003547,366
5565487612,366
1731225566,366
1163955119,367
1401870341,367
1163955037,367
5353114285,367
1233353464,368
1233353467,368
1233353642,369
1233353631,369
1987381555,370
1237876710,370
1237876703,370
1736734053,371
1238249900,371
1238249901,371
1238249904,371
7900221108,371
1255491496,372
1255369133,372
4511972303,372
1255491504,372
4511972304,372
1255491506,372
1255487160,373
1255487172,373
1255487166,373
5009054881,374
1268903266,374
10541894095,374
10541894097,374
4627445239,374
10310609849,374
1722268388,375
2387232554,375
2387232559,375
1722268367,375
1280491924,375
1280491926,375
1722268381,375
3741117630,375
2402557599,375
4807521484,376
7636278199,376
1309067471,376
3741131600,376
3320754320,376
8898783674,376
3320754322,376
7636278196,376
7636278195,376
3741131606,376
7636278198,376
1723315608,376
3247825561,376
3247825562,376
7636278200,376
7636278193,376
7636244314,376
2545230474,377
1312188614,377
2538458897,378
1312188886,378
2218344503,378
3741078112,379
1312319838,379
1939632514,380
2923703875,380
1939632519,380
1312335310,380
3870640530,380
5238500306,380
5238500308,380
5238500312,380
5238500313,380
1326821568,381
3830441923,381
3197339666,382
3197339667,382
1327865950,382
3794876751,382
1401893666,383
3739049383,383
1401926435,384
2387194149,384
2387194150,384
2387194123,384
2387194127,384
2387194128,384
2387194131,384
2387194133,384
8807429661,384
1547013592,385
1547013588,385
1547013574,385
1547013589,386
8807410151,386
1547013667,387
4402594986,387
1547013655,387
4402629177,387
4402629178,387
4402629180,387
1547013699,388
1550763732,388
1547013705,389
8807410149,389
4619022513,390
4619022514,390
6600283121,390
1547013754,390
3830029915,390
3830043581,390
1547392771,391
1547392927,391
1547657104,392
8064065323,392
8064065324,392
6218468163,393
1550763708,393
9704122317,393
6218468164,393
1556097098,394
1951372909,394
10306429333,394
1556097245,394
1951372927,394
5905897286,395
1556097111,395
1556097177,396
5905896973,396
1556097166,396
1556097306,397
1556097431,397
4169714272,398
7911282826,398
10306429323,398
1556097326,398
10306429327,398
8675201264,398
10306429328,398
4169714270,398
4169714271,398
1556097387,399
6446229933,399
3887941007,399
1556260024,400
3887941009,400
6446256190,400
1587318992,401
1587318999,401
1817617689,402
1596648669,402
1596648671,402
1599652497,403
5503142970,403
1599652492,403
5503142969,403
1609966643,404
1609966653,404
1617532088,405
4697287185,405
4696544876,405
4663312759,405
25473048,406
1617596591,406
1617596593,407
3328228993,407
6866592992,408
6866516262,408
2453947051,408
1637578547,408
1637578516,408
6866516278,408
1637578522,408
1637578551,409
1637578535,409
1649365894,410
1649365878,410
1664571236,411
1664571164,411
1664571229,411
1668135493,412
5565475799,412
10539068544,413
6509684096,413
10539589696,413
10539589701,413
1828402758,413
4085767974,413
10539589704,413
2665239978,413
10539589707,413
1678452780,413
10539589706,413
4085767983,413
10539648210,413
2620105428,413
4085767989,413
7610670769,414
7610670771,414
1678452790,414
6816821193,415
1684781436,415
1684781421,415
4948630427,416
4948630428,416
1684781486,416
6014333809,417
1684835019,417
1684835062,417
1684835097,417
1684835152,418
1684835156,418
1685281036,419
1685281022,419
1707790024,420
1707790026,420
4650375494,421
1707790055,421
1707790057,421
4650375504,421
4650375505,421
1707790067,421
4650375508,421
4658088539,421
1955520890,421
3972566715,421
1707790105,422
6828921210,422
6828921211,422
1717643512,423
1717643505,423
1717643537,424
1717643530,424
1723388976,425
1723388986,425
1726730080,426
1835356006,426
1835355944,426
1726730120,426
1726730123,426
1835356013,426
1835355953,426
1726730167,426
1835355961,426
1726730043,426
6458938011,427
6446292572,427
1727515734,427
1728472241,428
1731235489,428
2935373161,429
1731235534,429
1731235511,429
1731235545,430
1731235557,430
1731235558,430
1733389217,431
1733389314,431
1733389249,431
1733389349,431
3141814027,431
5334381837,431
5473274896,431
3141817429,431
1736685635,432
1736685679,432
2990651904,433
2990651906,433
2990651907,433
2990651908,433
2990651909,433
2990651910,433
2990651911,433
2990651912,433
2990651914,433
2990651918,433
2990651920,433
2990651921,433
1758552597,433
6866779809,434
6866779810,434
4316306161,434
4316306163,434
4316306164,434
2632761651,434
1761598585,434
6866779804,434
2920433449,435
1787108626,435
3107212073,436
1816609486,436
1816705152,437
1816705180,437
1816705168,437
1816705175,437
1816705250,438
1816705227,438
1816705235,438
1816705242,438
1816705246,438
4158000323,439
1816959492,439
4142725558,439
1817617691,440
1817617692,440
1832129809,441
4462680082,441
1832129796,441
1832228100,442
1832228080,442
1832228112,442
1832228144,442
1832228083,442
1832228115,442
1832228120,442
1832228159,442
1832666001,443
1832665997,443
1882379248,444
10090013713,444
10090013714,444
2306288080,444
3247578846,444
3987750688,445
5269678593,445
1951190474,445
1951616322,446
5096270631,446
1990694620,447
1990694647,447
2502545024,448
9619940387,448
1990912102,448
1990912134,448
4117896490,448
2502545041,448
9683400946,448
9678366518,448
9678523000,448
8031800090,448
8031800092,448
8031800094,448
2118622488,449
2118622487,449
2168949324,450
2168949325,450
8814668137,451
2197518969,451
8814668138,451
8814668133,451
5342236744,452
5641663538,452
5342236723,452
5342236724,452
5641663539,452
5342236728,452
2203268985,452
5342229818,452
6218501723,452
3265436260,453
4175081594,453
2341656968,453
4085747017,453
4697287178,453
4697287177,453
3911044734,453
4696568110,453
4174200048,453
3265436691,453
4696544885,453
4696545399,453
4175081593,453
4166662874,453
4166662878,453
2453947049,454
4211515634,454
2480657186,455
5060405446,455
2496836291,456
2496836303,456
6867581464,457
6867581465,457
2528483741,457
2528484781,457
3247589712,458
6569580044,458
6569580045,458
2531863975,458
2531863977,459
2531863978,459
2755124947,460
2755124949,460
6995618977,461
2872704413,461
2872704414,461
2935373301,462
3809870263,462
2941549928,463
3519324894,463
3739049344,464
2990721387,464
5992797788,464
2990721390,465
2990721391,465
3739049346,466
2990732269,466
3081980920,467
3081980922,467
4749090120,468
3093897990,468
3100169049,469
107637,469
6116290280,470
5473274253,470
5473274254,470
5473274260,470
3139655930,470
3139655933,470
5473273470,470
3158794148,471
3158794151,471
5473273067,471
5473273068,471
5473272882,471
5473272983,471
5473272984,471
3197339661,472
3170676206,472
3197339662,472
3272782432,473
1547013738,473
3272782431,473
5565466177,474
4086232870,474
4086232871,474
3471375913,474
3629223884,474
3629223885,474
3528711722,475
3682538298,475
3578315456,476
3586606037,476
3586606038,477
3586606039,477
3629223881,478
3629223890,478
4086232866,478
3704225378,479
4085778924,479
4085778928,479
4866552625,479
4085778934,479
25066684,479
3725817386,480
6374802579,480
3763565961,481
8755808627,481
8755805305,481
10539068550,481
3809744584,482
3808627066,482
3808627061,482
3809744583,482
3987750692,483
5977954180,483
9673189926,483
6110164649,483
7900888467,483
3850146457,483
6446292562,484
3887941012,484
5788363874,485
4208239642,485
5788363878,485
5907366887,485
5788363880,485
6978443788,485
4462680076,485
3972566705,485
3972566714,485
5839163740,485
3992885062,486
4697288399,486
4075008388,487
5565466174,487
4076095841,488
4076095834,488
4085778929,489
4085783103,489
4089885905,490
6294214898,490
6294214897,490
4534184512,491
4715264006,491
4715264007,491
9690915275,491
6014302222,491
9690915278,491
25475664,491
6014302224,491
6014302225,491
9216868143,491
9216868145,491
4136137529,491
4167762778,491
4715263995,491
4715263998,491
6288147785,492
6288147786,492
6218501757,492
4195103055,492
4367041960,493
8755805313,493
4367041962,493
5177397824,493
4369519260,494
4369519219,494
4369519227,494
4369519206,494
4378043649,495
4378043667,495
4378043661,495
4378043662,495
7636278201,496
4401149234,496
7636278191,496
4552504562,497
4430996023,497
4688513242,497
4688513244,497
4688513245,497
6218501724,497
4430996028,498
4430996029,498
4530012705,499
4530012706,499
4530012707,499
4729385030,499
4729385031,499
4530012711,499
4530011788,499
4530012690,499
4530012691,499
4530012695,499
4530012696,499
5473272900,500
5473272902,500
5473272904,500
4534858543,500
5473272700,500
4665352264,501
4665352260,501
4665352261,501
4665352262,501
4665353643,502
4665353644,502
4665353660,503
4665353662,503
4675822093,504
4675822094,504
4675822097,504
4675822099,504
4675822100,504
5006063176,505
4691460850,505
4691460851,505
4691514032,506
4691514035,506
4696545402,507
4697288390,507
367102039,507
4696545403,508
4697287188,508
25496851,509
4730978983,509
4781199345,510
4781199346,510
4781199348,510
4781199350,510
4781199352,510
4781199354,510
4781199355,510
6374802572,511
5006965588,511
5006965589,511
5009054889,512
5009054892,512
5046005789,513
5046005790,513
5046314074,514
5046314077,514
5060405441,515
5060405443,515
5060405444,515
5060405445,515
5060405461,516
1954751918,516
5095547184,517
5095547180,517
5095547181,517
5095547182,517
5141625635,518
5141625637,518
25067400,518
5141625623,518
5141625621,518
5141625654,518
5141625655,518
5141625653,518
5141625625,518
5141625629,518
5141625630,518
5141625681,519
5141625699,519
5146186468,520
25067397,520
5146186470,520
6978459068,521
5177352922,521
5177352932,521
5242049139,522
6506796188,522
5468301601,523
10607626,523
5468301602,523
6431923714,524
6431923715,524
5471345385,524
308837357,524
9846850972,524
9846850973,524
9846850974,524
5473272896,525
5473272897,525
5473272899,525
5473272894,525
5473272895,525
5473273788,526
5473273789,526
5473273790,526
5473273795,527
5473273796,527
5473273791,527
5473273803,528
5473273805,528
5473273798,528
5473274256,529
5473274257,529
5473274259,529
5473274252,529
5475684676,530
5475684680,530
5475684684,530
5475684621,530
5475675316,530
5564754892,531
5564410334,531
5580861153,532
5580861151,532
5609643623,533
5609643663,533
5609643664,533
5609643665,533
5609643670,533
5609643672,534
5609643675,534
5642519054,535
5839165751,535
5642519066,535
5642519068,535
5642519069,535
5733997920,536
5733997919,536
5904585328,537
27460439,537
5904615691,538
5904615694,538
9216868136,539
9216868137,539
5924603442,539
9216868141,539
5924603450,540
6265654111,540
5927671120,541
5927671121,541
6218501748,542
6218501739,542
6218501740,542
10599654857,543
6218501758,543
6218501759,543
6266867113,544
6266867114,544
9690974277,544
6266867111,544
6369329170,545
6369329155,545
4076095262,545
6525701529,546
4142725557,546
6525701539,547
6525701540,547
6525701530,547
6525701533,547
6525701535,547
6606148797,548
6606148798,548
6855696495,549
6855696496,549
6855696497,549
6855696502,549
6855696503,549
6855696504,549
6855696506,549
6918421504,550
6918421508,550
6918421511,550
6918421512,550
6918421513,550
7553887392,551
8869435273,551
8869435267,551
8869435272,551
7792756538,552
7792756539,552
7792756540,552
10543014371,553
10543014372,553
10543014373,553
7911267686,553
10543014374,553
10543014377,553
10543014379,553
10543014380,553
10543014386,553
10543014388,553
10543014362,553
10543014363,553
10543014367,553
8357847937,554
8357847938,554
8357847939,554
8357847927,554
8357847928,554
8357847929,554
8357847930,554
8357847931,554
8357847932,554
8357847933,554
8357847934,554
8500636794,555
5924603460,555
8515091587,556
8515091590,556
10579930791,557
10579930792,557
8783914189,557
8783914190,557
8604055549,557
8604055550,557
8620105277,558
8620105279,558
25532494,559
8807410150,559
8814668136,560
8814668131,560
8814668135,560
8869435257,561
8869435266,561
9080098298,562
9080098299,562
9197589233,563
25509513,563
9197589238,563
9524817681,564
9524817682,564
9690974273,565
9690974274,565
9804471701,566
9804471702,566
25496854,566
10241310755,567
25509526,567
10306423508,568
10306429309,568
10306429310,568
10306429319,568
10539068564,569
10539068565,569
2665239972,570
10539068590,570
