node_id,cluster_id
1596648673,0
1832129762,0
4076126468,0
7946372941,0
5516594509,0
1401849810,0
25509527,0
25509533,0
104318,0
20965799,1
25500427,1
8868824844,1
7946378610,1
104319,1
104320,2
1215563904,2
373364228,2
1649365894,2
3229825163,2
3229825166,2
6369329166,2
8868824851,2
8868824852,2
3229825173,2
5475684758,2
8868824855,2
8868824856,2
8868824857,2
5475684763,2
20965794,2
20965797,2
107687,2
20965803,2
1163955130,2
10263444809,2
441958994,2
21693795,2
5475684848,2
1649365878,2
1215563895,2
104321,3
7553887464,3
24951853,3
4922952366,3
4922952371,3
4922952373,3
104322,4
8869435268,4
7553887409,4
8869435288,4
8869435286,4
8869435287,4
25161368,4
5046005789,4
5046005790,4
8438226815,4
104323,5
8429812517,5
7623861385,5
1532087855,5
295977520,5
2374491605,5
4715263991,5
4167762776,5
4715263993,5
2969438426,5
1237883773,5
107584,6
4430996044,6
6218501742,6
251892754,6
252601811,6
251892950,6
107585,7
6218501751,7
1312188768,8
107586,8
8515091591,8
3375451566,8
4726152850,8
4726152852,8
4726152853,8
4726152857,8
4726152858,8
8043350334,8
8043350335,8
25248128,9
1678245252,9
1497452171,9
3375451563,9
3375451565,9
2218344510,9
4688513218,9
107587,9
4688513221,9
4688513226,9
4688513227,9
4688513230,9
4688513231,9
25069265,9
4688513237,9
4688513240,9
109416,9
3381130090,9
3381130092,9
25248115,9
25248119,9
25248120,9
25248122,9
25248127,9
107588,10
2642857191,10
2538458887,10
5473274957,10
25248112,10
3715515059,10
5816744255,11
28418921,11
4136137525,11
107606,11
4136137527,11
25475770,11
1689605567,11
585124778,12
1951242858,12
107614,12
1864047135,12
107626,13
8807410154,13
1312454055,13
107627,14
8807410158,14
107632,15
6458938017,15
25161361,16
107634,16
5198585559,17
5198585557,17
5198585558,17
107638,17
5198585560,17
5198585561,17
5198585562,17
18468962,18
7926506531,18
9024139143,18
9024139144,18
2466442731,18
107641,18
7926506525,18
8807441166,19
107644,19
25161365,19
8807441176,19
8807441177,19
8807441178,19
3664405913,19
6055863205,19
4729448869,19
3656358067,19
4866651961,19
4866651969,19
10311362114,19
10311362115,19
5046447437,19
10311178960,19
10311178961,19
10311178964,19
1938819294,19
10311362148,19
1938819301,19
10311362150,19
10311362153,19
10311362154,19
4866623226,19
107643,19
4866623228,19
4866623230,19
1726730049,20
4922952353,20
1726730082,20
7223709668,20
7223709669,20
1726730029,20
1707790029,20
1726730033,20
2466442741,20
7223709662,20
2466442743,20
1835355931,20
107646,20
5207476608,21
5207476609,21
473264514,21
5207476611,21
4627445252,21
5207476613,21
4627445254,21
4627445253,21
5207476616,21
4627445257,21
4627445260,21
4627445261,21
10309458701,21
107667,21
10309472541,21
10309472542,21
10309472543,21
10309472544,21
10309472547,21
10309472548,21
473264937,21
10309472553,21
473265708,21
4627491632,21
10539712057,21
10539712058,21
10539589691,21
10310609852,21
10539589692,21
4627491645,21
473265346,21
4627491650,21
7179983946,21
7179983947,21
10539856459,21
3696548432,21
3696548437,21
3696548438,21
10310609879,21
1828402774,21
10310609881,21
3696548440,21
10310609887,21
4627445215,21
10310609894,21
1938819302,21
4175059691,21
25504753,21
4627445240,21
4627445241,21
7827997819,21
10309153027,22
10309140683,22
107668,22
490946748,22
490946813,22
107681,23
1401870340,23
1726730375,23
1726730272,24
25577057,24
5342251136,24
1726730307,24
107684,24
1726730281,24
4379801706,24
5342251151,24
4329502449,24
1726730292,24
1726730295,24
1726730326,24
25500535,24
4379801694,24
8785484288,25
956233216,25
10572179,25
10572180,25
107685,25
107686,25
4643337143,25
4643337146,25
7613626042,25
7613626044,25
7613626045,25
7613626046,25
7613626047,25
7613626050,25
7613626059,25
7613626060,25
7613626066,25
7613626070,25
1726730329,25
25503845,25
25503848,25
25503851,25
25503856,25
1726730354,25
4530339698,25
4530339699,25
25471732,25
956233215,25
107692,26
2294047375,26
5006063174,27
323262310,27
107693,27
5736692334,27
25496622,27
5736692333,27
25496623,27
269550681,27
7223695325,27
7223695326,27
1832227968,28
1832227972,28
338472586,28
338472589,28
1832129807,28
6279388821,28
6279388822,28
6279388824,28
2458257563,28
1832129947,28
1832129821,28
1832227996,28
1832129951,28
343669793,28
1832227873,28
8975700260,28
343669796,28
343669798,28
1832129835,28
1364161197,28
5265953455,28
1832228016,28
5265953457,28
5265953459,28
1832228035,28
1832228039,28
1364172237,28
1832129869,28
1832240590,28
1832129873,28
1832129878,28
1832240598,28
1832129881,28
1832129884,28
1832129888,28
6724775012,28
108389,28
6724775018,28
1832248428,28
1832248430,28
1364168178,28
1364168180,28
2458303223,28
1832129917,28
25495807,28
25495698,29
108391,29
390073160,30
5306194265,30
25632684,30
25634199,30
108409,30
3809744384,31
3809744385,31
3809744386,31
3809744387,31
338319877,31
3809744389,31
3809744390,31
3809744392,31
3809744395,31
3809744396,31
3809744398,31
3809744400,31
3809744401,31
3809744403,31
3809744404,31
906172949,31
3809744406,31
4317178392,31
3809744409,31
3809744412,31
3809744414,31
3809744415,31
3809744416,31
3809744417,31
3809744418,31
3809744419,31
3809744421,31
1150003237,31
3809744423,31
3809744426,31
3809744430,31
3809744431,31
3809744432,31
3809744433,31
3809744434,31
3809744436,31
3809744439,31
3809744443,31
3809744444,31
3809744446,31
3805378111,31
1390303296,31
3805378113,31
3805378114,31
3809744451,31
3805378116,31
3809744453,31
3805378117,31
3805378119,31
3805378120,31
3805378121,31
3805378122,31
3805378123,31
3805378124,31
3629217348,31
1327865952,31
4383581281,31
1327865953,31
1327865957,31
25477224,31
7151566952,31
250327660,31
3808625773,31
3808625778,31
3808625780,31
3808625782,31
3808625785,31
3808625786,31
3808625791,31
3808625796,31
4749094023,31
1271712905,31
4749094026,31
3808625804,31
1271712911,31
3808625809,31
1271712914,31
2129578132,31
2129578133,31
1271804564,31
1271712920,31
1150003354,31
1271712922,31
2129578142,31
1271712931,31
1271712934,31
3808625831,31
3808626859,31
3808626860,31
9030284973,31
3809744558,31
9030284975,31
3808626862,31
9030284977,31
3808626865,31
3808625843,31
3808626868,31
3809744565,31
3808626869,31
9030284983,31
3808626872,31
1150003385,31
1255487162,31
3809744571,31
3809744572,31
1271712957,31
806373565,31
3808625855,31
3808625853,31
3808626878,31
3808626882,31
1039290561,31
3808626884,31
1255487171,31
3808626886,31
1255487174,31
1255487176,31
1255487177,31
3808626887,31
3808626893,31
3808626895,31
3808626896,31
1255487187,31
3808626902,31
3808626904,31
3808626905,31
728370399,31
8210567392,31
3808626913,31
3808626914,31
8210567395,31
1039290594,31
3808626912,31
8210567396,31
8210567401,31
8210567402,31
3808626923,31
3808626922,31
6574794989,31
3808626929,31
3805378112,31
3808626934,31
3808626935,31
1255320311,31
3629217345,31
3808626940,31
3808626941,31
4317211389,31
3629217346,31
3808626945,31
3629217347,31
3808626947,31
251757321,31
1255490314,31
3733299982,31
1255320339,31
3733299988,31
1255320354,31
1255320363,31
4316822830,31
1255320367,31
8042031957,31
8042031958,31
1271774552,31
3805122394,31
3805122396,31
4382350190,31
4382273404,31
3808625835,31
3988141441,31
3988141442,31
108420,31
3808625837,31
1255369105,31
1255369111,31
1255369125,31
4317187494,31
1255369128,31
3808625844,31
1255369135,31
3093894066,31
3809870259,31
1255369140,31
3809870261,31
3809870262,31
3809870264,31
3809870265,31
3809870266,31
3809870267,31
1255369148,31
3809870269,31
3809870270,31
2560785849,31
3809870272,31
3809870273,31
4511948225,31
1255369152,31
1255369156,31
3809870277,31
1255369159,31
3809870281,31
3809870283,31
4511972301,31
4511972302,31
3809870287,31
3809870288,31
3152307669,31
3808626871,31
3808625854,31
1271712946,31
2254629351,31
4316823023,31
3637436403,31
3637436404,31
3809744380,31
3809744381,31
3809744383,31
108845,32
5124166975,32
1777728708,33
108871,33
20626317,33
20626318,33
4866475733,33
3796774902,33
4866475736,33
5124166971,33
5124166973,33
18395806,33
4211515569,34
245200970,34
108903,34
1145174402,35
3257317059,35
4729480806,35
4729480807,35
1145174413,35
3830441937,35
4571244660,35
4571238069,35
5503142966,35
355416887,35
109403,35
355416892,35
4571244663,35
109408,36
894485202,36
470727954,36
1236791504,36
1536948578,37
109412,37
109734,37
2504822135,37
1536948474,37
6509584413,37
109414,38
9030029183,38
109728,39
25476134,39
5931509715,39
5931509718,39
5104314272,40
5104314275,40
5104314276,40
25067461,40
7824803495,40
25067463,40
109737,40
7824803497,40
10542989484,40
4166634957,40
4085778931,40
5104314264,40
5104314268,40
5104314269,40
5104314270,40
1951372959,40
109766,41
302013678,41
373402354,42
109780,42
9514602150,43
9514602151,43
9514602152,43
9514602153,43
4922952364,43
4922952370,43
109785,43
6166157035,44
109788,44
4823246342,45
1150003530,45
1685281260,45
1141415215,45
25498004,45
110143,45
1233327202,46
1787108647,46
1787108648,46
1787108649,46
1787108650,46
110238,46
2293833763,47
5374174119,47
5880186827,47
5880186829,47
5880186830,47
5880186833,47
237908,47
3972566716,47
473267328,48
10309153025,48
1649365762,48
4158223748,48
1649365764,48
3763565959,48
8620105223,48
473268999,48
1678452753,48
1649365780,48
1668112790,48
1813794712,48
1813794713,48
6137798425,48
1668112792,48
1239549084,48
1649365789,48
268124704,48
3267461666,48
1649365797,48
1905779367,48
1649365800,48
1905779369,48
5177397419,48
5009054894,48
8620105262,48
1777740337,48
5009054898,48
419632307,48
1649365810,48
10539068598,48
3972566710,48
1649365816,48
368044217,48
1649365820,48
5177397822,48
5177397823,48
2140432704,48
5177397825,48
5177397826,48
10309153022,48
5177397828,48
1214922433,48
1707790023,48
4197401800,48
4197401802,48
1777742666,48
10309140686,48
4150883407,48
4150883409,48
4197401811,48
4197401813,48
237911,48
864817628,48
473266524,48
4034060007,48
2360681703,48
8755808618,48
2360681709,48
473269102,48
1955520879,48
4034060015,48
4034060017,48
4034060018,48
4696544883,48
2265065203,48
2360681711,48
2360681716,48
2265065207,48
2360681713,48
4696545406,48
10309153023,48
4530012702,49
6866779817,49
6866779818,49
282708,49
6866779798,49
6866779799,49
6866779802,49
4530012699,49
6866779806,49
4530012703,49
25438595,50
25438732,50
282719,50
24661273,51
8807431546,51
2961540,51
24950109,51
24950113,52
8807431541,52
2961549,52
1733389314,53
5473274891,53
1365887500,53
5473274896,53
3136311315,53
3136311316,53
8807429659,53
5473274911,53
1733389349,53
3141817429,53
5473274969,53
2218340965,53
5473273451,53
5473274990,53
5473273966,53
5473273968,53
3136301320,53
5473273967,53
5473273457,53
4861365369,53
4861365370,53
5473275004,53
4861365372,53
5473274494,53
5473274493,53
5473274501,53
5473274502,53
5473274503,53
4861365383,53
5473274506,53
5473274507,53
5473274508,53
5473272978,53
5473273490,53
2961557,53
5473274519,53
3136301328,53
5473273499,53
5473273500,53
5473274525,53
5473274528,53
5473274529,53
3136301730,53
5473274531,53
5473274532,53
5473274533,53
5473274534,53
3136301731,53
5473274540,53
5473273571,53
5334381837,53
5473273069,53
5473273070,53
5473273071,53
5473273072,53
7223365368,53
1939558651,53
7223365372,53
24659709,53
2622212862,53
2622212860,53
1939558655,53
2622212865,53
5473273604,53
1939558661,53
2538458886,53
5473273607,53
2538458888,53
3136301321,53
5473273610,53
5473273611,53
5473273612,53
2538458893,53
1939558667,53
5473273613,53
1939558672,53
3136301324,53
2538458898,53
3136301325,53
2538458894,53
2538458899,53
5473273615,53
2538458903,53
2538458904,53
1939558681,53
2528522522,53
5473273621,53
1939558684,53
5473273623,53
2538458905,53
1939558687,53
2622212895,53
2622212897,53
3139677982,53
3139705124,53
2622212903,53
1939558697,53
1939558700,53
4534858546,53
2622212914,53
4534858548,53
2622212925,53
2622212927,53
2622222657,53
2622222658,53
2622222659,53
2622212930,53
2622212933,53
2622212937,53
2622212939,53
2622222668,53
2622212941,53
2622212942,53
5473273605,53
24950101,53
24950102,53
5473274710,53
24950104,53
24950105,53
5473273606,53
24950107,53
357999964,53
5473274717,53
5473274724,53
5473274725,53
4866976614,53
3141814027,53
25248113,53
25248114,53
5473274242,53
8807431559,53
8807431560,53
1312264600,53
2622212878,53
1733389217,53
2538458889,53
5473273622,53
1939558663,53
1939558666,53
1733389249,53
2622212885,53
2538458895,53
2622212887,53
2622212889,53
25066457,53
1733389278,53
2218362849,53
5473274866,53
5473274867,53
3215687074,54
2961891,54
1312454086,54
4807512540,54
4807512541,54
25503876,55
25503880,55
5114681227,55
25503885,55
5114681230,55
25504143,55
25504144,55
10572178,55
7607080091,55
7607080092,55
1726730162,55
1726730165,55
1678452793,55
747893184,55
7610670913,55
7610670912,55
7610670919,55
7610670920,55
8785457870,55
8785457871,55
10572785,56
8972511963,56
25496748,56
21583342,56
8785568224,57
8785567914,57
8972441580,57
10572786,57
1985084095,57
1813618432,58
8989843465,58
25497611,58
10607127,58
10607128,58
6871422361,58
6871422360,58
1813618461,58
1813618463,58
1813618465,58
5041784489,58
1596655148,58
1596655149,58
1596655155,58
1813618484,58
5041784501,58
1813618358,58
25473207,58
1596655157,58
5041784633,58
5041784634,58
1813618228,58
1813618229,58
1813618365,58
1813618493,58
1596655161,58
8868824899,58
8868824900,58
8868824901,58
1813618376,58
8868824911,58
8868824912,58
256766545,58
8868824913,58
1366095187,58
8868824914,58
1366095189,58
1813618393,58
10004388708,58
10004388710,58
632447859,58
1813618424,58
1813618426,58
1813618429,58
1813618431,58
435104736,59
435104738,59
435104732,59
10607132,59
435104735,59
5470932256,60
5468301555,60
5470932252,60
10607629,60
1721713699,61
672061444,61
2406484455,61
1312188714,61
1721713677,61
10677374,61
8869464354,62
5046005731,62
5046005730,62
8869464357,62
5046005743,62
5043864464,62
8869435281,62
5046005745,62
1684511955,62
1718328435,62
1718328442,62
316763548,62
10677375,62
10677376,63
2642857203,63
5473274959,63
10677377,64
1401416203,64
1832129960,65
1832248457,65
5374174120,65
1832248458,65
1832129962,65
7203717550,65
5374174224,65
5573931377,65
14672924,65
529722111,65
21307200,66
18393873,66
18395288,67
25161370,67
7610670751,68
7610670752,68
18395811,68
1268900644,68
10310609841,68
1268892338,68
10310609842,68
3664398006,68
3664398007,68
3664398009,68
1268900678,68
3474115151,68
10310609872,68
10311178967,68
10311178970,68
10310609885,68
10311362270,68
10311362271,68
10311362272,68
1725360097,68
10311178978,68
5976850019,68
5976850023,68
5976850024,68
10311178985,68
10311178991,68
7610670710,68
5006781409,69
8869472263,69
18398282,69
632438506,69
20460684,69
10577984012,69
8869472239,69
8869472242,69
4922952363,70
18468951,70
1938819328,71
1938819330,71
25161350,71
1938819335,71
25161351,71
25161352,71
1311962122,71
8807429662,71
8807429663,71
1311962016,71
2387194156,71
1678155318,71
1938819325,71
18468958,71
18468961,71
6369390690,71
6369390692,71
6369390696,71
6369390700,71
1938819317,71
1938819320,71
4830306810,71
4830306813,71
1938819326,71
20458277,72
250549587,72
4618510643,72
1312188692,72
4618510644,72
25497985,73
6978555522,73
5067002882,73
1150003329,73
2990780039,73
20460680,73
1684710025,73
2990806410,73
3739049356,73
5733998227,73
968499092,73
5733998228,73
3739049366,73
3739049365,73
819132568,73
1684710044,73
1684781470,73
8975833905,73
6978563378,73
1758554291,73
8975833911,73
256766532,73
256766533,73
748941508,73
1150003147,73
1150003532,73
1759454429,73
6978557152,73
1759454305,73
5041784423,73
5067002862,73
3739049327,73
1150003571,73
5067002867,73
25497981,73
6978555518,73
5609643647,73
1326821569,74
7553479208,74
20460681,74
7553479212,74
20460686,74
20460690,74
20460696,74
20460697,74
372050299,74
5238523291,75
5238528591,75
20460687,75
20625793,76
5905807278,76
5905807279,76
10544409928,76
10544409929,76
10544409930,76
25474005,76
10544409948,76
10544409950,76
25474015,76
10544409954,76
10544409957,76
10544409958,76
10544409959,76
10544409960,76
10544409961,76
10544409963,76
10544409964,76
10544409966,76
10544409967,76
3616299208,77
20626282,77
8675201272,77
4777897926,77
25067398,78
4085778920,78
7824747306,78
20626301,78
1536948431,78
6446301329,78
4085778930,78
5146186589,78
5146186590,78
5146186591,78
20626304,79
2941549929,79
5124166978,80
20626307,80
3796814729,81
4866475738,81
2012970414,81
20626311,81
20626312,82
7572522540,82
4866475729,82
4866475730,82
4866475734,82
1536948536,82
1852996954,82
7572522523,82
7572522556,82
1536948477,82
2504847039,82
7572833352,83
7572833353,83
20626314,83
20626316,84
7572522510,84
7572522511,84
7572522512,84
7572522513,84
2398924896,85
20965798,85
20965800,85
2398924877,85
7946378606,85
2398924886,85
20965801,86
2398924898,86
25524297,87
3328228994,87
21392267,87
21392273,88
3972566713,88
1707790076,88
21392276,89
4156336278,89
6606135977,90
6606135979,90
6606135983,90
21392279,90
6218501761,91
21523714,91
3145798533,91
4726152844,91
3215685153,91
5342236733,91
5342236734,91
5342236743,91
6465896907,91
6465896909,91
471488469,91
6218501725,91
6218501730,91
6218501736,91
6218501737,91
1678283242,91
1678283247,91
6218501745,91
6218501746,91
21523718,92
252729234,92
4726152859,92
4726152860,92
1014649631,92
2934288512,93
10596794785,93
27459970,93
5165786242,93
5009060057,93
5165786245,93
21523719,93
4138224462,93
4138224463,93
5335233113,93
2934288510,93
1617596646,94
21563463,94
762080105,94
1617596621,94
21563503,94
21563504,94
1617596626,94
1617596627,94
1617596669,94
1707790096,95
21563479,95
21563481,96
21563489,96
1020211942,97
1617596711,97
8785484298,97
762080077,97
21563507,97
21563508,97
8785484312,97
4530270906,97
269589467,97
6828921212,98
21563788,98
21565570,99
1835355913,99
25504145,99
25504146,99
1835355922,99
25504148,99
25504149,99
25504150,99
1835355929,99
1835355936,99
1835355940,99
1835355946,99
1835355955,99
1678452795,99
1835355964,99
1835355965,99
1678452796,99
1678452797,99
1835355972,99
1777727945,99
8785457865,99
1777727947,99
8785457866,99
1777727949,99
1777727950,99
8785457867,99
470729292,99
1777727958,99
1777727960,99
1777727961,99
1777727962,99
1707790044,99
367105757,99
7223709667,99
1793420652,99
1707790062,99
1793420660,99
1268892533,99
1268892541,99
25498458,100
21578454,100
8785568223,100
6863550501,101
21583366,101
4017328647,101
1419565097,101
25378129,101
2586616722,101
4076095797,102
21685484,102
4370333637,102
4076095791,102
4462680070,103
9203541611,103
9203541612,103
21686572,103
21686574,103
9236477422,103
4462683090,103
21693787,104
25500239,104
3515286913,105
3471375905,105
5565466183,105
1493676622,105
21990614,105
3629223996,105
4556931604,106
21990622,106
21990624,107
21990625,107
250325411,107
2003007012,107
3334162601,107
1779589718,107
250327100,107
475396929,108
21990627,108
475396924,108
5565443389,109
21990629,109
5565443390,110
250327618,110
21990630,110
8869464392,111
8869464378,111
5042033643,111
21990631,111
21990632,112
1718566886,112
1718566880,112
4298970368,113
4298970372,113
4298970376,113
9820537993,113
4298970380,113
4298970384,113
4298970388,113
1664571164,113
4297243292,113
4298971293,113
4297243295,113
9693963681,113
4297243298,113
9820538020,113
4297243301,113
4158004390,113
9820538022,113
9820538021,113
4297243306,113
710657963,113
1938953406,113
1938953413,113
748797126,113
9820537932,113
9820537933,113
6828863694,113
355416911,113
4297242961,113
4297243218,113
6828863697,113
25499093,113
355416920,113
748797145,113
435104728,113
1664571227,113
9576827482,113
1664571229,113
25475674,113
435104729,113
775984737,113
775984738,113
748797155,113
1664571236,113
4297054053,113
4297242983,113
25475692,113
422573549,113
21990638,113
1913216493,113
25475693,113
25475694,113
108406,113
4298970364,113
9820537981,113
9820537982,113
25161349,114
25161367,114
24658003,114
24658007,114
25066333,114
6116290274,115
24659947,115
6948380395,115
6948380400,115
6948380401,115
24949780,115
2378843907,116
1951616261,116
1678226827,116
1951616268,116
5473273227,116
25161362,116
25161363,116
1951616276,116
5473273364,116
5473273363,116
5473273368,116
5065949596,116
5473273373,116
5065949598,116
1678226846,116
5473273376,116
5473273372,116
5473273379,116
4867087524,116
4867087532,116
3076574254,116
4867087535,116
24950064,116
3076574255,116
5473273139,116
5473273140,116
5473273141,116
5473273142,116
5473273399,116
5473273154,116
1312454094,116
6018098767,116
5473273295,116
5473273425,116
5473273429,116
1678227031,116
5473272665,116
24660697,116
5141354330,116
5141354331,116
3153656028,116
5473273433,116
3153656030,116
5473273305,116
5473273435,116
5473273441,116
24950114,116
24950115,116
5473272666,116
8807431534,116
5473273326,116
8807431536,116
5049840244,116
5473273332,116
1782714747,116
25532377,116
9693920800,117
9693920796,117
9693920797,117
24660863,117
1418752689,118
24662037,118
5094718794,119
5094718798,119
24949783,119
25248129,120
25248130,120
24661419,120
25070924,120
24950061,120
1497452184,120
25071133,120
24950110,121
24950111,121
24950112,122
25248126,122
316763501,123
24950117,123
5046314043,124
25632860,124
24951854,124
10544113920,125
10544113922,125
24952195,125
10544113923,125
3887940999,125
2528522518,125
2528522524,125
2528522528,125
2528522530,125
6985465124,125
6985465127,125
6985465130,125
6985465133,125
2528522542,125
2528522549,125
6886012733,125
1556324684,125
3385387604,125
3385387606,125
3385356250,125
25532273,125
1689387896,125
1689387903,125
3887941010,126
24952268,126
6446269173,126
5087519104,127
25066338,127
25161347,127
5087519106,127
25066412,127
5090420611,128
25161348,128
5090420613,128
5090420614,128
5090420940,128
5090420941,128
25066419,128
8807429660,128
1718390753,129
1717650794,129
25066451,129
25066453,129
25066784,130
25066694,130
25067264,131
25067265,131
25067298,131
25067266,132
1852996996,132
4085778922,132
4866552622,132
4866552623,132
6509584414,132
2566132610,133
2566132611,133
5146186503,133
5146186504,133
5146186505,133
950703626,133
5146186507,133
25161373,133
7824747295,133
7824747302,133
25067305,133
6967585840,133
6967585841,133
6967585842,133
6967585843,133
1827389620,133
6967585845,133
1782727992,133
6446304190,133
5201625535,133
5201625537,133
5201625539,133
5201625541,133
700774224,133
4085778919,133
4085778927,133
4085778933,133
5146186489,133
25067727,134
5104314096,134
25067728,134
5104314358,134
25067479,134
25067670,134
1719529597,134
1569312412,135
25067871,135
5141216792,136
5141216745,136
25067883,136
5141216790,136
6032044857,137
25067914,137
25067929,137
25067936,138
5141216742,138
5141216746,138
5141216782,138
5141216785,138
5141216787,138
2642857197,139
25068755,139
25248117,139
2642857199,139
25071136,140
25071145,140
2793874587,140
25071137,140
25071139,141
25071142,141
25151180,142
1832129958,142
25161346,143
4922952372,143
25161360,144
7906964248,144
5141625698,144
7906964249,144
25161371,145
28800667,145
4085783105,146
5141228834,146
10543014339,146
4085783107,146
4085783106,146
7911267685,146
10543014343,146
7911267688,146
10543014346,146
6032044874,146
1722621711,146
1722621718,146
7911231384,146
6446292570,146
6446292571,146
25161375,146
3375451555,147
25248123,147
25248124,147
30056277,147
25248125,148
1211381855,148
10306429318,149
4166634955,149
4166634961,149
4166634962,149
5340811825,149
6446292564,149
25265077,149
3887941013,149
4085783099,149
2059790748,149
10306429312,150
10306423498,150
10306423499,150
25265080,150
2278320154,150
25504129,151
25504134,151
4643337012,151
2005131543,151
25503865,151
25503867,151
25503869,151
25470782,151
7610670890,152
7610670892,152
25470928,152
1678452788,152
1678452789,152
25471090,153
2036181339,153
1309180610,154
1309180612,154
1723389067,154
7792756412,154
7792756414,154
25471135,154
1309180608,155
25471274,155
7447565849,155
25632854,155
7447637305,155
7447637306,155
3691462888,156
25471289,156
2036185421,157
25472215,157
2294047355,158
25472324,158
321255907,158
4675821921,159
4675821924,159
4675821925,159
4675821931,159
4675821932,159
762080111,159
4675821944,159
25472379,159
4675821968,160
6483733489,160
25472428,160
6483733493,160
25472800,161
2940401398,161
25472890,162
1617647931,162
1617647934,162
4675822095,162
1311962080,163
25473200,163
25473199,163
1813618304,164
1759454211,164
3739049382,164
5060388105,164
1401893675,164
5060388107,164
1759454222,164
875789647,164
1150003472,164
5060388110,164
25473202,164
5060388115,164
1311962012,164
1150003197,164
25473204,165
25473205,165
5574049698,166
5574049700,166
5574049702,166
5574049703,166
6779394887,166
5574049707,166
5574049709,166
4136124526,166
5574049717,166
25473279,166
25473281,167
8497605091,167
4777885221,167
4773889323,167
25474019,168
5976760444,168
5976760446,168
9694091976,169
9694091978,169
25475053,169
9694091983,169
9694091984,169
25475072,170
25496910,170
585180151,170
6332695639,170
277337783,170
4529839800,170
7236131862,170
6332695642,170
25475330,171
25475332,171
1617647944,171
25475182,171
762080145,171
762080190,171
25475328,172
9700060290,172
9700060291,172
9700060292,172
1155552322,172
1155552319,172
1990912136,172
1951242857,172
3385332654,172
9683686963,172
1990912115,172
4832472797,172
1137777343,172
269550786,173
25475331,173
8373690819,173
1617647945,173
1617596714,173
8785484306,173
269550898,173
4689775126,173
8785484313,173
269550330,173
269550783,173
9135845216,174
25475417,174
3733791671,174
1233350889,175
283061836,175
1233350862,175
675734610,175
1402070363,175
675734613,175
25475419,175
1402070364,175
1402070365,175
675734622,175
25475561,176
9690878337,176
25475550,176
1312471202,177
9699961628,177
25475661,177
1796137508,177
9690915267,178
8064065316,178
25475663,178
6696695781,179
25475678,179
25475688,180
25475690,180
9820538027,180
25475691,180
25499095,180
25475712,181
8064065315,181
25475754,182
1493229962,182
28728208,183
25477106,183
28728205,183
306439304,184
8632535522,184
25477149,184
8632535535,184
306439310,185
8632535532,185
25477150,185
306439338,186
25477154,186
306439329,187
25477156,187
25477197,188
2402557839,188
1327865956,189
2935373159,189
249558409,189
2935373161,189
57786953,189
25477228,189
1731235511,189
1731235534,189
3673602988,189
3809870260,189
25477301,189
25477335,189
25477339,189
3735886877,189
5925626143,189
28419328,190
3528738439,190
3528738440,190
5257738380,190
5257738381,190
5257738382,190
5257738383,190
5257738384,190
5257738385,190
5257738386,190
5257738387,190
5257738388,190
2934411667,190
5160943793,190
5160943794,190
5160943795,190
5160943796,190
5160943797,190
5174828980,190
5160943798,190
5160943800,190
5160943799,190
8042031930,190
5160943803,190
5160943804,190
5160943806,190
5160943807,190
5160943808,190
4144358216,190
4144358217,190
5174825175,190
5174825176,190
251757533,190
5174825183,190
25477371,190
249679102,190
819157946,191
25477858,191
3661703766,191
1832052008,192
25495542,192
1832129783,192
25495617,193
25495618,193
350437608,193
5976672308,193
1816038230,193
25495769,193
10543800252,193
8645592520,194
8645592521,194
25495858,194
25495639,194
25495640,194
25495648,195
5014591895,195
25495646,195
1953202903,195
1832052016,196
25495819,196
350628799,196
6354294763,197
25495820,197
1834657466,197
6354294779,197
1834657469,197
350437528,198
4275394254,198
25495822,198
4275398720,199
4275398721,199
4275398723,199
25495852,199
4275398714,199
4275398716,199
25495857,200
269550332,200
4689775161,200
759123955,201
25496100,201
269550896,202
25496617,202
269550331,202
269550684,202
7279228683,203
25496773,203
25496777,204
663363473,204
8972511964,204
25496785,205
1958800795,205
8972441125,205
8972441126,205
1985084137,206
25496787,206
1985084135,206
25496788,207
25496781,207
25496800,208
5014591889,208
1816038199,208
8972441579,209
5265830862,209
25496815,209
25496825,210
5060391418,210
5060391821,210
1832129794,211
25496847,211
1832129776,211
1832129778,211
4077495826,211
1832129785,211
1684437690,211
1684437692,211
1832129789,211
25496920,212
4920098344,212
9820537921,213
9820537954,213
9820537955,213
9820537957,213
108393,213
7947041713,213
1601797458,213
9820537917,213
4571238068,213
1326821457,213
9820538006,213
9820538002,213
9820538004,213
5095890460,213
1938953431,213
25497340,213
1938953437,213
4142725554,214
25497595,214
25497603,215
1547657140,215
1816705152,216
1816705168,216
1816777873,216
1261120402,216
25497619,216
1816777874,216
1816705175,216
1816705177,216
1816705180,216
1816705183,216
1145174435,216
1145174437,216
9693963688,216
1816705193,216
1261120430,216
5353127105,216
1816609498,216
1816777820,216
1145174501,216
1145174508,216
4158122222,216
4158122223,216
2480657188,217
25632678,217
2480657190,217
25497968,217
2135411292,217
2135411293,217
25497978,218
25497979,218
2755124807,218
2755124815,218
1723388960,219
5006916678,219
1723388970,219
25497997,219
1723388974,219
1723388981,219
390073175,219
1723388988,219
1723388957,219
6374802559,219
1685281025,220
1685281029,220
1685281031,220
1685281032,220
1685281035,220
1685281041,220
1685281045,220
1685281175,220
25498010,220
1686463389,220
1685281053,220
1686463392,220
1685281056,220
1685281058,220
1686463397,220
1685281061,220
1685281063,220
1685281064,220
1686463794,220
1685281075,220
1141415220,220
1685281077,220
1685281087,220
1686463428,220
1685281104,220
1685281123,220
1685281003,220
1685281006,220
1685281010,220
1685281011,220
1685281013,220
1685281017,220
1685281020,220
1685281021,220
250550447,221
25498015,221
25498016,222
6569580040,222
25498018,223
6374802582,223
6374802583,223
7792756672,224
7792756674,224
7792756676,224
7792756680,224
7792756713,224
25498026,224
5711517569,225
5711517565,225
25499655,225
4378043682,226
25500246,226
25503841,227
25471681,227
1726730303,227
748885408,228
4240028578,228
4240028580,228
25503860,228
25503862,228
25504770,229
25504755,229
25505679,230
9988193967,230
25505607,230
4962956931,231
1828402760,231
9611081868,231
1938819283,231
2012969972,231
25505629,231
5223919938,232
3272782406,232
1312454087,232
25532332,232
3272712566,232
25532384,233
5227220846,233
6463230640,233
5238587992,233
6463234329,233
5238587994,233
1951616319,233
25532464,234
8807410152,234
5340811717,235
5340811719,235
5340811720,235
1401459399,235
1401459400,235
1401459403,235
25544110,235
5340811707,235
2577040703,235
316763584,236
5046627553,236
316763586,236
316763600,236
1215563891,236
25632859,236
5046627645,236
25632864,237
25632865,237
1150003264,238
1141487746,238
5067002851,238
1150003170,238
25632870,238
1150003238,238
5067002855,238
1150003563,238
1141487723,238
1150003247,238
8784212017,238
1150003155,238
8784177716,238
5060405427,238
5060405430,238
5060405429,238
1150003224,238
5060405434,238
761830989,239
761831057,239
270110481,239
26374230,239
26374231,239
761831004,239
761831037,239
7271474850,240
7271474852,240
7271474841,240
26374236,240
26374237,240
27458331,241
1566269741,241
5342236721,241
1566270021,241
5335245254,241
5335245256,241
5335245257,241
1566270409,241
692162510,241
27481039,241
27481040,241
27481041,241
692162514,241
27481044,241
30056280,241
692162527,241
5768339816,241
5768339817,241
30057965,241
692162559,241
5342236739,242
1550763620,242
5342236740,242
27458353,242
471488472,242
2914561272,243
28418497,243
6995618979,243
2935392676,243
3528738438,243
9080098310,243
9080098315,243
27459116,243
9080098316,243
27459120,243
302013776,243
3073173585,243
3528710291,243
9030037139,243
1014803736,243
2914561274,243
27459165,243
27460210,244
429346236,244
4534184514,244
27459198,244
4430996033,245
27459971,245
3906588452,245
3247933381,245
2934288518,245
3906588454,245
6288147785,245
6288147786,245
4195103055,245
27459729,245
2934288530,245
6218501757,245
27460198,246
843376594,246
2870261844,246
27459830,246
6995618971,246
3906588446,246
27459905,247
429346242,247
1312471267,247
429346243,247
429346244,247
742399752,247
4629462859,247
429346253,247
5116226063,247
28418877,247
3906588448,248
27460226,248
3930921860,248
251892523,248
3708234956,248
3708234955,248
3708234957,248
4089885906,248
3932064154,248
3932064156,248
3932064957,248
27480957,249
347542742,249
347542743,249
27480960,250
9678821156,250
28193265,251
3170676207,251
3894948098,252
3894948099,252
3894948100,252
249679365,252
4344245894,252
3014236566,252
3014236567,252
3014236569,252
3014236570,252
7817162919,252
3068270516,252
2140124982,252
2140124983,252
3186593720,252
3068270518,252
3186593722,252
7817166393,252
249679420,252
7817166397,252
1014803704,252
5768339777,252
1042862659,252
2140124996,252
7817166407,252
28418138,252
28418141,252
3892081373,252
249559005,252
302013662,252
3892081377,252
3892081378,252
3892081382,252
1014803686,252
3892081384,252
1014803691,252
302013682,252
302013688,252
3894948091,252
3894948093,252
28418144,253
472493763,253
4344245892,253
4344245893,253
6969936102,253
9080123621,253
6969936104,253
6969936106,253
6969936108,253
6969936109,253
6969936110,253
302013777,253
6969936114,253
6969936115,253
6969936116,253
6969936117,253
27460250,253
249679168,254
5924603458,254
28418580,254
4155841816,255
843376610,255
32838084,255
28418859,255
843376591,255
4223357841,255
4155841810,255
4155841811,255
3632581622,255
4430996024,255
4155841818,255
4430996027,255
4155841820,255
5106520280,256
429346251,256
28418909,256
3984132032,257
3984132036,257
3984132037,257
302013708,257
4422013486,257
4089885902,257
28418929,257
2990651905,258
1758552547,258
1758552521,258
1758552522,258
1758552555,258
1758552524,258
1758552559,258
1758552592,258
2990664881,258
28800660,258
1758552541,258
1401908258,259
250550174,259
28800661,259
28800662,259
1758552682,260
5040168491,260
1759454378,260
1759454351,260
973128722,260
28800663,260
2990716985,260
8869464371,261
28800668,261
250550053,262
8869464390,262
5041945479,262
250550024,262
250550023,262
5041945480,262
873809385,262
8869464398,262
8869464407,262
1343823418,262
28800670,262
3375451561,263
30056255,263
1547392865,264
30056330,264
5580861156,264
707377287,264
32825440,265
843376569,265
32825442,266
843376588,266
32921724,267
761830991,267
32921728,268
32921729,268
32921731,268
4697525030,268
4697525032,268
1401849768,268
26374229,268
270110053,269
270110054,269
32921737,269
32921738,269
270109325,269
751837551,269
751837591,269
32921748,270
32921743,270
8785567909,271
7223668012,271
5006063180,271
7223704403,271
7223704404,271
33141178,271
1148276284,271
8785568222,271
3741131608,272
149431715,272
3247824558,273
149451622,273
354886099,274
213668839,274
1685276643,275
250549700,275
250549699,275
8868010217,275
213668842,275
213668844,275
8868010221,275
8868010202,275
8868010204,275
255700677,276
250327547,276
2642878644,276
213672005,276
2987752071,277
2987752073,277
2990717001,277
2987752074,277
5269670540,277
2987752075,277
244128951,277
2990716984,277
249558964,278
1042862718,278
7815533545,279
7815533546,279
249558966,279
249560091,280
7900221087,280
4116809027,281
249679343,281
4948602211,282
3168378376,282
4949004105,282
4949004106,282
249679407,282
670103314,282
249679418,282
250326914,283
1401416208,283
8868010160,283
8868010162,283
250327159,283
250327037,284
1310663631,284
250327576,285
2642612586,285
250549282,286
4453606953,286
4453606958,286
2929116721,286
4224123324,286
3114645200,287
354886082,287
250549670,287
3550836104,288
251757458,288
251757452,288
3550836102,288
1039290567,289
5242815659,289
1039322102,289
251757615,289
256766536,290
256766537,290
1837610896,291
1163955034,291
269547420,291
1837610895,291
1163955128,292
269549105,292
10196915587,293
10196915588,293
10196915589,293
321255910,293
321255911,293
751837736,293
10196915593,293
2134066506,293
1419544126,293
270109326,293
270109327,293
1419544142,293
1401849779,293
270109370,293
270112539,293
270112540,293
270110142,293
283062189,294
690295047,294
302013666,295
302013668,295
302013672,296
302013674,296
27480956,296
4344245890,297
302013683,297
302013685,297
7899973206,297
316763513,298
316763500,298
2990806415,299
1759454163,299
2990806411,299
316763559,299
316763595,300
316763590,300
323260106,301
1816038214,301
4275394255,302
350377999,302
1547013667,303
4402594986,303
1547013743,303
367121266,303
3708234964,303
1547013655,303
4402629177,303
4402629178,303
4402629180,303
1233350847,304
7644741346,304
7644741345,304
7644741348,304
6110164647,304
377490664,304
1312932849,304
10013517434,304
7644741343,304
1686463489,305
1686463523,305
3739049325,305
1686463503,305
1686463471,305
1686463505,305
1686463476,305
1686463510,305
390073208,305
4085767970,306
419350723,306
4085767979,306
4089236236,306
419350669,306
1536948492,306
4166634960,306
429346241,307
4534184515,307
4223357836,307
1813618288,308
435104715,308
435104717,308
1723340842,309
435104742,309
8972511962,310
438170475,310
5711517570,311
5711517571,311
4703559689,311
5479654172,311
5479654175,311
5479654177,311
2331184930,311
2331184932,311
2331184935,311
1723388979,311
446765895,311
446765900,311
5479655630,311
4703542485,311
4703542486,311
6525670236,311
6525670237,311
2135411294,311
2135389151,311
2135411296,311
2135411297,311
6525670242,311
7882485394,312
10308697502,312
469785734,312
470727722,313
4822267094,313
1707790074,313
8807441179,314
10311362236,314
470729237,314
1655418222,314
471488499,315
1493722803,315
1547013711,315
10543014340,316
1722621701,316
10542989479,316
1719663634,316
1719529599,316
473219610,316
1719661631,316
2137096880,317
473257581,317
473258313,318
10543014390,318
6458938007,318
6458938008,318
5905893980,318
473262660,319
473262822,319
490947124,320
490947077,320
9135848928,321
585130362,321
9683400934,322
4085387943,322
4085387945,322
713363180,322
5574051321,322
4166219502,322
8031801454,322
5574049719,322
5904615699,322
3999987604,322
9683633717,322
9683633718,322
5574049718,322
4085600696,322
4229228089,322
4085600698,322
585148380,322
2528483742,322
1561411396,323
585201189,323
4462680068,324
7840712839,324
4462680078,324
5642519055,324
5642519056,324
5642519060,324
595709975,324
5573994014,324
5573994016,324
5573994020,324
1360122937,324
4512763345,324
4512763347,324
5839155672,324
1360122841,324
5460658138,324
1360122860,324
5573931376,324
1360122866,324
5573931380,324
5573931381,324
5573931384,324
3068267824,325
670103313,325
3068267825,325
673420216,326
1563638022,326
4117882857,327
2528522547,327
694824861,327
697044225,328
707377382,328
4715264001,329
4715264002,329
4715264004,329
722208263,329
4715263992,329
4136137530,329
1609966639,330
4370333651,330
4370333653,330
748799641,330
4370333657,330
751837654,331
751837622,331
761830981,332
761830987,332
9566848716,332
761831019,332
761831023,332
761831000,332
761831007,332
796809545,333
8497605078,333
6446218920,334
811035012,334
6446229925,334
835390894,335
835390887,335
4155841827,336
843376643,336
1039322041,337
5174825178,337
5174825180,337
5174825181,337
4922952374,338
4922952365,338
1046306670,338
1141415202,339
1150003340,339
1150003503,339
1145174417,340
1145174418,340
9805100783,340
1816705135,340
1150003141,341
5609643622,341
1150003479,341
6816821186,342
5609643682,342
5609643652,342
5609643653,342
5609643686,342
5609643685,342
5609643656,342
5609643687,342
1150003213,342
5609643662,342
5609643673,342
5609643674,342
5609643676,342
1150003270,343
4823246344,343
1684835241,343
1309067472,343
1493658224,343
1685281076,343
1685281046,343
1685281079,343
1150003289,344
5040168489,344
1150003400,345
1731225575,345
1238259337,346
1731235492,346
1731235606,346
1150003423,346
5565486432,347
5565486434,347
3197339676,347
1150003480,347
3197339673,347
3197339674,347
1150003547,347
5565487612,347
1731225566,347
1726730080,348
1835356006,348
1726730120,348
1835355944,348
1163954922,348
1726730123,348
1835356013,348
1835355953,348
1726730167,348
1835355961,348
1726730043,348
1163955119,349
1401870341,349
1163955037,349
5353114285,349
1233353464,350
1233353467,350
1233353642,351
1233353631,351
1987381555,352
1237876710,352
1237876703,352
1736734053,353
1238249900,353
1238249901,353
1238249904,353
7900221108,353
1255491496,354
1255369133,354
4511972303,354
1255491504,354
4511972304,354
1255491506,354
1255487160,355
1255487172,355
1255487166,355
5009054881,356
1268903266,356
10541894095,356
10541894097,356
4627445239,356
10310609849,356
1722268388,357
2387232554,357
2387232559,357
1722268367,357
1280491924,357
1280491926,357
1722268381,357
3741117630,357
2402557599,357
4807521484,358
7636278199,358
1309067471,358
3741131600,358
3320754320,358
8898783674,358
3320754322,358
7636278196,358
7636278195,358
3741131606,358
7636278198,358
1723315608,358
3247825561,358
3247825562,358
7636278200,358
7636278193,358
7636244314,358
2545230474,359
1312188614,359
2538458897,360
1312188886,360
2218344503,360
3741078112,361
1312319838,361
1939632514,362
2923703875,362
1939632519,362
1312335310,362
3870640530,362
5238500306,362
5238500308,362
5238500312,362
5238500313,362
1326821568,363
3830441923,363
3197339666,364
3197339667,364
1327865950,364
3794876751,364
1401893666,365
3739049383,365
1401926435,366
2387194149,366
2387194150,366
2387194123,366
2387194127,366
2387194128,366
2387194131,366
2387194133,366
8807429661,366
1547013592,367
1547013588,367
1547013574,367
1547013589,368
8807410151,368
1547013704,369
1547013604,369
1547013699,370
1550763732,370
1547013705,371
8807410149,371
4619022513,372
4619022514,372
6600283121,372
1547013754,372
3830029915,372
3830043581,372
1547392771,373
1547392927,373
1547657104,374
8064065323,374
8064065324,374
6218468163,375
1550763708,375
9704122317,375
6218468164,375
1556097098,376
1951372909,376
10306429333,376
1556097245,376
1951372927,376
5905897286,377
1556097111,377
1556097177,378
5905896973,378
1556097166,378
1556097306,379
1556097431,379
4169714272,380
7911282826,380
10306429323,380
1556097326,380
10306429327,380
8675201264,380
10306429328,380
4169714270,380
4169714271,380
1556097387,381
6446229933,381
3887941007,381
1556260024,382
3887941009,382
6446256190,382
1587318992,383
1587318999,383
1817617689,384
1596648669,384
1596648671,384
1599652497,385
5503142970,385
1599652492,385
5503142969,385
1609966643,386
1609966653,386
1617532088,387
4697287185,387
4696544876,387
4663312759,387
1617596593,388
3328228993,388
1617532092,388
25473048,389
1617596591,389
6866592992,390
6866516262,390
2453947051,390
1637578547,390
1637578516,390
6866516278,390
1637578522,390
1637578551,391
1637578535,391
1668135493,392
5565475799,392
10539068544,393
6509684096,393
10539589696,393
10539589701,393
1828402758,393
4085767974,393
10539589704,393
2665239978,393
10539589707,393
1678452780,393
10539589706,393
4085767983,393
10539648210,393
2620105428,393
4085767989,393
7610670769,394
7610670771,394
1678452790,394
6816821193,395
1684781436,395
1684781421,395
4948630427,396
4948630428,396
1684781486,396
6014333809,397
1684835019,397
1684835062,397
1684835097,397
1684835152,398
1684835156,398
1685281036,399
1685281022,399
1707790024,400
1707790026,400
4650375494,401
1707790055,401
1707790057,401
4650375504,401
4650375505,401
1707790067,401
4650375508,401
4658088539,401
1955520890,401
3972566715,401
1707790105,402
6828921210,402
6828921211,402
1717643512,403
1717643505,403
1717643537,404
1717643530,404
1723388976,405
1723388986,405
6458938011,406
6446292572,406
1727515734,406
1731235480,407
1728472241,407
1731235489,407
3197339664,408
1731225580,408
1731235545,409
1731235557,409
1731235558,409
1736685635,410
1736685679,410
2990651904,411
2990651906,411
2990651907,411
2990651908,411
2990651909,411
2990651910,411
2990651911,411
2990651912,411
2990651914,411
2990651918,411
2990651920,411
2990651921,411
1758552597,411
6866779809,412
6866779810,412
4316306161,412
4316306163,412
4316306164,412
2632761651,412
1761598585,412
6866779804,412
2920433449,413
1787108626,413
3107212073,414
1816609486,414
1816705250,415
1816705227,415
1816705235,415
1816705242,415
1816705246,415
4158000323,416
1816959492,416
4142725558,416
1817617691,417
1817617692,417
1832129809,418
4462680082,418
1832129796,418
1832228100,419
1832228080,419
1832228112,419
1832228144,419
1832228083,419
1832228115,419
1832228120,419
1832228159,419
1832666001,420
1832665997,420
1882379248,421
10090013713,421
10090013714,421
2306288080,421
3247578846,421
3987750688,422
5269678593,422
1951190474,422
1951616322,423
5096270631,423
1990694620,424
1990694647,424
2502545024,425
9619940387,425
1990912102,425
1990912134,425
4117896490,425
2502545041,425
9683400946,425
9678366518,425
9678523000,425
8031800090,425
8031800092,425
8031800094,425
2118622488,426
2118622487,426
2168949324,427
2168949325,427
8814668137,428
2197518969,428
8814668138,428
8814668133,428
5342236744,429
5641663538,429
5342236723,429
5342236724,429
5641663539,429
5342236728,429
2203268985,429
5342229818,429
6218501723,429
3265436260,430
4175081594,430
2341656968,430
4085747017,430
4697287178,430
4697287177,430
3911044734,430
4696568110,430
4174200048,430
3265436691,430
4696544885,430
4696545399,430
4175081593,430
4166662874,430
4166662878,430
2453947049,431
4211515634,431
2480657186,432
5060405446,432
2496836291,433
2496836303,433
6867581464,434
6867581465,434
2528483741,434
2528484781,434
3247589712,435
6569580044,435
6569580045,435
2531863975,435
2531863977,436
2531863978,436
2755124947,437
2755124949,437
6995618977,438
2872704413,438
2872704414,438
2935373301,439
3809870263,439
2941549928,440
3519324894,440
3739049344,441
2990721387,441
5992797788,441
2990721390,442
2990721391,442
3739049346,443
2990732269,443
3081980920,444
3081980922,444
4749090120,445
3093897990,445
3100169049,446
107637,446
6116290280,447
5473274253,447
5473274254,447
5473274260,447
3139655930,447
3139655933,447
5473273470,447
3158794148,448
3158794151,448
5473273067,448
5473273068,448
5473272882,448
5473272983,448
5473272984,448
3197339661,449
3170676206,449
3197339662,449
3272782432,450
1547013738,450
3272782431,450
5565466177,451
4086232870,451
4086232871,451
3471375913,451
3629223884,451
3629223885,451
3528711722,452
3682538298,452
3578315456,453
3586606037,453
3586606038,454
3586606039,454
3629223881,455
3629223890,455
4086232866,455
3704225378,456
4085778924,456
4085778928,456
4866552625,456
4085778934,456
25066684,456
3725817386,457
6374802579,457
3763565961,458
8755808627,458
8755805305,458
10539068550,458
3809744584,459
3808627066,459
3808627061,459
3809744583,459
3987750692,460
5977954180,460
9673189926,460
6110164649,460
7900888467,460
3850146457,460
6446292562,461
3887941012,461
5788363874,462
4208239642,462
5788363878,462
5907366887,462
5788363880,462
6978443788,462
4462680076,462
3972566705,462
3972566714,462
5839163740,462
3992885062,463
4697288399,463
4075008388,464
5565466174,464
4076095841,465
4076095834,465
4085778929,466
4085783103,466
4089885905,467
6294214898,467
6294214897,467
4534184512,468
4715264006,468
4715264007,468
9690915275,468
6014302222,468
9690915278,468
25475664,468
6014302224,468
6014302225,468
9216868143,468
9216868145,468
4136137529,468
4167762778,468
4715263995,468
4715263998,468
4367041960,469
8755805313,469
4367041962,469
5177397824,469
4369519260,470
4369519219,470
4369519227,470
4369519206,470
4378043649,471
4378043667,471
4378043661,471
4378043662,471
7636278201,472
4401149234,472
7636278191,472
4552504562,473
4430996023,473
4688513242,473
4688513244,473
4688513245,473
6218501724,473
4430996028,474
4430996029,474
4530012705,475
4530012706,475
4530012707,475
4729385030,475
4729385031,475
4530012711,475
4530011788,475
4530012690,475
4530012691,475
4530012695,475
4530012696,475
5473272900,476
5473272902,476
5473272904,476
4534858543,476
5473272700,476
4665352264,477
4665352260,477
4665352261,477
4665352262,477
4665353643,478
4665353644,478
4665353660,479
4665353662,479
4675822093,480
4675822094,480
4675822097,480
4675822099,480
4675822100,480
5006063176,481
4691460850,481
4691460851,481
4691514032,482
4691514035,482
4696545402,483
4697288390,483
367102039,483
4696545403,484
4697287188,484
25496851,485
4730978983,485
4781199345,486
4781199346,486
4781199348,486
4781199350,486
4781199352,486
4781199354,486
4781199355,486
6374802572,487
5006965588,487
5006965589,487
5009054889,488
5009054892,488
5046314074,489
5046314077,489
5060405441,490
5060405443,490
5060405444,490
5060405445,490
5060405461,491
1954751918,491
5095547184,492
5095547180,492
5095547181,492
5095547182,492
5141625635,493
5141625637,493
25067400,493
5141625623,493
5141625621,493
5141625654,493
5141625655,493
5141625653,493
5141625625,493
5141625629,493
5141625630,493
5141625681,494
5141625699,494
5146186468,495
25067397,495
5146186470,495
6978459068,496
5177352922,496
5177352932,496
5242049139,497
6506796188,497
5468301601,498
10607626,498
5468301602,498
6431923714,499
6431923715,499
5471345385,499
308837357,499
9846850972,499
9846850973,499
9846850974,499
5473272896,500
5473272897,500
5473272899,500
5473272894,500
5473272895,500
5473273788,501
5473273789,501
5473273790,501
5473273795,502
5473273796,502
5473273791,502
5473273803,503
5473273805,503
5473273798,503
5473274256,504
5473274257,504
5473274259,504
5473274252,504
5475684676,505
5475684680,505
5475684684,505
5475684621,505
5475675316,505
5564754892,506
5564410334,506
5580861153,507
5580861151,507
5609643623,508
5609643663,508
5609643664,508
5609643665,508
5609643670,508
5609643672,509
5609643675,509
5642519054,510
5839165751,510
5642519066,510
5642519068,510
5642519069,510
5733997920,511
5733997919,511
5904585328,512
27460439,512
5904615691,513
5904615694,513
9216868136,514
9216868137,514
5924603442,514
9216868141,514
5924603450,515
6265654111,515
5927671120,516
5927671121,516
6218501748,517
6218501739,517
6218501740,517
10599654857,518
6218501758,518
6218501759,518
6266867113,519
6266867114,519
9690974277,519
6266867111,519
6272993491,520
7075087299,520
6369329170,521
6369329155,521
4076095262,521
6525701529,522
4142725557,522
6525701539,523
6525701540,523
6525701530,523
6525701533,523
6525701535,523
6606148797,524
6606148798,524
6855696495,525
6855696496,525
6855696497,525
6855696502,525
6855696503,525
6855696504,525
6855696506,525
6918421504,526
6918421508,526
6918421509,526
6918421511,526
6918421512,526
6918421513,526
7553887392,527
8869435273,527
8869435267,527
8869435272,527
7792756538,528
7792756539,528
7792756540,528
10543014371,529
10543014372,529
10543014373,529
7911267686,529
10543014374,529
10543014377,529
10543014379,529
10543014380,529
10543014386,529
10543014388,529
10543014362,529
10543014363,529
10543014367,529
8357847937,530
8357847938,530
8357847939,530
8357847927,530
8357847928,530
8357847929,530
8357847930,530
8357847931,530
8357847932,530
8357847933,530
8357847934,530
8500636794,531
5924603460,531
8515091587,532
8515091590,532
10579930791,533
10579930792,533
8783914189,533
8783914190,533
8604055549,533
8604055550,533
8620105277,534
8620105279,534
25532494,535
8807410150,535
8814668136,536
8814668131,536
8814668135,536
8869435257,537
8869435266,537
9080098298,538
9080098299,538
9197589233,539
25509513,539
9197589238,539
9524817681,540
9524817682,540
9690974273,541
9690974274,541
9804471701,542
9804471702,542
25496854,542
10241310755,543
25509526,543
10306423508,544
10306429309,544
10306429310,544
10306429319,544
10539068564,545
10539068565,545
2665239972,546
10539068590,546
