node_id,cluster_id
1596648673,0
1832129762,0
4076126468,0
7946372941,0
5516594509,0
1401849810,0
25509527,0
25509533,0
104318,0
20965799,1
25500427,1
8868824844,1
7946378610,1
104319,1
104320,2
1215563904,2
373364228,2
1649365894,2
3229825163,2
6369329166,2
3229825166,2
8868824851,2
8868824852,2
3229825173,2
5475684758,2
8868824855,2
8868824856,2
8868824857,2
5475684763,2
20965794,2
20965797,2
107687,2
18397096,2
20965803,2
1163955130,2
10263444809,2
441958994,2
21693795,2
5475684848,2
1649365878,2
1215563895,2
104321,3
7553887464,3
24951853,3
4922952366,3
4922952371,3
4922952373,3
28800672,4
104322,4
8869435268,4
7553887409,4
8869435288,4
8869435286,4
8869435287,4
25161368,4
5046005789,4
5046005790,4
8438226815,4
104323,5
8429812517,5
7623861385,5
1532087855,5
295977520,5
2374491605,5
4715263991,5
4167762776,5
4715263993,5
2969438426,5
1237883773,5
107584,6
5580861153,6
4430996044,6
6218501742,6
251892754,6
252601811,6
251892950,6
5580861151,6
107585,7
6218501751,7
1312188768,8
107586,8
8515091591,8
3375451566,8
4726152850,8
4726152852,8
4726152853,8
4726152857,8
4726152858,8
8043350334,8
8043350335,8
25248128,9
1678245252,9
1497452171,9
3375451563,9
3375451565,9
2218344510,9
4688513218,9
107587,9
4688513221,9
4688513226,9
4688513227,9
4688513230,9
4688513231,9
25069265,9
4688513237,9
4688513240,9
109416,9
3381130090,9
3381130092,9
25248115,9
25248119,9
25248120,9
25248122,9
25248127,9
107588,10
2642857191,10
2538458887,10
5473274957,10
25248112,10
3715515059,10
5816744255,11
28418921,11
4136137525,11
107606,11
4136137527,11
25475770,11
1689605567,11
585124778,12
1951242858,12
107614,12
1864047135,12
1312454055,13
8807410152,13
107626,13
8807410154,13
25532464,13
2378843907,14
1951616261,14
1678226827,14
1951616268,14
5473273227,14
25161362,14
5473273363,14
1951616276,14
25161363,14
5473273364,14
24660697,14
5473273368,14
6463234329,14
5065949596,14
5473273372,14
5473273373,14
5065949598,14
5473273376,14
1678226846,14
5473273379,14
4867087524,14
4867087532,14
3076574254,14
4867087535,14
3076574255,14
6463230640,14
24950064,14
5473273139,14
5473273140,14
5473273141,14
5473273142,14
5473273399,14
1951616319,14
5473273154,14
1312454094,14
5473273295,14
6018098767,14
5473273425,14
5473273429,14
1678227031,14
5238587992,14
5473273433,14
5238587994,14
5473273435,14
25532377,14
5141354330,14
3153656030,14
3153656028,14
25532384,14
5473272665,14
24950114,14
5141354331,14
5473272666,14
5473273441,14
24950115,14
5473272668,14
107627,14
5473273305,14
8807410158,14
5473273326,14
8807431536,14
5227220846,14
8807431534,14
5473273332,14
5049840244,14
1782714747,14
107632,15
6458938017,15
25161361,16
107634,16
5198585559,17
5198585557,17
5198585558,17
107638,17
5198585560,17
5198585561,17
5198585562,17
18468962,18
7926506531,18
9024139143,18
9024139144,18
2466442731,18
107641,18
7926506525,18
1938819328,19
4830306813,19
1938819330,19
25161350,19
1938819335,19
25161352,19
25161353,19
1311962122,19
25161351,19
2387194123,19
8807441166,19
2387194127,19
107644,19
2387194128,19
2387194131,19
25161365,19
2387194133,19
8807441176,19
8807441177,19
8807441178,19
3664405913,19
8807429661,19
8807429662,19
8807429663,19
25066784,19
1311962016,19
1401926435,19
6055863205,19
4729448869,19
2387194149,19
2387194150,19
6055863211,19
2387194156,19
3656358067,19
1678155318,19
4866651961,19
1938819326,19
4866651969,19
10311362114,19
10311362115,19
25066694,19
5046447437,19
10311178960,19
10311178961,19
10311178964,19
1938819294,19
18468958,19
18468961,19
6369390690,19
10311362148,19
1938819301,19
10311362150,19
6369390692,19
6369390696,19
10311362153,19
10311362154,19
6369390700,19
4830306810,19
1938819317,19
1938819320,19
4866623226,19
107643,19
4866623228,19
1938819325,19
4866623230,19
1726730049,20
4922952353,20
1726730082,20
7223709668,20
7223709669,20
1726730029,20
1707790029,20
1726730033,20
2466442741,20
7223709662,20
2466442743,20
1835355931,20
107646,20
5207476608,21
5207476609,21
25504128,21
473264514,21
5207476611,21
5207476613,21
4627445254,21
4627445252,21
4627445253,21
4627445257,21
5207476616,21
4627445260,21
4627445261,21
419350669,21
10309458701,21
4089236236,21
1536948492,21
107667,21
10309472541,21
10309472542,21
10309472543,21
10309472544,21
5009054881,21
4085767970,21
10309472547,21
10309472548,21
473264937,21
10309472553,21
4085767979,21
473265708,21
4627491632,21
10539712057,21
10539712058,21
10539589691,21
10310609852,21
4627491645,21
10539589692,21
10310609849,21
473265346,21
4627491650,21
419350723,21
7179983946,21
7179983947,21
10539856459,21
10541894095,21
3696548432,21
10541894097,21
4166634960,21
3696548437,21
3696548438,21
10310609879,21
1828402774,21
10310609881,21
3696548440,21
10310609887,21
4627445215,21
473265762,21
1268903266,21
10310609894,21
1938819302,21
4175059691,21
25504753,21
4627445239,21
4627445240,21
4627445241,21
7827997819,21
10309153027,22
10309140683,22
107668,22
490946748,22
490946813,22
107681,23
1401870340,23
1726730375,23
1726730272,24
25577057,24
5342251136,24
1726730307,24
107684,24
1726730281,24
4379801706,24
5342251151,24
4329502449,24
1163954995,24
1726730292,24
1726730295,24
1726730326,24
25500535,24
4379801694,24
8785484288,25
956233216,25
490947077,25
10572179,25
10572180,25
107685,25
107686,25
490947124,25
4643337143,25
4643337146,25
7613626042,25
7613626044,25
7613626045,25
7613626046,25
7613626047,25
7613626050,25
7613626059,25
7613626060,25
7613626066,25
7613626070,25
1726730329,25
25503845,25
25503848,25
25503851,25
25503856,25
1726730354,25
4530339698,25
4530339699,25
25471732,25
956233215,25
107692,26
2294047375,26
5006063174,27
6769325725,27
323262310,27
107693,27
5736692334,27
25496622,27
5736692333,27
25496623,27
269550681,27
7223695325,27
7223695326,27
1832227968,28
1832227972,28
338472586,28
338472589,28
1832129807,28
6279388821,28
6279388822,28
6279388824,28
2458257563,28
1832129947,28
1832129821,28
1832227996,28
1832129951,28
1832227873,28
343669793,28
8975700260,28
343669796,28
343669798,28
1832129835,28
1364161197,28
5265953455,28
1832228016,28
5265953457,28
5265953459,28
1832228035,28
1832228039,28
1364172237,28
1832129869,28
1832240590,28
1832129873,28
1832129878,28
1832240598,28
1832129881,28
1832129884,28
1832129888,28
6724775012,28
108389,28
6724775018,28
1832248428,28
1832248430,28
1364168178,28
1364168180,28
2458303223,28
1832129917,28
25495807,28
25495698,29
108391,29
25497619,30
9820537932,30
9820537933,30
4297243218,30
25475674,30
9576827482,30
1816777820,30
775984737,30
775984738,30
25475692,30
25475693,30
25475694,30
1816705135,30
9820537981,30
9820537982,30
1816705152,30
9820537993,30
1816705168,30
1816777873,30
1816777874,30
1816705175,30
1816705177,30
4297243292,30
4298971293,30
1816705180,30
4297243295,30
1816705183,30
4297243298,30
9820538020,30
9820538021,30
9820538022,30
4297243301,30
4158004390,30
1816705193,30
4297243306,30
1938953406,30
5353127105,30
1938953413,30
748797126,30
1816705227,30
6828863694,30
6828863697,30
1816705235,30
748797145,30
1816705242,30
1816609498,30
1816705246,30
1816705250,30
748797155,30
21990638,30
4158122222,30
9805100783,30
4158122223,30
4298970364,30
4298970368,30
4298970372,30
4298970376,30
4298970380,30
4298970384,30
4298970388,30
1664571164,30
355416911,30
4297242961,30
355416920,30
355416921,30
1664571227,30
1664571229,30
1664571236,30
4297054053,30
4297242983,30
108406,30
1145174417,30
1261120402,30
1145174418,30
9693963681,30
1145174435,30
1145174437,30
9693963688,30
710657963,30
1261120430,30
25499093,30
435104726,30
435104728,30
435104729,30
1145174501,30
1145174508,30
1913216493,30
422573549,30
390073160,31
5306194265,31
25632684,31
25634199,31
108409,31
3809744384,32
3809744385,32
3809744386,32
3809744387,32
338319877,32
3809744389,32
3809744390,32
3809744392,32
3809744395,32
3809744396,32
3809744398,32
3809744400,32
3809744401,32
3809744403,32
3809744404,32
906172949,32
3809744406,32
4317178392,32
3809744409,32
3809744412,32
3809744414,32
3809744415,32
3809744416,32
3809744417,32
3809744418,32
3809744419,32
3809744421,32
1150003237,32
3809744423,32
3471375913,32
3809744426,32
3809744430,32
3809744431,32
3809744432,32
3809744433,32
3809744434,32
3809744436,32
3809744439,32
3809744443,32
3809744444,32
3809744446,32
5565466174,32
1390303296,32
5565466177,32
3805378111,32
3809744451,32
3805378116,32
3809744453,32
3805378117,32
3805378119,32
3805378120,32
3805378121,32
3805378122,32
3805378123,32
3805378124,32
3629217348,32
1327865952,32
4383581281,32
1327865953,32
1327865957,32
25477224,32
7151566952,32
250327660,32
3808625773,32
3808625778,32
3808625780,32
3808625782,32
3808625785,32
3808625786,32
3808625791,32
3808625796,32
4749094023,32
1271712905,32
4749094026,32
3808625804,32
1271712911,32
3808625809,32
1271712914,32
2129578132,32
2129578133,32
1271804564,32
1271712920,32
1150003354,32
1271712922,32
2129578142,32
1271712931,32
1271712934,32
3808625831,32
3808626859,32
3808626860,32
9030284973,32
3809744558,32
9030284975,32
3808626862,32
9030284977,32
3808626865,32
3808625843,32
3808626868,32
3809744565,32
3808626869,32
9030284983,32
3808626872,32
1150003385,32
1255487162,32
3809744571,32
3809744572,32
806373565,32
1271712957,32
3808625855,32
3808625853,32
3808626878,32
3808626882,32
1039290561,32
3808626884,32
1255487171,32
3808626886,32
1255487174,32
1255487176,32
1255487177,32
3808626887,32
3808626893,32
3808626895,32
3808626896,32
1255487187,32
3808626902,32
3808626904,32
3808626905,32
728370399,32
8210567392,32
3808626913,32
3808626914,32
8210567395,32
1039290594,32
3808626912,32
8210567396,32
8210567401,32
8210567402,32
3808626923,32
3808626922,32
6574794989,32
3808626929,32
3805378112,32
3808626934,32
3808626935,32
1255320311,32
3805378113,32
3629217345,32
3808626940,32
3808626941,32
4317211389,32
3805378114,32
3629217346,32
3808626945,32
3629217347,32
3808626947,32
251757321,32
1255490314,32
3733299982,32
1255320339,32
3733299988,32
1255320354,32
4086232870,32
4086232871,32
1255320363,32
4316822830,32
1255320367,32
8042031957,32
8042031958,32
1271774552,32
3805122394,32
3805122396,32
4382350190,32
4382273402,32
4382273404,32
3808625835,32
3988141441,32
3988141442,32
108420,32
4075008388,32
3808625837,32
1255369105,32
1255369111,32
1255369125,32
4317187494,32
1255369128,32
3808625844,32
1255369135,32
3093894066,32
3809870259,32
1255369140,32
3809870261,32
3809870262,32
3809870264,32
3809870265,32
3809870266,32
3809870267,32
1255369148,32
3809870269,32
3809870270,32
2560785849,32
3809870272,32
3809870273,32
4511948225,32
1255369152,32
1255369156,32
3809870277,32
1255369159,32
3809870281,32
3809870283,32
3629223884,32
3629223885,32
4511972302,32
3809870287,32
3809870288,32
4511972301,32
3152307669,32
3808626871,32
3808625854,32
1271712946,32
2254629351,32
4316823023,32
3637436403,32
3637436404,32
3809744380,32
3809744381,32
3809744383,32
2278320131,33
108838,33
108845,34
5124166975,34
1777728708,35
108871,35
20626317,35
20626318,35
4866475733,35
3796774902,35
4866475736,35
5124166971,35
5124166973,35
18395806,35
4211515569,36
245200970,36
108903,36
1145174402,37
3257317059,37
4729480806,37
4729480807,37
1145174413,37
3830441937,37
4571244660,37
4571238069,37
5503142966,37
355416887,37
109403,37
355416892,37
4571244663,37
109408,38
894485202,38
470727954,38
1236791504,38
109411,39
20626311,39
3796814729,39
2012970414,39
4866475738,39
1536948578,40
109412,40
109734,40
20626312,40
7572522540,40
1852996954,40
4866475729,40
4866475730,40
4866475734,40
2504822135,40
1536948536,40
1536948477,40
1536948474,40
7572522523,40
7572522556,40
6509584413,40
2504847039,40
109414,41
9030029183,41
109728,42
25476134,42
5564754892,42
5931509715,42
5931509718,42
5564410334,42
5104314272,43
5104314275,43
5104314276,43
25067461,43
7824803495,43
25067463,43
109737,43
7824803497,43
10542989484,43
4166634957,43
4085778931,43
5104314264,43
5104314266,43
5104314268,43
5104314269,43
5104314270,43
1951372959,43
109766,44
302013678,44
373402354,45
109780,45
9514602150,46
9514602151,46
9514602152,46
9514602153,46
4922952364,46
4922952370,46
109785,46
6166157035,47
24952268,47
3887941010,47
6446269173,47
109788,47
1685281025,48
1685281029,48
4823246342,48
1685281031,48
1685281032,48
1685281035,48
5609643663,48
5609643664,48
1685281041,48
5609643665,48
25498004,48
1685281045,48
5609643670,48
1685281175,48
1141415192,48
25498010,48
1685281053,48
1686463389,48
1685281056,48
1686463392,48
1685281058,48
1685281061,48
1686463397,48
1685281063,48
1685281064,48
1141415215,48
1686463794,48
1685281075,48
1141415220,48
1685281077,48
1685281087,48
110143,48
1686463428,48
1684835016,48
1150003530,48
1685281104,48
1685281123,48
5609643623,48
1685281003,48
1685281260,48
1685281006,48
1685281010,48
1685281011,48
1685281013,48
1685281017,48
1685281020,48
1685281021,48
1233327202,49
1787108647,49
1787108648,49
1787108649,49
1787108650,49
110238,49
2293833763,50
1707790076,50
5374174119,50
9949142599,50
5880186827,50
5880186829,50
5880186830,50
5880186833,50
21392273,50
237908,50
3972566713,50
3972566716,50
473267328,51
10309153025,51
1649365762,51
4158223748,51
1649365764,51
10539068550,51
3763565959,51
8620105223,51
3763565961,51
473268999,51
1678452753,51
1649365780,51
1668112790,51
1813794712,51
1813794713,51
1668112792,51
6137798425,51
1239549084,51
1649365789,51
268124704,51
3267461666,51
1649365797,51
1905779367,51
1649365800,51
1905779369,51
5177397419,51
8620105262,51
5009054894,51
1777740337,51
1649365810,51
419632307,51
5009054898,51
10539068598,51
3972566710,51
1649365816,51
368044217,51
1649365820,51
5177397822,51
5177397823,51
2140432704,51
5177397825,51
5177397826,51
10309153022,51
5177397828,51
8755805305,51
1214922433,51
1707790023,51
4197401800,51
4197401802,51
1777742666,51
10309140686,51
4150883407,51
4150883409,51
4197401811,51
4197401813,51
237911,51
864817628,51
473266524,51
4034060007,51
2360681703,51
8755808618,51
2360681709,51
473269102,51
1955520879,51
4034060015,51
4034060017,51
4034060018,51
4696544883,51
2265065203,51
2360681711,51
8755808627,51
2265065207,51
2360681716,51
2360681713,51
4696545406,51
10309153023,51
6866779809,52
6866779810,52
4530012702,52
6866779817,52
6866779818,52
4316306161,52
2632761651,52
282708,52
4316306163,52
6866779798,52
6866779799,52
4316306164,52
1761598585,52
6866779802,52
4530012699,52
6866779804,52
6866779806,52
4530012703,52
25438595,53
25438732,53
25438638,53
282719,53
24661273,54
8807431546,54
2961540,54
24950109,54
24950113,55
8807431541,55
2961549,55
1733389314,56
5473274891,56
1365887500,56
5473274896,56
3136311315,56
3136311316,56
8807429659,56
5473274911,56
1733389349,56
1733389353,56
3141817429,56
5473274969,56
2218340965,56
5473273451,56
5473274990,56
5473273966,56
5473273968,56
3136301320,56
5473273967,56
5473273457,56
4861365369,56
4861365370,56
5473275004,56
4861365372,56
5473274494,56
5473274493,56
5473274501,56
5473274502,56
5473274503,56
4861365383,56
5473274506,56
5473274507,56
5473274508,56
5473272978,56
5473273490,56
2961557,56
5473274519,56
3136301328,56
5473273499,56
5473273500,56
5473274525,56
5473274528,56
5473274529,56
3136301730,56
5473274531,56
5473274532,56
5473274533,56
5473274534,56
3136301731,56
5473274540,56
5473273571,56
5334381837,56
5473273069,56
5473273070,56
5473273071,56
5473273072,56
7223365368,56
1939558651,56
7223365372,56
24659709,56
2622212862,56
2622212860,56
1939558655,56
2622212865,56
5473273604,56
1939558661,56
2538458886,56
5473273605,56
2538458888,56
2538458889,56
5473273610,56
3136301321,56
5473273612,56
2538458893,56
5473273611,56
5473273613,56
1939558672,56
3136301324,56
2538458898,56
2538458899,56
3136301325,56
2538458894,56
5473273615,56
2538458903,56
2538458904,56
1939558681,56
2528522522,56
5473273621,56
1939558684,56
5473273623,56
2538458905,56
1939558687,56
2622212895,56
2622212897,56
3139677982,56
3139705124,56
2622212903,56
1939558697,56
1939558700,56
4534858546,56
2622212914,56
4534858548,56
2622212925,56
2622212927,56
2622222657,56
2622222658,56
2622222659,56
2622212930,56
2622212933,56
2622212937,56
2622212939,56
2622222668,56
2622212941,56
2622212942,56
24950101,56
24950102,56
5473274710,56
24950104,56
24950105,56
5473273606,56
24950107,56
357999964,56
5473274717,56
5473273607,56
5473274724,56
5473274725,56
4866976614,56
3141814027,56
25248113,56
25248114,56
5473274242,56
8807431559,56
8807431560,56
1312264600,56
2622212878,56
1733389217,56
5473273622,56
1939558663,56
1939558666,56
1939558667,56
1733389249,56
2622212885,56
2538458895,56
2622212887,56
2622212889,56
25066457,56
1733389278,56
2218362849,56
5473274866,56
5473274867,56
27458331,57
3215687074,57
1566269741,57
5342236721,57
1566270021,57
1312454086,57
5335245254,57
5335245256,57
5335245257,57
1566270409,57
692162510,57
27481039,57
27481040,57
27481041,57
692162514,57
27481044,57
30056280,57
4807512540,57
4807512541,57
692162527,57
2961891,57
5768339816,57
5768339817,57
30057965,57
692162559,57
25503876,58
25503880,58
5114681227,58
25503885,58
5114681230,58
25504143,58
25504144,58
10572178,58
7607080091,58
7607080092,58
1726730162,58
1726730165,58
1678452793,58
747893184,58
7610670913,58
7610670912,58
7610670919,58
7610670920,58
8785457870,58
8785457871,58
10572785,59
8972511963,59
25496748,59
21583342,59
8785568224,60
8785567914,60
8972441580,60
10572786,60
1985084095,60
1813618432,61
8989843465,61
20460681,61
25497611,61
20460686,61
20460690,61
10607127,61
10607128,61
20460697,61
20460696,61
6871422361,61
6871422360,61
1813618461,61
1813618463,61
1813618465,61
7553479208,61
5041784489,61
7553479212,61
1596655149,61
1596655148,61
1596655155,61
1813618484,61
5041784501,61
1813618358,61
25473207,61
1596655157,61
5041784633,61
5041784634,61
1813618228,61
1813618229,61
1813618365,61
1813618493,61
1596655161,61
1326821569,61
8868824899,61
8868824900,61
8868824901,61
1813618376,61
8868824911,61
8868824912,61
256766545,61
8868824913,61
1366095187,61
8868824914,61
1366095189,61
1813618393,61
10004388708,61
10004388710,61
632447859,61
1813618424,61
1813618426,61
372050299,61
1813618429,61
1813618431,61
435104736,62
435104738,62
435104732,62
10607132,62
435104735,62
5470932256,63
5468301555,63
5470932252,63
10607629,63
1721713699,64
672061444,64
2406484455,64
1312188714,64
1721713677,64
672061646,64
10677374,64
8869464354,65
5046005731,65
5046005730,65
8869464357,65
5046005743,65
5043864464,65
8869435281,65
5046005745,65
1684511955,65
1718328435,65
1718328442,65
316763548,65
10677375,65
10677376,66
2642857203,66
5473274959,66
10677377,67
1401416203,67
1832129958,68
1832129960,68
1832248457,68
5374174120,68
1832248458,68
1832129962,68
25151180,68
7203717550,68
5374174224,68
5573931377,68
14672924,68
529722111,68
21307200,69
18393873,69
18395288,70
1717643537,70
25161370,70
1717643530,70
470729237,71
8807441179,71
7610670751,71
7610670752,71
18395811,71
1268900644,71
10310609841,71
1268892338,71
10310609842,71
3664398006,71
3664398007,71
3664398009,71
10311362236,71
1268900678,71
3474115151,71
10310609872,71
10311178967,71
10311178970,71
10310609885,71
10311362270,71
10311362271,71
10311362272,71
1725360097,71
10311178978,71
5976850019,71
5976850023,71
5976850024,71
10311178985,71
1655418222,71
10311178991,71
7610670710,71
5006781409,72
8869472263,72
18398282,72
632438506,72
20460684,72
10577984012,72
8869472239,72
8869472242,72
4922952363,73
18468951,73
20458277,74
250549587,74
4618510643,74
1312188692,74
4618510644,74
25497985,75
6978555522,75
5067002882,75
1150003329,75
2990780039,75
20460680,75
1684710025,75
2990806410,75
2990806411,75
3739049356,75
2990806415,75
5733998227,75
968499092,75
5733998228,75
3739049366,75
3739049365,75
819132568,75
1684710044,75
1684781470,75
316763559,75
8975833905,75
6978563378,75
1758554291,75
8975833911,75
256766532,75
256766533,75
748941508,75
6816821193,75
1150003147,75
1150003532,75
1759454163,75
1759454429,75
6978557152,75
1759454305,75
5041784423,75
1684781421,75
5067002862,75
3739049327,75
1150003571,75
5067002867,75
1684781436,75
25497981,75
6978555518,75
5609643647,75
5238523291,76
5238528591,76
20460687,76
20625793,77
5905807278,77
5905807279,77
10544409928,77
10544409929,77
10544409930,77
25474005,77
10544409948,77
10544409950,77
25474015,77
10544409954,77
10544409957,77
10544409958,77
10544409959,77
10544409960,77
10544409961,77
10544409963,77
10544409964,77
10544409966,77
10544409967,77
3616299208,78
20626282,78
8675201272,78
4777897926,78
25067398,79
4085778920,79
7824747306,79
20626301,79
1536948431,79
6446301329,79
4085778930,79
5146186589,79
5146186590,79
5146186591,79
20626304,80
2941549929,80
5124166978,81
20626307,81
7572833352,82
7572833353,82
20626314,82
20626316,83
7572522510,83
7572522511,83
7572522512,83
7572522513,83
2398924896,84
20965798,84
20965800,84
2398924877,84
7946378606,84
2398924886,84
20965801,85
2398924898,85
5177397824,86
8755805313,86
3328228994,86
4367041960,86
25524297,86
4367041962,86
21392267,86
21392276,87
4156336278,87
6606135977,88
6606135979,88
6606135983,88
21392279,88
6218501761,89
21523714,89
3145798533,89
4726152844,89
3215685153,89
5342236733,89
5342236734,89
5342236743,89
6465896907,89
6465896909,89
471488469,89
6218501725,89
6218501730,89
6218501736,89
6218501737,89
1678283242,89
1678283247,89
6218501745,89
6218501746,89
21523718,90
252729234,90
4726152859,90
4726152860,90
1014649631,90
2934288512,91
10596794785,91
27459970,91
5165786242,91
5009060057,91
5165786245,91
21523719,91
4138224462,91
4138224463,91
5335233113,91
2934288510,91
1617596646,92
21563463,92
762080105,92
1617596621,92
21563503,92
21563504,92
1617596626,92
1617596627,92
1617596669,92
1707790096,93
21563489,93
21563481,93
21563479,93
25475330,94
25475331,94
25475332,94
8785484298,94
762080145,94
8785484306,94
4689775126,94
8785484312,94
8785484313,94
1617596711,94
1617596714,94
269550898,94
4530270906,94
762080190,94
269550783,94
269550786,94
8373690819,94
1617647944,94
1617647945,94
762080077,94
269589467,94
1020211942,94
25475182,94
21563507,94
21563508,94
269550330,94
6828921212,95
21563788,95
25504770,96
21565570,96
1835355913,96
25504145,96
25504146,96
1835355922,96
25504148,96
25504149,96
25504150,96
1835355929,96
1835355936,96
1835355940,96
1835355946,96
1835355955,96
1678452795,96
1835355964,96
1835355965,96
1678452796,96
1678452797,96
1835355972,96
1777727945,96
8785457865,96
1777727947,96
8785457866,96
1777727949,96
1777727950,96
8785457867,96
470729292,96
1777727958,96
1777727960,96
1777727961,96
1777727962,96
1707790044,96
367105757,96
7223709667,96
1793420652,96
1707790062,96
25504755,96
1793420660,96
1268892533,96
25504763,96
1268892541,96
25498458,97
21578454,97
8785568223,97
6863550501,98
21583366,98
4017328647,98
1419565097,98
25378129,98
2586616722,98
4378043649,99
21685483,99
4378043661,99
4378043662,99
1837610895,99
1837610896,99
4378043667,99
1163955034,99
269547420,99
4370333637,100
21685484,100
21685485,100
4076095791,100
4076095797,100
1832129794,101
1832129785,101
25496847,101
1832129776,101
1832129778,101
4077495826,101
21685497,101
1684437690,101
1684437692,101
1832129789,101
5788363874,102
4462680070,102
5788363878,102
5788363880,102
5907366887,102
9203541611,102
9203541612,102
21686572,102
21686574,102
9236477422,102
4462680076,102
3972566705,102
4462683090,102
6978443788,102
3972566714,102
4208239642,102
5839163740,102
21693787,103
25500239,103
3515286913,104
3471375905,104
5565466183,104
1493676622,104
21990614,104
3629223996,104
4556931604,105
21990622,105
21990624,106
21990625,106
250549282,106
250325411,106
2003007012,106
3334162601,106
4453606953,106
4453606958,106
2929116721,106
1779589718,106
2934268024,106
4224123324,106
250327100,106
475396929,107
21990627,107
475396924,107
5565443389,108
21990629,108
5565443390,109
250327618,109
21990630,109
1718566880,110
1718566886,110
21990631,110
21990632,110
8869464392,110
5042033643,110
8869464378,110
25161349,111
25161367,111
24658003,111
24658007,111
25066333,111
6116290274,112
24659947,112
6948380395,112
6948380400,112
6948380401,112
24949780,112
9693920800,113
9693920796,113
9693920797,113
24660863,113
1418752689,114
24662037,114
5094718794,115
5094718798,115
24949783,115
25071136,116
25248129,116
25248130,116
25071137,116
25071145,116
24661419,116
25070924,116
24950061,116
1497452184,116
2793874587,116
25071133,116
24950110,117
24950111,117
24950112,118
24951721,118
25248126,118
25161345,119
316763501,119
24950117,119
5046314043,120
25632860,120
24951854,120
10544113920,121
10544113922,121
24952195,121
10544113923,121
3887940999,121
2528522518,121
2528522524,121
694824861,121
2528522528,121
2528522530,121
6985465124,121
6985465127,121
6985465130,121
6985465133,121
2528522542,121
2528522547,121
2528522549,121
6886012733,121
1556324684,121
3385387604,121
3385387606,121
3385387607,121
3385356250,121
4117882857,121
25532273,121
1689387896,121
1689387903,121
5087519104,122
25066338,122
25161347,122
5087519106,122
25066412,122
5090420611,123
25161348,123
5090420613,123
5090420614,123
5090420940,123
5090420941,123
25066419,123
8807429660,123
1718390753,124
1717650794,124
25066451,124
25066453,124
25161369,124
25067264,125
25067265,125
25067298,125
25067266,126
1852996996,126
4085778922,126
4866552622,126
4866552623,126
6509584414,126
2566132610,127
2566132611,127
25067397,127
5146186503,127
5146186504,127
5146186505,127
950703626,127
5146186507,127
25161356,127
25161373,127
7824747295,127
7824747302,127
25067305,127
6967585840,127
6967585841,127
6967585842,127
6967585843,127
1827389620,127
6967585845,127
1782727992,127
6446304190,127
5201625535,127
5201625537,127
5201625539,127
5201625541,127
700774224,127
5146186468,127
5146186470,127
4085778919,127
4085778927,127
4085778933,127
5146186489,127
5141625635,128
5141625637,128
25067400,128
5141625655,128
5141625653,128
107637,128
5141625623,128
5141625625,128
3100169049,128
5141625621,128
5141625654,128
5141625629,128
5141625630,128
5141216782,129
5141216785,129
5141216787,129
25067670,129
5141216790,129
5141216792,129
1569312412,129
25067936,129
25067727,129
25067728,129
25067479,129
25067871,129
5141216742,129
5141216745,129
5141216746,129
25067883,129
5104314096,129
5104314358,129
1719529597,129
25067914,130
1722621711,130
1722621718,130
7911231384,130
25067929,130
25161375,130
5141228834,130
6032044857,130
4085783105,130
4085783106,130
4085783107,130
10543014339,130
10543014343,130
6032044874,130
10543014346,130
6446292570,130
6446292571,130
7911267685,130
7911267688,130
2642857197,131
25068755,131
25248117,131
2642857199,131
25070019,132
25069911,132
25071139,133
25071142,133
25161346,134
4922952372,134
1046334318,134
1951616322,135
5141625698,135
5096270631,135
25161360,135
7906964248,135
7906964249,135
25161371,136
28800667,136
3375451555,137
30078473,137
30056277,137
25248123,137
25248124,137
25248125,137
1211381855,137
10306429312,138
10306429318,138
10306423498,138
4166634955,138
10306423499,138
4166634961,138
4166634962,138
5340811825,138
6446292564,138
25265077,138
3887941013,138
25265080,138
2278320154,138
4085783099,138
2059790748,138
25504129,139
25504134,139
4643337000,139
4643337012,139
2005131543,139
25503865,139
25503867,139
25503869,139
25470782,139
7610670890,140
7610670892,140
25470928,140
1678452788,140
1678452789,140
25471090,141
2036181339,141
1309180610,142
1309180612,142
1723389067,142
7792756412,142
7792756414,142
25471135,142
1309180608,143
25471274,143
7447565849,143
25632854,143
7447637305,143
7447637306,143
3691462888,144
25471289,144
2755124947,144
2755124949,144
748885408,145
4240028578,145
4240028580,145
25503860,145
25503862,145
25471740,145
2036185421,146
25472215,146
2294047355,147
25472324,147
7271474843,147
321255907,147
4675821921,148
4675821924,148
4675821925,148
4675821931,148
4675821932,148
762080111,148
4675821944,148
25472379,148
4675821968,149
6483733489,149
25472428,149
6483733493,149
25472800,150
2940401398,150
1954751920,150
25472890,151
1617647931,151
1617647934,151
4675822095,151
4665353660,152
25473004,152
4665353662,152
1311962080,153
25473200,153
25473199,153
1813618304,154
1759454211,154
3739049382,154
5060388105,154
1401893675,154
5060388107,154
1759454222,154
875789647,154
1150003472,154
5060388110,154
25473202,154
5060388115,154
1311962012,154
1150003197,154
1401893666,155
25473204,155
25473205,155
3739049383,155
5904615699,156
3999987604,156
5904615708,156
2528483742,156
5574049698,156
5574049700,156
5574049702,156
5574049703,156
4085387943,156
4085387945,156
5574049707,156
5574049709,156
5574049717,156
5574049718,156
5574049719,156
4085600696,156
4229228089,156
4085600698,156
9683633717,156
9683633718,156
6779394887,156
585148380,156
9683400934,156
713363180,156
4136124526,156
4166219502,156
8031801454,156
5574051321,156
25473279,156
25473281,157
8497605091,157
4777885221,157
4773889323,157
5976760446,158
25474019,158
5976760444,158
2528484782,158
1547013574,159
9694091976,159
9694091978,159
25475053,159
9694091983,159
9694091984,159
1547013588,159
1547013592,159
25475072,160
8064065323,160
8064065324,160
25496910,160
1547657104,160
585180151,160
6332695639,160
277337783,160
4529839800,160
7236131862,160
6332695642,160
25475328,161
9700060290,161
9700060291,161
9700060292,161
1155552322,161
1155552319,161
1990912136,161
1951242857,161
3385332654,161
9683686963,161
1990912115,161
4832472797,161
1137777343,161
9135845216,162
25475417,162
3733791671,162
1233350889,163
283061836,163
1233350862,163
675734610,163
1402070363,163
675734613,163
25475419,163
1402070364,163
1402070365,163
675734622,163
25475561,164
9690878337,164
25475550,164
1312471234,165
1312471202,165
1796137508,165
25475661,165
9699961628,165
25475712,166
8064065315,166
9690915267,166
8064065316,166
25475663,166
6696695781,167
25475678,167
25475688,168
25475690,168
9820538027,168
25475691,168
25499095,168
25475754,169
1493229962,169
28728208,170
25477106,170
1668135492,170
28728205,170
306439304,171
8632535522,171
25477149,171
8632535535,171
306439310,172
8632535532,172
25477150,172
306439338,173
25477154,173
306439329,174
25477156,174
25477197,175
2402557839,175
1327865956,176
1731235557,176
1731235558,176
2935373159,176
249558409,176
2935373161,176
1731235511,176
25477228,176
57786953,176
1731235534,176
3673602988,176
3809870260,176
25477301,176
25477335,176
1731235545,176
25477339,176
3735886877,176
5925626143,176
28419328,177
3528738439,177
3528738440,177
5257738380,177
5257738381,177
5257738382,177
5257738383,177
5257738384,177
5257738385,177
5257738386,177
5257738387,177
5257738388,177
2934411667,177
5160943793,177
5160943794,177
5160943795,177
5160943796,177
5160943797,177
5174828980,177
5160943798,177
5160943800,177
5160943799,177
8042031930,177
5160943803,177
5160943804,177
5160943806,177
5160943807,177
5160943808,177
4144358216,177
4144358217,177
5174825175,177
5174825176,177
251757533,177
5174825183,177
25477371,177
249679102,177
819157946,178
25477858,178
3661703766,178
1832052008,179
25495542,179
1832129783,179
25495617,180
25495618,180
350437608,180
5976672308,180
1816038230,180
25495769,180
10543800252,180
8645592520,181
8645592521,181
25495858,181
25495639,181
25495640,181
25495648,182
5014591895,182
25495646,182
1953202903,182
1832052016,183
25495819,183
350628799,183
6354294763,184
25495820,184
1834657466,184
6354294779,184
1834657469,184
350437528,185
4275394254,185
25495822,185
4275398720,186
4275398721,186
4275398723,186
25495852,186
4275398714,186
4275398716,186
25495857,187
350377994,187
269550332,187
4689775161,187
759123955,188
25496100,188
269550896,189
25496617,189
269550331,189
269550684,189
7279228683,190
25496773,190
25496777,191
663363473,191
8972511964,191
8972441125,192
8972441126,192
8972441579,192
5265830862,192
25496815,192
25496785,192
1958800795,192
1985084137,193
25496787,193
1985084135,193
25496788,194
25496781,194
25496800,195
5014591889,195
1816038199,195
25496825,196
5060391418,196
321255925,196
5060391821,196
25496920,197
9690974273,197
4920098344,197
9690974274,197
9820537921,198
9820537954,198
9820537955,198
9820537957,198
108393,198
7947041713,198
1601797458,198
9820537917,198
4571238068,198
1326821457,198
9820538006,198
9820538002,198
9820538004,198
5095890460,198
1938953431,198
25497340,198
1938953437,198
4142725554,199
25497595,199
25497603,200
1547657140,200
25497872,201
5242049139,201
6506796188,201
2480657188,202
25632678,202
2480657190,202
1954751914,202
25497968,202
25497970,202
2135411292,202
2135411293,202
2755124807,203
256766536,203
256766537,203
2755124815,203
25497978,203
25497979,203
1723388960,204
5006916678,204
1723388970,204
25497997,204
1723388974,204
1723388981,204
390073175,204
1723388988,204
1723388957,204
6374802559,204
250550447,205
1169109485,205
25498015,205
25498016,206
6569580040,206
25498018,207
3725817386,207
6374802579,207
6374802582,207
6374802583,207
7792756672,208
7792756674,208
7792756676,208
7792756680,208
7792756713,208
25498026,208
5711517569,209
5711517565,209
25499655,209
4378043682,210
25500246,210
25503841,211
25471681,211
1726730303,211
25505679,212
9988193967,212
25505607,212
4962956931,213
1828402760,213
9611081868,213
1938819283,213
2012969972,213
25505629,213
1828402763,214
25505662,214
6606135968,215
25509513,215
9197589233,215
9197589238,215
5223919938,216
3272782406,216
1312454087,216
25532332,216
3272712566,216
5340811717,217
1401459399,217
1401459400,217
5340811720,217
5340811719,217
1401459403,217
25544110,217
5340811707,217
2577040703,217
316763584,218
5046627553,218
316763586,218
316763600,218
1215563891,218
25632859,218
5046627645,218
25632862,218
25632864,219
25632865,219
1141487746,220
1150003224,220
1150003238,220
1150003247,220
8784212017,220
5060405427,220
8784177716,220
5060405429,220
5060405430,220
5060405434,220
1150003264,220
1150003155,220
1150003170,220
5067002851,220
25632870,220
5067002855,220
1150003563,220
1141487723,220
1150003195,220
761830981,221
761831019,221
9566848716,221
761830989,221
761830987,221
761831023,221
761831057,221
270110481,221
26374230,221
26374231,221
761831000,221
1617647901,221
761831004,221
761831037,221
761831007,221
7271474850,222
7271474852,222
7271474841,222
26374236,222
26374237,222
5342236739,223
1550763620,223
5342236740,223
27458353,223
471488472,223
3528738438,224
9080098310,224
9080098315,224
9080098316,224
3528710291,224
9030037139,224
1014803736,224
6995618979,224
2935392676,224
3528711722,224
27459116,224
27459120,224
3682538298,224
28418497,224
302013776,224
3073173585,224
27459165,224
2914561272,224
2914561274,224
27460210,225
429346236,225
4534184514,225
27459198,225
4430996033,226
27459971,226
3906588452,226
3247933381,226
2934288518,226
3906588454,226
6288147785,226
6288147786,226
4195103055,226
27459729,226
2934288530,226
6218501757,226
27460198,227
843376594,227
2870261844,227
27459830,227
6995618971,227
3906588446,227
27459905,228
429346242,228
1312471267,228
429346243,228
429346244,228
742399752,228
4629462859,228
429346253,228
5116226063,228
28418877,228
27460226,229
3930921860,229
4223357841,229
4155841810,229
4155841811,229
4155841816,229
4155841818,229
3932064154,229
4155841820,229
3932064156,229
3906588448,229
251892523,229
28418859,229
4430996024,229
4430996027,229
4430996028,229
3932064957,229
4430996029,229
32838084,229
3708234955,229
3708234956,229
3708234957,229
843376591,229
4089885906,229
843376610,229
3632581622,229
1233350848,230
5904585328,230
27460439,230
27480957,231
347542742,231
347542743,231
27480960,232
9678821156,232
28193265,233
3170676207,233
3894948098,234
3894948099,234
3894948100,234
249679365,234
4344245894,234
3168378376,234
670103314,234
3014236566,234
3014236567,234
3014236569,234
3014236570,234
7817162919,234
249679407,234
3068270516,234
2140124982,234
2140124983,234
3186593720,234
3068270518,234
3186593722,234
7817166393,234
249679420,234
7817166397,234
249679418,234
1014803704,234
5768339777,234
1042862659,234
2140124996,234
7817166407,234
4949004105,234
4949004106,234
28418138,234
28418141,234
3892081373,234
249559005,234
302013662,234
3892081377,234
3892081378,234
4948602211,234
3892081382,234
1014803686,234
3892081384,234
1014803691,234
302013682,234
302013688,234
3894948091,234
3894948093,234
28418144,235
472493763,235
4344245892,235
4344245893,235
6969936102,235
9080123621,235
6969936104,235
6969936106,235
6969936108,235
6969936109,235
6969936110,235
302013777,235
6969936114,235
6969936115,235
6969936116,235
6969936117,235
27460250,235
249679168,236
5924603458,236
28418580,236
5106520280,237
429346251,237
3632577084,237
28418909,237
3984132032,238
3984132036,238
3984132037,238
302013708,238
4422013486,238
4089885902,238
28418929,238
5565486432,239
5565486434,239
1150003547,239
5565487612,239
1150003480,239
3197339673,239
3197339674,239
28728187,239
3197339676,239
1731225566,239
2990651905,240
1758552547,240
1758552521,240
1758552522,240
1758552555,240
1758552524,240
1758552559,240
1758552592,240
2990664881,240
28800660,240
1758552541,240
1401908258,241
250550183,241
28800661,241
28800662,241
250550174,241
1758552682,242
5040168491,242
1759454378,242
1759454351,242
973128722,242
28800663,242
2990716985,242
8869464371,243
28800668,243
250550053,244
8869464390,244
5041945479,244
250550024,244
250550023,244
5041945480,244
873809385,244
8869464398,244
8869464407,244
1343823418,244
28800670,244
3375451561,245
30056255,245
1547392865,246
5580861156,246
707377287,246
30056330,246
4920098350,246
32825440,247
843376569,247
843376643,247
4155841827,247
32825442,248
843376588,248
32921724,249
761830991,249
32921728,250
32921729,250
32921731,250
4697525030,250
4697525032,250
1401849768,250
26374229,250
270110053,251
270110054,251
32921737,251
32921738,251
270109325,251
751837551,251
751837591,251
32921748,252
32921743,252
8785567909,253
7223668012,253
5006063180,253
7223704403,253
7223704404,253
33141178,253
1148276284,253
8785568222,253
3741131608,254
149431715,254
3247824558,255
149451622,255
354886099,256
213668839,256
1685276643,257
250549700,257
250549699,257
8868010217,257
213668842,257
2642612586,257
213668844,257
8868010221,257
2642612585,257
250327576,257
8868010202,257
8868010204,257
255700677,258
250327547,258
2642878644,258
213672005,258
2987752071,259
2987752073,259
2990717001,259
2987752074,259
5269670540,259
2987752075,259
5040168496,259
244128951,259
2990716984,259
249558964,260
1042862718,260
7815533545,261
7815533546,261
249558966,261
249560091,262
7900221087,262
4116809027,263
249679343,263
250326914,264
1401416208,264
8868010160,264
8868010162,264
250327159,264
250327037,265
1310663631,265
3114645200,266
3114645201,266
354886082,266
250549670,266
250550400,267
973101839,267
3550836102,268
1039290567,268
3550836104,268
5242815659,268
251757452,268
251757615,268
251757458,268
1039322102,268
1163955128,269
269549105,269
10196915587,270
10196915588,270
10196915589,270
321255910,270
321255911,270
751837736,270
10196915593,270
2134066506,270
1419544126,270
270109326,270
270109327,270
1419544142,270
1401849779,270
270109370,270
270112539,270
270112540,270
270110142,270
283062189,271
690295047,271
302013666,272
302013668,272
302013672,273
302013674,273
27480956,273
4344245890,274
302013683,274
302013685,274
7899973206,274
316763513,275
316763500,275
317380078,275
316763595,276
316763589,276
316763590,276
323260106,277
1816038214,277
4275394255,278
350377999,278
1707790105,278
6828921210,278
6828921211,278
1547013667,279
4402594986,279
1547013743,279
367121266,279
3708234964,279
1547013655,279
4402629177,279
4402629178,279
4402629180,279
1233350847,280
7644741346,280
7644741345,280
7644741348,280
6110164647,280
377490664,280
1312932849,280
10013517434,280
7644741343,280
1686463489,281
1686463523,281
3739049325,281
1686463503,281
1686463471,281
1686463505,281
1686463476,281
1686463510,281
390073208,281
429346241,282
4534184515,282
4223357836,282
1813618288,283
435104715,283
435104717,283
1723340785,284
1723340842,284
435104742,284
8972511962,285
438170475,285
5711517570,286
5711517571,286
4703559689,286
5479654172,286
5479654175,286
5479654177,286
2331184930,286
2331184932,286
2331184935,286
1723388979,286
446765895,286
446765900,286
5479655630,286
4703542485,286
4703542486,286
6525670236,286
6525670237,286
2135411294,286
2135389151,286
2135411296,286
2135411297,286
6525670242,286
7882485394,287
10308697502,287
469785734,287
470727722,288
4822267094,288
1707790074,288
471488499,289
1493722803,289
1547013711,289
10543014340,290
1722621701,290
10542989479,290
1719663634,290
1719529599,290
473219610,290
1719661631,290
2137096880,291
473257581,291
473258313,292
10543014390,292
6458938007,292
6458938008,292
5905893980,292
473262660,293
473262822,293
9135848928,294
585130362,294
1561411396,295
585201189,295
4462680068,296
7840712839,296
4462680078,296
5642519054,296
5642519055,296
5642519056,296
5642519060,296
595709975,296
5642519066,296
5642519068,296
5642519069,296
5573994014,296
5573994016,296
5573994020,296
5839165751,296
1360122937,296
4512763345,296
4512763347,296
5839155672,296
1360122841,296
5460658138,296
1360122860,296
5573931376,296
1360122866,296
5573931380,296
5573931381,296
5573931384,296
3068267824,297
670103313,297
3068267825,297
673420216,298
1233353467,298
1563638022,298
1233353464,298
697044225,299
707377382,299
4715264001,300
4715264002,300
4715264004,300
4715264006,300
722208263,300
4715264007,300
6014302222,300
6014302224,300
6014302225,300
722208297,300
9216868143,300
9216868145,300
4136137529,300
4136137530,300
4534184512,300
9690915275,300
9690915278,300
25475664,300
4167762778,300
4715263992,300
4715263995,300
4715263998,300
1609966639,301
7946378609,301
4370333651,301
4370333652,301
4370333653,301
748799641,301
4370333657,301
748941560,302
748941556,302
751837654,303
751837622,303
796809545,304
8497605078,304
6446218920,305
811035012,305
6446229925,305
835390894,306
835390887,306
1039322041,307
5174825178,307
5174825180,307
5174825181,307
4922952374,308
4922952365,308
1046306670,308
1141415202,309
1150003340,309
1150003503,309
1150003141,310
5609643622,310
1150003479,310
6816821186,311
5609643682,311
5609643652,311
5609643653,311
5609643686,311
5609643685,311
5609643656,311
5609643687,311
1150003213,311
5609643662,311
5609643673,311
5609643674,311
5609643676,311
1150003270,312
4823246344,312
1684835241,312
1309067472,312
1493658224,312
1685281076,312
1685281046,312
1685281079,312
1150003289,313
5040168489,313
1150003400,314
1731225575,314
4530012705,315
4530012706,315
4530012707,315
1731235492,315
4729385030,315
4530012711,315
4729385031,315
1238259337,315
4530011788,315
4530012690,315
4530012691,315
1731235606,315
4530012695,315
4530012696,315
1150003423,315
1726730080,316
1835355973,316
1835356006,316
1726730120,316
1835355944,316
1163954922,316
1726730123,316
1835356013,316
1835355953,316
1726730167,316
1835355961,316
1726730043,316
1163955119,317
1401870341,317
1163955037,317
5353114285,317
1233353642,318
1233353631,318
1987381555,319
1237876710,319
1237876703,319
1736734053,320
1238249900,320
1238249901,320
1238249904,320
7900221108,320
1255491496,321
1255369133,321
4511972303,321
1255491504,321
4511972304,321
1255491506,321
1255487160,322
1255487172,322
1255487166,322
1722268388,323
2387232554,323
2387232559,323
1722268367,323
5565455858,323
1280491924,323
1280491926,323
1722268381,323
3741117630,323
2402557599,323
4807521484,324
7636278199,324
1309067471,324
3741131600,324
3320754320,324
8898783674,324
3320754322,324
7636278196,324
7636278195,324
3741131606,324
7636278198,324
1723315608,324
3247825561,324
3247825562,324
7636278200,324
7636278193,324
7636244314,324
2545230474,325
1312188614,325
2538458897,326
1312188886,326
2218344503,326
3741078112,327
1312319838,327
1939632514,328
2923703875,328
1939632519,328
1312335310,328
3870640530,328
5238500306,328
5238500308,328
5238500312,328
5238500313,328
1326821568,329
3830441923,329
1731225580,330
3794876751,330
3197339664,330
3197339666,330
3197339667,330
3197339668,330
1327865950,330
4076095841,331
4076095834,331
1360122917,331
1547013589,332
8807410151,332
1547013704,333
1547013604,333
1547013699,334
1550763732,334
1547013705,335
8807410149,335
4619022513,336
4619022514,336
6600283121,336
1547013754,336
3830029915,336
3830043581,336
1547392771,337
1547392927,337
6218468163,338
1550763708,338
9704122317,338
6218468164,338
1556097098,339
1951372909,339
10306429333,339
1556097245,339
1951372927,339
5905897286,340
1556097111,340
1556097177,341
5905896973,341
1556097166,341
1556097306,342
1556097431,342
4169714272,343
7911282826,343
10306429323,343
1556097326,343
10306429327,343
8675201264,343
10306429328,343
4169714270,343
4169714271,343
1556097387,344
6446229933,344
3887941007,344
1556260024,345
3887941009,345
6446256190,345
1587318992,346
1587318999,346
1817617689,347
1596648669,347
1596648671,347
1599652497,348
5503142970,348
1599652492,348
5503142969,348
1609966643,349
1609966653,349
1617532088,350
4697287185,350
4696544876,350
4663312759,350
1617596593,351
3328228993,351
1617532092,351
1617596606,351
25473048,352
4665353643,352
4665353644,352
1617596591,352
6866592992,353
6866516262,353
2453947051,353
1637578547,353
1637578516,353
6866516278,353
1637578522,353
1637578551,354
1637578535,354
1668135493,355
3197339661,355
3170676206,355
3197339662,355
5565475799,355
10539068544,356
6509684096,356
10539589696,356
10539589701,356
1828402758,356
4085767974,356
10539589704,356
2665239978,356
10539589707,356
1678452780,356
10539589706,356
4085767983,356
10539648210,356
2620105428,356
4085767989,356
7610670769,357
7610670771,357
1678452790,357
4948630427,358
4948630428,358
1684781486,358
1684835019,359
1684835152,359
6014333809,359
1684835156,359
1684835062,359
1684835097,359
1685281036,360
1685281022,360
1707790024,361
1707790026,361
4650375494,362
1707790055,362
1707790057,362
4650375504,362
4650375505,362
1707790067,362
4650375508,362
4658088539,362
1955520890,362
3972566715,362
1717643512,363
1717643505,363
1723388976,364
1723388986,364
6458938011,365
6446292572,365
1727515734,365
1731235480,366
1728472241,366
1731235489,366
1736685635,367
1736685679,367
2990651904,368
2990651906,368
2990651907,368
2990651908,368
2990651909,368
2990651910,368
2990651911,368
2990651912,368
2990651914,368
2990651918,368
2990651920,368
2990651921,368
1758552597,368
2920433449,369
1787108626,369
1810130458,370
4077495964,370
1832666001,371
1816038195,371
1832665997,371
1816038215,371
3107212073,372
1816609486,372
4158000323,373
1816959492,373
4142725558,373
1817617691,374
1817617692,374
1832129809,375
4462680082,375
1832129796,375
1832228100,376
1832228080,376
1832228112,376
1832228144,376
1832228083,376
1832228115,376
1832228120,376
1832228159,376
1882379248,377
10090013713,377
10090013714,377
2306288080,377
3247578846,377
3987750688,378
5269678593,378
1951190474,378
1990694620,379
1990694647,379
2502545024,380
9619940387,380
1990912102,380
1990912134,380
4117896490,380
2502545041,380
9683400946,380
9678366518,380
9678523000,380
8031800090,380
8031800092,380
8031800094,380
2118622488,381
2118622487,381
2168949324,382
2168949325,382
8814668137,383
2197518969,383
8814668138,383
8814668133,383
4552504562,384
5342236744,384
4688513242,384
10599654857,384
5641663538,384
5342236723,384
5342236724,384
4688513244,384
5641663539,384
4430996023,384
5342236728,384
2203268985,384
5342229818,384
6218501723,384
6218501724,384
4688513245,384
6218501758,384
6218501759,384
3265436260,385
4175081594,385
2341656968,385
4085747017,385
4697287178,385
4697287177,385
3911044734,385
4696568110,385
4174200048,385
3265436691,385
4696544885,385
4696545399,385
4175081593,385
4166662874,385
4166662878,385
2453947049,386
4211515634,386
5060405441,387
2480657186,387
5060405443,387
5060405444,387
5060405445,387
5060405446,387
2496836291,388
2496836303,388
6867581464,389
6867581465,389
2528483741,389
2528484781,389
3247589712,390
6569580044,390
6569580045,390
2531863975,390
2531863977,391
2531863978,391
6995618977,392
2872704413,392
2872704414,392
2935373301,393
3809870263,393
2941549928,394
3519324894,394
3739049344,395
2990721387,395
5992797788,395
2990721390,396
2990721391,396
3739049346,397
2990732269,397
3081980920,398
3081980922,398
4749090120,399
3093897990,399
6116290280,400
5473274252,400
5473274253,400
5473274254,400
5473274256,400
5473274257,400
5473274259,400
5473274260,400
3139655930,400
3139655933,400
5473273470,400
3158794148,401
3158794151,401
5473273067,401
5473273068,401
5473272882,401
5473272983,401
5473272984,401
3272782432,402
1547013738,402
3272782431,402
3578315456,403
3586606037,403
3586606038,404
3586606039,404
3629223881,405
3629223890,405
4086232866,405
3629223879,405
3704225378,406
4085778924,406
4085778928,406
4866552625,406
4085778934,406
25066684,406
3809744584,407
3808627066,407
3808627061,407
3809744583,407
3987750692,408
5977954180,408
9673189926,408
6110164649,408
7900888467,408
3850146457,408
6446292562,409
3887941012,409
3992885062,410
4697288399,410
4085778929,411
4085783103,411
4089885905,412
6294214898,412
6294214897,412
4369519260,413
4369519219,413
4369519227,413
4369519206,413
7636278201,414
4401149234,414
7636278191,414
5473272900,415
5473272902,415
5473272904,415
4534858543,415
5473272667,415
5473272700,415
4665352264,416
4665352260,416
4665352261,416
4665352262,416
4675822093,417
4675822094,417
4675822097,417
4675822099,417
4675822100,417
5006063176,418
4691514032,418
4691460850,418
4691460851,418
4691514035,418
4696545402,419
4697288390,419
367102039,419
4696545403,420
4697287188,420
25496851,421
4730978983,421
4781199345,422
4781199346,422
4781199348,422
4781199350,422
4781199352,422
4781199354,422
4781199355,422
6374802572,423
5006965588,423
5006965589,423
5009054889,424
5009054892,424
5046314074,425
5046314077,425
5060405461,426
1954751918,426
5095547184,427
5095547180,427
5095547181,427
5095547182,427
5141625681,428
5141625699,428
5141876996,429
5141876999,429
6978459068,430
5177352922,430
5177352932,430
5468301601,431
10607626,431
5468301602,431
6431923714,432
6431923715,432
5471345385,432
308837357,432
9846850972,432
9846850973,432
9846850974,432
5473272896,433
5473272897,433
5473272899,433
5473272894,433
5473272895,433
5473273795,434
5473273796,434
5473273798,434
5473273803,434
5473273805,434
5473273616,434
5473273791,434
5473273788,435
5473273789,435
5473273790,435
5475684676,436
5475684680,436
5475684684,436
5475684621,436
5475675316,436
5609643672,437
5609643675,437
5733997920,438
5733997919,438
5904615691,439
5904615694,439
9216868136,440
9216868137,440
9216868141,440
5924603442,440
5924603450,440
6265654111,440
5927671120,441
5927671121,441
6218501748,442
6218501739,442
6218501740,442
6272993491,443
6239229422,443
7075087299,443
6266867113,444
6266867114,444
9690974277,444
6266867111,444
6369329170,445
6369329155,445
4076095262,445
6525701529,446
4142725557,446
6525701539,447
6525701540,447
6525701530,447
6525701533,447
6525701535,447
6606148797,448
6606148798,448
6855696495,449
6855696496,449
6855696497,449
6855696502,449
6855696503,449
6855696504,449
6855696506,449
6918421504,450
6918421508,450
6918421509,450
6918421511,450
6918421512,450
6918421513,450
7553887392,451
8869435273,451
8869435267,451
8869435272,451
7792756538,452
7792756539,452
7792756540,452
10543014371,453
10543014372,453
10543014373,453
7911267686,453
10543014374,453
10543014377,453
10543014379,453
10543014380,453
10543014386,453
10543014388,453
10543014362,453
10543014363,453
10543014367,453
8357847937,454
8357847938,454
8357847939,454
8357847927,454
8357847928,454
8357847929,454
8357847930,454
8357847931,454
8357847932,454
8357847933,454
8357847934,454
8500636794,455
5924603460,455
8515091587,456
8515091590,456
10579930791,457
10579930792,457
8783914189,457
8783914190,457
8604055549,457
8604055550,457
8620105277,458
8620105279,458
25532494,459
8807410150,459
8814668136,460
8814668131,460
8814668135,460
8869435257,461
8869435266,461
9080098298,462
9080098299,462
9524817681,463
9524817682,463
9804471701,464
9804471702,464
25496854,464
10241310755,465
25509526,465
10306423508,466
10306429309,466
10306429310,466
10306429319,466
10539068564,467
10539068565,467
2665239972,468
10539068590,468
