node_id,cluster_id
1596648673,0
1832129762,0
4076126468,0
7946372941,0
5516594509,0
1401849810,0
25509527,0
25509533,0
104318,0
2398924896,1
6369329155,1
20965798,1
20965799,1
20965800,1
25500427,1
8868824844,1
2398924877,1
7946378606,1
7946378610,1
6369329170,1
2398924886,1
4076095262,1
104319,1
104320,2
1215563904,2
373364228,2
1649365894,2
3229825163,2
6369329166,2
3229825166,2
8868824851,2
8868824852,2
3229825173,2
5475684758,2
8868824855,2
8868824856,2
8868824857,2
5475684763,2
20965794,2
20965797,2
107687,2
18397096,2
20965803,2
1163955130,2
10263444809,2
441958994,2
21693795,2
5475684848,2
1649365878,2
1215563895,2
1771426174,2
104321,3
25161346,3
25161349,3
7553887464,3
25161367,3
24951853,3
4922952366,3
1046306670,3
4922952365,3
1046334318,3
4922952371,3
4922952372,3
4922952373,3
4922952374,3
24658003,3
24658007,3
24658010,3
25066333,3
28800672,4
25161345,4
104322,4
8869435268,4
24950117,4
316763500,4
316763501,4
317380078,4
7553887409,4
8869435288,4
8869435286,4
8869435287,4
25161368,4
316763513,4
5046005789,4
5046005790,4
8438226815,4
25475712,5
4715264001,5
4715264002,5
104323,5
4715264004,5
4715264006,5
4715264007,5
722208263,5
7623861385,5
6014302222,5
6014302224,5
6014302225,5
8064065315,5
8064065316,5
8429812517,5
9216868136,5
722208297,5
9216868137,5
9216868141,5
1532087855,5
295977520,5
9216868143,5
9216868145,5
5924603442,5
4136137529,5
4136137530,5
5924603450,5
4534184512,5
9690915267,5
9690915275,5
9690915278,5
25475663,5
25475664,5
2374491605,5
4167762776,5
2969438426,5
4167762778,5
6265654111,5
4715263991,5
4715263992,5
4715263993,5
4715263995,5
1237883773,5
4715263998,5
107584,6
27459905,6
5580861153,6
1312471267,6
429346243,6
429346242,6
429346244,6
742399752,6
4629462859,6
4430996044,6
429346253,6
6218501742,6
5116226063,6
251892754,6
252601811,6
251892950,6
28418877,6
5580861151,6
107585,7
6218501739,7
6218501740,7
6218501748,7
6218501751,7
8515091591,8
4726152850,8
1787108626,8
4726152852,8
4726152853,8
4726152857,8
4726152858,8
250549282,8
250325411,8
2003007012,8
4453606953,8
2920433449,8
3334162601,8
3375451566,8
4453606958,8
2929116721,8
4224123324,8
250327100,8
8043350334,8
8043350335,8
107586,8
1779589718,8
1312188768,8
21990624,8
21990625,8
250549348,8
2934268024,8
1733389314,9
5473274891,9
1365887500,9
25069071,9
5473274896,9
3136311315,9
3136311316,9
8807429659,9
25071133,9
5473274911,9
25071136,9
25071137,9
25071139,9
1733389349,9
25071142,9
25071145,9
1733389353,9
2218344510,9
5473272894,9
5473272896,9
5473272897,9
5473272895,9
107587,9
107588,9
5473272899,9
5473274957,9
3141817429,9
5473274969,9
2218340965,9
5473273451,9
5473274990,9
5473273966,9
5473273968,9
3136301320,9
5473273967,9
5473273457,9
4861365369,9
4861365370,9
5473275004,9
4861365372,9
5473274494,9
5473274493,9
5473274501,9
5473274502,9
5473274503,9
3136301324,9
4861365383,9
5473274506,9
1497452171,9
5473274507,9
5473274508,9
5473272978,9
5473273490,9
2961557,9
5473274519,9
1497452184,9
3136301328,9
2793874587,9
5473273499,9
5473274525,9
5473273500,9
5473274528,9
5473274529,9
3136301730,9
5473274531,9
5473274532,9
5473274533,9
5473274534,9
3136301731,9
5473274540,9
3715515059,9
4688513218,9
4688513221,9
2387226309,9
4688513226,9
4688513227,9
4688513230,9
4688513231,9
25069265,9
4688513237,9
4688513240,9
5473273571,9
2642857191,9
5334381837,9
5473273069,9
5473273070,9
5473273071,9
5473273072,9
7223365368,9
1939558651,9
7223365372,9
24659709,9
2622212862,9
2622212860,9
1939558655,9
2622212865,9
5473273604,9
5473273605,9
1939558661,9
2538458887,9
2538458888,9
2538458889,9
5473273610,9
5473273607,9
5473273612,9
2538458893,9
3136301321,9
5473273611,9
1939558667,9
5473273613,9
2538458898,9
2538458899,9
5473273615,9
1939558672,9
3136301325,9
2538458903,9
2538458904,9
1939558681,9
2528522522,9
5473273621,9
1939558684,9
5473273623,9
2538458905,9
1939558687,9
2622212895,9
2622212897,9
3139677982,9
3139705124,9
2622212903,9
1939558697,9
1939558700,9
24950061,9
4534858546,9
2622212914,9
4534858548,9
2622212925,9
2622212927,9
2622222657,9
2622222658,9
2622222659,9
2622212930,9
2622212933,9
2622212937,9
2622212939,9
25070924,9
2622222668,9
2622212941,9
2622212942,9
24950101,9
5473274710,9
25069911,9
24950104,9
24950102,9
24950105,9
24950107,9
357999964,9
5473274717,9
24950110,9
24950111,9
24950112,9
5473274724,9
5473274725,9
4866976614,9
109416,9
3381130090,9
3381130092,9
25248112,9
25248113,9
25248114,9
25248115,9
3141814027,9
25248119,9
25248120,9
25248122,9
25248126,9
25248127,9
25248128,9
25248129,9
25248130,9
5473274242,9
1678245252,9
8807431559,9
8807431560,9
5473273606,9
2538458886,9
1312264600,9
2622212878,9
1733389217,9
5473273622,9
24951721,9
3375451563,9
24661419,9
3375451565,9
1939558663,9
1939558666,9
2538458894,9
1733389249,9
2622212885,9
25070019,9
2538458895,9
2622212887,9
2622212889,9
25066457,9
1733389278,9
2218362849,9
5473274866,9
5473274867,9
5816744255,10
28418921,10
4136137525,10
107606,10
4136137527,10
25475770,10
1689605567,10
585124778,11
1951242858,11
107614,11
1864047135,11
5223919938,12
3272782406,12
1312454055,12
8807410152,12
1312454087,12
107626,12
8807410154,12
25532332,12
25532464,12
3272712566,12
5473273363,13
5473273364,13
24662037,13
5473273368,13
5473273372,13
5473273373,13
5473273376,13
5473273379,13
3076574254,13
3076574255,13
5473273399,13
6018098767,13
5473273425,13
5473273429,13
1678227031,13
5238587992,13
5473273433,13
5238587994,13
5473273435,13
5473273441,13
107627,13
107634,13
5049840244,13
2961549,13
25161361,13
25161362,13
25161363,13
4867087524,13
4867087532,13
4867087535,13
6463230640,13
1418752689,13
1401459399,13
1401459400,13
1401459403,13
24660697,13
3153656028,13
3153656030,13
2378843907,13
1951616261,13
1951616268,13
1951616276,13
6463234329,13
24950064,13
5473273139,13
5473273140,13
5473273141,13
5473273142,13
1951616319,13
2577040703,13
5473273154,13
5473272665,13
5473272666,13
5141354330,13
5141354331,13
5473272668,13
24950113,13
24950114,13
24950115,13
8807431534,13
5227220846,13
8807431536,13
8807431541,13
1782714747,13
1678226827,13
5473273227,13
5065949596,13
1678226846,13
5065949598,13
25544110,13
259252667,13
5340811707,13
5340811717,13
5340811719,13
5340811720,13
1312454094,13
5473273295,13
25532377,13
5473273305,13
25532384,13
8807410158,13
5473273326,13
5473273332,13
107632,14
6458938017,14
25067400,15
25161360,15
5141625621,15
5141625623,15
7906964248,15
7906964249,15
5141625625,15
5141625629,15
5141625630,15
5141625635,15
5141625637,15
5096270631,15
5141625653,15
5141625654,15
5141625655,15
3637449663,15
1951616322,15
5141625681,15
25067473,15
3100169049,15
5141625696,15
5141625698,15
5141625699,15
107637,15
5141876996,16
5141876999,16
5198585559,16
5198585557,16
5198585558,16
107638,16
5198585560,16
5198585561,16
5198585562,16
25067324,16
9024139143,17
9024139144,17
1835355931,17
7926506525,17
4922952353,17
7926506531,17
4922952363,17
1726730029,17
1726730033,17
1726730049,17
1707790029,17
18468951,17
7223709662,17
18468962,17
1726730082,17
7223709668,17
7223709669,17
2466442731,17
2466442741,17
2466442743,17
107641,17
107646,17
25504770,18
1311962122,18
470729237,18
8807429661,18
8807429662,18
8807429663,18
1678155318,18
1678452792,18
1678452795,18
1678452796,18
1678452797,18
10311362114,18
10311362115,18
1828402763,18
470729292,18
3474115151,18
18468958,18
18468961,18
6369390690,18
5976850019,18
10311362148,18
6369390692,18
10311362150,18
5976850023,18
6369390696,18
10311362153,18
10311362154,18
5976850024,18
6369390700,18
7610670710,18
107643,18
107644,18
21565570,18
25161350,18
25161351,18
25161352,18
25161353,18
25161365,18
7610670751,18
7610670752,18
18395811,18
1268892338,18
3656358067,18
3664398006,18
3664398007,18
3664398009,18
10311362236,18
25066694,18
8785457865,18
8785457866,18
8785457867,18
10311178960,18
10311178961,18
10311178964,18
1938819284,18
10311178967,18
10311178970,18
1268892379,18
1707790044,18
367105757,18
1938819294,18
10311362270,18
10311362271,18
10311362272,18
10311178978,18
1938819301,18
10311178985,18
1707790062,18
10311178991,18
1938819317,18
1938819320,18
4866623226,18
4866623228,18
1938819325,18
4866623230,18
1938819326,18
1938819328,18
1938819330,18
1938819335,18
1835355913,18
2387194123,18
8807441166,18
2387194127,18
2387194128,18
1835355922,18
2387194131,18
2387194133,18
8807441176,18
8807441177,18
8807441178,18
8807441179,18
1835355929,18
25066784,18
1835355936,18
1401926435,18
1268900644,18
1835355940,18
2387194149,18
2387194150,18
1835355946,18
2387194156,18
1835355955,18
4866651961,18
1835355964,18
1835355965,18
4866651969,18
1835355972,18
1268900678,18
5046447437,18
1793420652,18
1655418222,18
1793420660,18
1268892533,18
1268892541,18
25505662,18
25504145,18
25504146,18
25504148,18
25504149,18
25504150,18
3664405913,18
1311962016,18
6055863205,18
4729448869,18
6055863211,18
10310609841,18
10310609842,18
1777727945,18
1777727947,18
1777727949,18
1777727950,18
10310609872,18
1777727958,18
1777727960,18
1777727961,18
1777727962,18
10310609885,18
1725360097,18
7223709667,18
25504755,18
4830306810,18
25504763,18
4830306813,18
5207476608,19
5207476609,19
25504128,19
473264514,19
5207476611,19
5207476613,19
4627445254,19
4627445252,19
4627445253,19
4627445257,19
5207476616,19
4627445260,19
4627445261,19
419350669,19
10309458701,19
4089236236,19
1536948492,19
107667,19
10309472541,19
10309472542,19
10309472543,19
10309472544,19
5009054881,19
4085767970,19
10309472547,19
10309472548,19
473264937,19
10309472553,19
7610670890,19
473265708,19
7610670892,19
4085767979,19
4627491632,19
1678452788,19
1678452789,19
10539712057,19
10539712058,19
10539589691,19
10310609852,19
4627491645,19
10539589692,19
10310609849,19
473265346,19
4627491650,19
419350723,19
7179983946,19
7179983947,19
10539856459,19
10541894095,19
25470928,19
3696548432,19
10541894097,19
4166634960,19
3696548437,19
3696548438,19
10310609879,19
1828402774,19
10310609881,19
3696548440,19
10310609887,19
4627445215,19
473265762,19
1268903266,19
10310609894,19
1938819302,19
4175059691,19
25504753,19
4627445239,19
4627445240,19
4627445241,19
7827997819,19
10309153027,20
10309140683,20
107668,20
490946748,20
490946813,20
107681,21
1401870340,21
1726730375,21
269549104,21
269549105,21
1163955128,21
5342251136,22
25503876,22
25503880,22
5114681227,22
4379801357,22
25503885,22
5342251151,22
25504144,22
5114681230,22
10572178,22
25504143,22
7607080091,22
7607080092,22
1726730272,22
107684,22
1726730281,22
1726730162,22
1163954995,22
1726730292,22
1726730165,22
1726730295,22
1678452793,22
1726730303,22
747893184,22
25471681,22
7610670913,22
1726730307,22
7610670912,22
7610670919,22
7610670920,22
8785457870,22
8785457871,22
1726730326,22
4379801694,22
25577057,22
25503841,22
4379801706,22
4329502449,22
25500535,22
8785484288,23
956233216,23
25504129,23
490947077,23
25504134,23
10572179,23
10572180,23
2005131543,23
107685,23
107686,23
4643337000,23
490947124,23
4643337012,23
4643337143,23
4643337146,23
7613626042,23
7613626044,23
7613626045,23
7613626046,23
7613626047,23
25470782,23
7613626050,23
7613626059,23
7613626060,23
7613626066,23
7613626070,23
1726730329,23
25503845,23
25503848,23
25503851,23
25503856,23
1726730354,23
4530339698,23
4530339699,23
25471732,23
25503865,23
25503867,23
25503869,23
956233215,23
107692,24
2294047375,24
25475330,25
25475331,25
25475332,25
8785484298,25
762080145,25
8785484306,25
1617596693,25
4689775126,25
8785484312,25
7271474841,25
8785484313,25
6769325725,25
7271474850,25
7271474852,25
1617596711,25
1617596714,25
107693,25
25496622,25
25496623,25
269550898,25
4530270906,25
762080190,25
269550783,25
269550786,25
8373690819,25
5006063174,25
21563463,25
1617647944,25
1617647945,25
762080077,25
1617596621,25
1617596626,25
1617596627,25
269550681,25
269589467,25
26374236,25
26374237,25
7223695325,25
7223695326,25
323262310,25
1020211942,25
1617596646,25
762080105,25
5736692333,25
5736692334,25
25475182,25
21563504,25
21563503,25
21563507,25
21563508,25
269550330,25
1617596669,25
1832227968,26
1832227972,26
338472586,26
338472589,26
1832129807,26
6279388821,26
6279388822,26
6279388824,26
2458257563,26
1832129947,26
1832129821,26
1832227996,26
1832129951,26
1832227873,26
343669793,26
8975700260,26
343669796,26
343669798,26
1832129835,26
1364161197,26
5265953455,26
1832228016,26
5265953457,26
5265953459,26
1832228035,26
1832228039,26
1364172237,26
1832129869,26
1832240590,26
1832129873,26
1832129878,26
1832240598,26
1832129881,26
1832129884,26
1832129888,26
6724775012,26
108389,26
6724775018,26
1832248428,26
1832248430,26
1364168178,26
1364168180,26
2458303223,26
1832129917,26
25495807,26
25496624,27
25495698,27
108391,27
25497619,28
5095890460,28
5503142966,28
5503142969,28
5503142970,28
9820537917,28
9820537921,28
1736685635,28
9820537932,28
9820537933,28
1326821457,28
4297243218,28
25475674,28
9576827482,28
1816777820,28
775984737,28
775984738,28
9820537955,28
9820537954,28
9820537957,28
4729480806,28
4729480807,28
25475692,28
25475693,28
25475694,28
1736685679,28
1816705135,28
4571244660,28
4571244663,28
9820537981,28
9820537982,28
1816705152,28
9820537992,28
9820537993,28
1599652492,28
1816705168,28
1816777873,28
9820538002,28
1816777874,28
9820538004,28
1599652497,28
9820538006,28
1816705175,28
1816705177,28
4297243292,28
4298971293,28
1816705180,28
4297243295,28
1816705183,28
4297243298,28
9820538020,28
9820538021,28
9820538022,28
4297243301,28
4158004390,28
1816705193,28
4297243306,28
4571238068,28
4571238069,28
1938953406,28
5353127105,28
3257317059,28
1938953413,28
748797126,28
1816705227,28
6828863694,28
6828863697,28
1816705235,28
1938953431,28
748797145,28
1816705242,28
1816609498,28
1938953437,28
1816705246,28
1816705250,28
748797155,28
21990638,28
4158122222,28
9805100783,28
4158122223,28
4298970364,28
25497340,28
4298970368,28
4298970372,28
4298970376,28
4298970380,28
4298970384,28
4298970388,28
1664571164,28
355416887,28
355416892,28
355416911,28
4297242961,28
1601797458,28
355416920,28
355416921,28
1664571227,28
109403,28
1664571229,28
1664571236,28
4297054053,28
4297242983,28
108393,28
108406,28
1145174402,28
1145174413,28
1145174417,28
1261120402,28
1145174418,28
9693963681,28
1145174435,28
1145174437,28
9693963688,28
710657963,28
1261120430,28
7947041713,28
4142725554,28
1813618616,28
3830441937,28
25499093,28
435104726,28
435104727,28
435104728,28
435104729,28
1145174501,28
1145174508,28
1913216493,28
422573549,28
25497595,28
390073160,29
5306194265,29
25632684,29
5973397966,29
3586606039,29
3586606038,29
25634199,29
108409,29
3809744384,30
3809744385,30
3809744386,30
3809744387,30
3809744389,30
3809744390,30
338319877,30
3809744392,30
1731235511,30
3809744395,30
3809744396,30
3809744398,30
3809744400,30
3809744401,30
3809744403,30
3809744404,30
906172949,30
3809744406,30
4317178392,30
3809744409,30
3809744412,30
3735886877,30
3809744414,30
3809744415,30
3809744416,30
3809744417,30
3809744418,30
3471375905,30
3809744419,30
3809744421,30
1150003237,30
3809744423,30
3471375913,30
3809744426,30
3809744430,30
3809744431,30
3809744432,30
3809744433,30
3809744434,30
3809744436,30
3809744439,30
3809744443,30
3809744444,30
3629223996,30
3809744446,30
5565466174,30
5565466175,30
5565466177,30
1390303296,30
3809744451,30
3805378116,30
3809744453,30
3805378117,30
5565466183,30
3805378119,30
3805378121,30
3805378122,30
3805378123,30
3805378124,30
3805378120,30
1493676622,30
57786953,30
1327865952,30
4383581281,30
1327865953,30
1327865956,30
1327865957,30
25477224,30
7151566952,30
250327660,30
3808625773,30
25477228,30
3808625778,30
3808625780,30
3808625782,30
3808625785,30
3808625786,30
3808625791,30
3808625796,30
4749094023,30
1271712905,30
4749094026,30
3808625804,30
1271712911,30
3808625809,30
1271712914,30
2129578132,30
2129578133,30
1271804564,30
1271712920,30
1150003354,30
1271712922,30
2129578142,30
1271712931,30
1271712934,30
3808625831,30
3808626859,30
3808626860,30
9030284973,30
3809744558,30
9030284975,30
3808626862,30
9030284977,30
3808626865,30
3808625843,30
3808626868,30
3809744565,30
3808626869,30
9030284983,30
3808626872,30
1150003385,30
1255487162,30
3809744571,30
3809744572,30
806373565,30
1271712957,30
3808625855,30
3808625853,30
3808626878,30
3808626882,30
1039290561,30
3808626884,30
1255487171,30
3808626886,30
1255487174,30
1255487176,30
3809744583,30
3809744584,30
1255487177,30
3808626887,30
3808626893,30
1731235534,30
3808626895,30
3808626896,30
1255487187,30
21990614,30
3808626902,30
3808626904,30
3808626905,30
25477335,30
25477339,30
1731235545,30
728370399,30
8210567392,30
3808626913,30
3808626914,30
8210567395,30
8210567396,30
3808626912,30
1039290594,30
1731235557,30
1731235558,30
8210567401,30
8210567402,30
3808626923,30
3808626922,30
6574794989,30
3805378111,30
3808626929,30
3805378112,30
3808626934,30
3808626935,30
3629217345,30
1255320311,30
3805378113,30
3808626940,30
3808626941,30
4317211389,30
3805378114,30
3629217346,30
3808626945,30
3629217347,30
3808626947,30
3629217348,30
251757321,30
1255490314,30
3733299982,30
1255320339,30
3733299988,30
5925626143,30
4086232866,30
1255320354,30
4086232870,30
4086232871,30
1255320363,30
4316822830,30
1255320367,30
8042031957,30
8042031958,30
1271774552,30
3805122394,30
3805122396,30
2935373159,30
2935373161,30
4382350190,30
3808627061,30
4382273402,30
3808627066,30
4382273404,30
3808625835,30
3515286913,30
3988141441,30
3988141442,30
108420,30
4075008388,30
3808625837,30
249558409,30
25477301,30
1255369105,30
1255369111,30
1255369125,30
4317187494,30
1255369128,30
3808625844,30
3673602988,30
1255369135,30
3093894066,30
3809870259,30
1255369140,30
3809870261,30
3809870262,30
3809870260,30
3809870264,30
3809870265,30
3809870266,30
3809870267,30
1255369148,30
3809870269,30
3809870270,30
2560785849,30
3809870272,30
3809870273,30
4511948225,30
1255369152,30
1255369156,30
3809870277,30
3629223879,30
1255369159,30
3809870281,30
3629223881,30
3809870283,30
3629223884,30
3629223885,30
4511972302,30
3809870287,30
3809870288,30
4511972301,30
3629223890,30
3152307669,30
3808626871,30
3808625854,30
1271712946,30
2254629351,30
4316823023,30
3637436403,30
3637436404,30
3809744380,30
3809744381,30
3809744383,30
2278320131,31
108838,31
108845,32
5124166975,32
1777728708,33
108871,33
20626317,33
20626318,33
4866475733,33
3796774902,33
4866475736,33
5124166971,33
5124166973,33
18395806,33
4211515569,34
245200970,34
108903,34
109408,35
894485202,35
470727954,35
1236791504,35
109411,36
20626311,36
3796814729,36
2012970414,36
4866475738,36
20626312,37
20626315,37
20626316,37
7572522510,37
7572522511,37
7572522512,37
7572522513,37
7572522523,37
6509584413,37
109734,37
7572522540,37
1536948536,37
7572522556,37
2504847039,37
4866475729,37
4866475730,37
4866475734,37
1852996954,37
1536948578,37
109412,37
2504822135,37
1536948474,37
1536948477,37
109414,38
9030029183,38
109728,39
25476134,39
5564754892,39
5931509715,39
5931509718,39
30056310,39
5564410334,39
1722621701,40
25067929,40
25067914,40
5141216782,40
1722621711,40
5141216785,40
1719663634,40
5141216787,40
25067670,40
5141216790,40
5104314264,40
5141216792,40
5104314266,40
473219610,40
5104314268,40
5104314269,40
5104314270,40
1951372959,40
5104314272,40
1569312412,40
25067936,40
5104314275,40
5104314276,40
25161375,40
5141228834,40
7824803495,40
10542989479,40
109737,40
7824803497,40
10542989484,40
6032044857,40
1719661631,40
4085783103,40
4085783105,40
4085783106,40
4085783107,40
10543014340,40
25067461,40
10543014339,40
25067463,40
10543014343,40
6032044874,40
10543014346,40
4166634957,40
25067727,40
25067728,40
25067479,40
6446292570,40
6446292571,40
25067871,40
7911267685,40
5141216742,40
1722621718,40
7911267688,40
5141216745,40
5141216746,40
25067883,40
5104314096,40
4085778929,40
4085778931,40
7911231384,40
5104314358,40
1719529597,40
1719529599,40
302013676,41
109766,41
302013678,41
373402354,42
109780,42
18468953,43
9514602150,43
9514602151,43
9514602152,43
9514602153,43
5047029672,43
4922952364,43
4922952370,43
109785,43
6166157035,44
24952268,44
3887941010,44
6446269173,44
109788,44
1723340785,45
1723340842,45
110141,45
435104742,45
1685281025,46
1685281029,46
4823246342,46
1685281031,46
1685281032,46
1685281035,46
5609643663,46
5609643664,46
1685281041,46
5609643665,46
25498004,46
1685281045,46
5609643670,46
1685281175,46
1141415192,46
25498010,46
1685281053,46
1686463389,46
1685281056,46
1686463392,46
1685281058,46
1685281061,46
1686463397,46
1685281063,46
1685281064,46
1141415215,46
1686463794,46
1685281075,46
1141415220,46
1685281077,46
1685281087,46
110143,46
1686463428,46
1684835016,46
1150003530,46
1685281104,46
1685281123,46
5609643623,46
1685281003,46
1685281260,46
1685281006,46
1685281010,46
1685281011,46
1685281013,46
1685281017,46
1685281020,46
1685281021,46
1233327202,47
1787108647,47
1787108648,47
1787108649,47
1787108650,47
110238,47
2293833763,48
1707790076,48
5374174119,48
9949142599,48
5880186827,48
5880186829,48
5880186830,48
5880186833,48
21392273,48
237908,48
3972566713,48
3972566716,48
473267328,49
10309153025,49
1649365762,49
4158223748,49
1649365764,49
10539068550,49
3763565959,49
8620105223,49
3763565961,49
473268999,49
1678452753,49
1649365780,49
1668112790,49
1813794712,49
1813794713,49
1668112792,49
6137798425,49
1239549084,49
1649365789,49
268124704,49
3267461666,49
1649365797,49
1905779367,49
1649365800,49
1905779369,49
5177397419,49
8620105262,49
5009054894,49
1777740337,49
1649365810,49
419632307,49
5009054898,49
10539068598,49
3972566710,49
1649365816,49
368044217,49
1649365820,49
5177397822,49
5177397823,49
2140432704,49
5177397825,49
5177397826,49
10309153022,49
5177397828,49
1214922433,49
8755805305,49
1707790023,49
4197401800,49
4197401802,49
1777742666,49
10309140686,49
4150883407,49
4150883409,49
4197401811,49
4197401813,49
237911,49
864817628,49
473266524,49
2360681703,49
4034060007,49
8755808618,49
2360681709,49
473269102,49
1955520879,49
4034060015,49
4034060017,49
4034060018,49
4696544883,49
2265065203,49
2360681711,49
2360681716,49
2265065207,49
2360681713,49
8755808627,49
4696545406,49
10309153023,49
6866779798,50
6866779799,50
6866779802,50
4530012699,50
6866779804,50
4530012700,50
4530012702,50
6866779806,50
4530012703,50
6866779809,50
6866779810,50
6866779817,50
6866779818,50
2632761651,50
282708,50
4316306161,50
4316306163,50
4316306164,50
1761598585,50
25438595,51
25438732,51
25438638,51
282719,51
24661273,52
8807431546,52
2961540,52
24950109,52
1547013655,53
27458331,53
3215687074,53
1547013667,53
4402594986,53
1566269741,53
5342236721,53
4402629177,53
4402629178,53
4402629180,53
1566270021,53
1312454086,53
5335245254,53
5335245256,53
5335245257,53
1566270409,53
692162510,53
27481039,53
27481040,53
27481041,53
692162514,53
27481044,53
3708234964,53
30056280,53
4807512540,53
4807512541,53
692162527,53
2961891,53
5768339816,53
5768339817,53
30057965,53
1547013743,53
367121266,53
692162559,53
10572785,54
8972511963,54
25496748,54
21583342,54
8785568224,55
8785567914,55
8972441580,55
10572786,55
1985084095,55
1813618432,56
8989843465,56
20460681,56
25497611,56
20460686,56
20460690,56
10607127,56
10607128,56
20460697,56
20460696,56
2118622487,56
2118622488,56
6871422361,56
6871422360,56
1813618463,56
1813618461,56
1813618465,56
7553479208,56
5041784489,56
7553479212,56
1596655149,56
1596655148,56
1596655155,56
1813618484,56
5041784501,56
1813618358,56
25473207,56
1596655157,56
5041784633,56
5041784634,56
1813618228,56
1813618229,56
1813618365,56
1813618493,56
1596655161,56
1326821569,56
8868824899,56
8868824900,56
8868824901,56
2755124807,56
256766536,56
256766537,56
1813618376,56
8868824911,56
8868824912,56
256766545,56
2755124815,56
1366095187,56
8868824913,56
1366095189,56
8868824914,56
1813618393,56
10004388708,56
10004388710,56
25497978,56
632447859,56
25497979,56
1813618424,56
1813618426,56
372050299,56
1813618429,56
1813618431,56
435104736,57
435104738,57
435104732,57
10607132,57
435104735,57
5470932256,58
5468301555,58
5470932252,58
10607629,58
1721713699,59
672061444,59
2902624645,59
2406484455,59
1312188714,59
1721713677,59
672061646,59
1717643505,59
1717643512,59
10677374,59
8869464354,60
5046005731,60
5046005730,60
8869464357,60
5046005743,60
5043864464,60
8869435281,60
5046005745,60
1684511955,60
1718328435,60
1718328442,60
316763548,60
10677375,60
10677376,61
2642857203,61
5473274959,61
10677377,62
1401416203,62
25248118,62
1832129958,63
1832129960,63
1832248457,63
5374174120,63
1832248458,63
1832129962,63
25151180,63
7203717550,63
5374174224,63
5573931377,63
14672924,63
529722111,63
21307200,64
18393873,64
18395288,65
1717643537,65
25161370,65
1717643530,65
5006781409,66
8869472263,66
18398282,66
632438506,66
20460684,66
10577984012,66
8869472239,66
8869472242,66
20458277,67
250549587,67
4618510643,67
1312188692,67
4618510644,67
25497985,68
6978555522,68
5067002882,68
1150003329,68
748941573,68
2990780039,68
20460680,68
748941577,68
1684710025,68
2990806410,68
2990806411,68
3739049356,68
2990806415,68
5733998227,68
968499092,68
5733998228,68
3739049366,68
3739049365,68
819132568,68
1684710044,68
1684781470,68
316763559,68
8975833905,68
6978563378,68
1758554291,68
8975833911,68
256766532,68
256766533,68
748941508,68
6816821193,68
1150003147,68
1150003532,68
1759454163,68
1759454429,68
6978557152,68
1759454305,68
5041784423,68
1684781421,68
5067002862,68
3739049327,68
1150003571,68
5067002867,68
1684781436,68
25497981,68
6978555518,68
5609643647,68
435104715,69
435104717,69
5238528591,69
25497872,69
20460687,69
1813618288,69
5242049139,69
5238523291,69
6506796188,69
5060405441,70
2480657186,70
5060405443,70
5060405444,70
5060405445,70
5060405446,70
20460691,70
20625793,71
2528484782,71
5905807279,71
5905807278,71
10544409928,71
10544409929,71
10544409930,71
25474005,71
10544409948,71
10544409950,71
25474015,71
10544409954,71
25474019,71
10544409957,71
10544409958,71
10544409959,71
10544409960,71
10544409961,71
10544409963,71
10544409964,71
10544409966,71
10544409967,71
5976760444,71
5976760446,71
3616299208,72
20626282,72
8675201272,72
4777897926,72
25067398,73
4085778920,73
7824747306,73
20626301,73
1536948431,73
6446301329,73
4085778930,73
5146186589,73
5146186590,73
5146186591,73
20626304,74
2941549929,74
2941549928,74
3519324894,74
5124166978,75
20626307,75
7572833352,76
7572833353,76
20626314,76
20965801,77
2398924898,77
5177397824,78
8755805313,78
3328228994,78
4367041960,78
25524297,78
4367041962,78
21392267,78
21392276,79
2343269909,79
4156336278,79
6606135977,80
6606135979,80
6606135983,80
21392279,80
6218501761,81
21523714,81
3145798533,81
4726152844,81
3215685153,81
5641663538,81
5342236723,81
5342236724,81
5641663539,81
4430996023,81
5342236728,81
5342229818,81
5342236733,81
5342236734,81
5342236743,81
5342236744,81
10599654857,81
6465896907,81
6465896909,81
471488469,81
4688513242,81
6218501723,81
6218501724,81
6218501725,81
4688513244,81
4688513245,81
6218501730,81
6218501736,81
6218501737,81
1678283242,81
1678283247,81
4552504560,81
6218501745,81
6218501746,81
4552504562,81
2203268985,81
6218501758,81
6218501759,81
251892353,82
21523718,82
252729234,82
4726152859,82
4726152860,82
1014649631,82
2934288512,83
10596794785,83
27459970,83
5165786242,83
5009060057,83
5165786245,83
21523719,83
4138224462,83
4138224463,83
5335233113,83
2934288510,83
21563489,84
470727722,84
1707790096,84
4822267094,84
21563479,84
21563481,84
1707790074,84
4462680070,85
21563788,85
6978443788,85
4462680076,85
4208239642,85
21686572,85
21686574,85
3972566705,85
3972566714,85
4462683090,85
5839163740,85
5788363874,85
5788363878,85
5907366887,85
5788363880,85
9203541611,85
9203541612,85
9236477422,85
6828921212,85
8785567909,86
5006063176,86
7223668012,86
5006063180,86
33141178,86
4691514032,86
4691460850,86
7223704403,86
7223704404,86
4691460851,86
21578454,86
4691514035,86
25498458,86
1148276284,86
8785568222,86
8785568223,86
6863550501,87
21583366,87
4017328647,87
1419565097,87
25378129,87
2586616722,87
4378043649,88
21685483,88
4378043661,88
4378043662,88
1837610895,88
1837610896,88
4378043667,88
1163955034,88
269547420,88
4076095841,89
4378043682,89
4370333637,89
1360122917,89
21685484,89
21685485,89
4076095791,89
4076095797,89
25500246,89
4076095834,89
1832129794,90
1832129785,90
25496847,90
1832129776,90
1832129778,90
4077495826,90
21685497,90
1684437690,90
1684437692,90
1832129789,90
21693787,91
25500239,91
4556931604,92
21990622,92
475396929,93
21990627,93
475396924,93
5565443389,94
21990629,94
5565443390,95
250327618,95
21990630,95
1718566880,96
1718566886,96
21990631,96
21990632,96
8869464392,96
5042033643,96
8869464378,96
6116290274,97
24659947,97
6948380395,97
6948380400,97
6948380401,97
24949780,97
9693920800,98
9693920796,98
9693920797,98
24660863,98
5094718794,99
5094718798,99
24949783,99
5046314043,100
25632860,100
24951854,100
10544113920,101
10544113922,101
24952195,101
10544113923,101
3887940999,101
2528522518,101
6867581464,101
6867581465,101
2528522524,101
694824861,101
2528483741,101
2528522528,101
2528522530,101
6985465124,101
6985465127,101
6985465130,101
6985465133,101
2528522542,101
2528484781,101
2528522547,101
2528522549,101
6886012733,101
1556324684,101
3385387604,101
3385387606,101
3385387607,101
3385356250,101
4117882857,101
25532273,101
1689387896,101
1689387903,101
5087519104,102
25066338,102
25161347,102
5087519106,102
25066412,102
5090420611,103
25161348,103
5090420613,103
5090420614,103
5090420940,103
5090420941,103
25066419,103
8807429660,103
1718390753,104
1717650794,104
25066451,104
25066453,104
25161369,104
25066666,105
25066687,105
25067264,106
25067265,106
25067298,106
25067266,107
1852996996,107
4085778922,107
4866552622,107
4866552623,107
6509584414,107
2566132610,108
2566132611,108
25067397,108
5146186503,108
5146186504,108
5146186505,108
950703626,108
5146186507,108
25161356,108
25505685,108
25161373,108
7824747295,108
7824747302,108
25067305,108
6967585840,108
6967585841,108
6967585842,108
6967585843,108
1827389620,108
6967585845,108
1782727992,108
6446304190,108
5201625535,108
5201625537,108
5201625539,108
5201625541,108
700774224,108
25505634,108
5146186468,108
5146186470,108
4085778919,108
4085778927,108
4085778933,108
5146186489,108
2642857197,109
25068755,109
25248117,109
2642857199,109
25161371,110
28800667,110
3375451555,111
30078473,111
30056277,111
25248123,111
25248124,111
25248125,111
1211381855,111
10306429312,112
10306429318,112
2278320167,112
10306423498,112
4166634955,112
10306423499,112
1556260011,112
4166634961,112
4166634962,112
5340811825,112
6446292564,112
25265077,112
3887941013,112
25265080,112
2278320154,112
4085783099,112
2059790748,112
25471090,113
2036181339,113
1309180610,114
1309180612,114
1723389067,114
7792756412,114
7792756414,114
25471135,114
1309180608,115
25471274,115
7447565849,115
25632854,115
7447637305,115
7447637306,115
3691462888,116
25471289,116
2755124947,116
2755124949,116
748885408,117
4240028578,117
4240028580,117
25503860,117
25503862,117
25471740,117
2036185421,118
25472215,118
2294047355,119
25472324,119
7271474843,119
321255907,119
4675821921,120
4675821924,120
4675821925,120
4675821931,120
4675821932,120
762080111,120
4675821944,120
25472379,120
4675822093,121
4675822094,121
4675822095,121
4675821968,121
4675822097,121
761831057,121
4675822099,121
4675822100,121
270110481,121
1617647900,121
1617647901,121
25472428,121
1617647931,121
1617647934,121
4665352260,121
4665352261,121
4665352262,121
761830981,121
4665352264,121
761830987,121
9566848716,121
761830989,121
26374230,121
26374231,121
761831000,121
761831004,121
761831007,121
761831019,121
761831023,121
6483733489,121
6483733493,121
25472890,121
761831037,121
25472545,122
4665353643,122
4665353644,122
1617596591,122
25473048,122
25472800,123
2940401398,123
1954751920,123
4948630427,124
4948630428,124
25472885,124
1684781486,124
4665353660,125
25473004,125
4665353662,125
1311962080,126
25473200,126
25473199,126
1813618304,127
1759454211,127
5060388105,127
5060388107,127
1759454222,127
5060388110,127
1150003472,127
5060388115,127
1759454104,127
1311962012,127
1401893666,127
3739049382,127
3739049383,127
1401893675,127
25473202,127
25473204,127
25473205,127
875789647,127
1150003197,127
5904615699,128
3999987604,128
5904615708,128
2528483742,128
5574049698,128
5574049700,128
5574049702,128
5574049703,128
4085387943,128
4085387945,128
5574049707,128
5574049709,128
5574049717,128
5574049718,128
5574049719,128
4085600696,128
4229228089,128
4085600698,128
9683633717,128
9683633718,128
6779394887,128
585148380,128
9683400934,128
9683400938,128
713363180,128
4136124526,128
4166219502,128
8031801454,128
5574051321,128
25473279,128
25473281,129
8497605091,129
4777885221,129
4773889323,129
1547013574,130
9694091976,130
9694091978,130
25475053,130
9694091983,130
9694091984,130
1547013588,130
1547013592,130
25475072,131
8064065323,131
8064065324,131
25496910,131
1547657104,131
585180151,131
6332695639,131
277337783,131
4529839800,131
7236131862,131
6332695642,131
25475328,132
9700060290,132
9700060291,132
9700060292,132
1155552322,132
1155552319,132
1990912136,132
1951242857,132
3385332654,132
9683686963,132
1990912115,132
4832472797,132
1137777343,132
9135845216,133
9135848928,133
3733791671,133
25475417,133
585130362,133
1233350889,134
283061836,134
1233350862,134
675734610,134
1402070363,134
675734613,134
25475419,134
1402070364,134
1402070365,134
675734622,134
9690878337,135
1312471202,135
1312471234,135
1796137508,135
9690974277,135
6266867111,135
25475561,135
6266867114,135
6266867113,135
25475661,135
9699961628,135
25475550,135
6696695781,136
10579930791,136
10579930792,136
8783914189,136
8783914190,136
8604055550,136
8604055549,136
25475678,136
25475688,137
25475690,137
9820538027,137
25475691,137
25499095,137
25475752,138
25475754,138
1493229962,138
28728208,139
25477106,139
1668135492,139
28728205,139
306439304,140
8632535522,140
25477149,140
8632535535,140
1312188614,141
2545230474,141
8632535532,141
306439310,141
25477150,141
3741078112,142
25477154,142
1312319838,142
306439338,142
306439329,143
25477156,143
25477197,144
2402557839,144
28419328,145
3528738438,145
3528738439,145
3528738440,145
9080098310,145
9080098315,145
5257738380,145
5257738381,145
5257738382,145
5257738383,145
5257738384,145
5257738385,145
5257738386,145
5257738387,145
5257738388,145
2934411667,145
3528710291,145
9030037139,145
1014803736,145
6995618979,145
2935392676,145
3528711722,145
27459116,145
9080098316,145
27459120,145
5160943793,145
5160943794,145
5160943795,145
5160943796,145
5160943797,145
5160943798,145
5174828980,145
5160943799,145
5160943800,145
8042031930,145
5160943803,145
1039322041,145
3682538298,145
5160943806,145
5160943807,145
5160943808,145
5160943804,145
28418497,145
4144358216,145
4144358217,145
302013776,145
3073173585,145
5174825175,145
5174825176,145
5174825178,145
5174825180,145
251757533,145
5174825181,145
5174825183,145
27459165,145
2914561272,145
2914561274,145
25477371,145
249679102,145
819157946,146
25477858,146
3661703766,146
819157975,146
1832052008,147
25495542,147
1832129783,147
25495617,148
25495618,148
350437608,148
5976672308,148
1816038230,148
25495769,148
10543800252,148
8645592520,149
8645592521,149
25495858,149
25495639,149
25495640,149
25495648,150
5014591895,150
25495646,150
1953202903,150
25495819,151
6354294763,151
25495820,151
1832052016,151
1834657466,151
6354294779,151
1834657469,151
350628799,151
350377994,152
4275394254,152
25495822,152
25495857,152
350437528,152
4689775161,152
269550332,152
25495838,152
4275398720,153
4275398721,153
4275398723,153
25495852,153
4275398714,153
4275398716,153
759123955,154
25496100,154
269550896,155
25496617,155
269550331,155
269550684,155
7279228683,156
25496773,156
25496777,157
663363473,157
8972511964,157
1985084135,158
1985084137,158
25496781,158
25496783,158
25496787,158
25496788,158
8972441125,159
8972441126,159
438170475,159
8972441579,159
5265830862,159
25496815,159
25496785,159
8972511962,159
1958800795,159
25496800,160
1816038214,160
323260106,160
5014591889,160
1816038199,160
25496825,161
5060391418,161
321255925,161
5060391821,161
25496850,162
25496851,162
4730978983,162
9690974273,163
9690974274,163
4920098344,163
4920098349,163
25496920,163
25497603,164
1547657140,164
2480657188,165
25632678,165
2480657190,165
1954751914,165
25497968,165
25497970,165
2135411292,165
2135411293,165
5711517570,166
5711517571,166
4703559689,166
25497997,166
5479654172,166
1723388957,166
5479654175,166
1723388960,166
5479654177,166
2331184930,166
2331184932,166
25498021,166
2331184935,166
1723388970,166
1723388974,166
1723388979,166
1723388981,166
1723388988,166
5006916678,166
446765895,166
446765900,166
5479655630,166
5479655634,166
4703542485,166
4703542486,166
390073175,166
6525670236,166
6525670237,166
2135411294,166
2135389151,166
2135411296,166
2135411297,166
6525670242,166
5479655662,166
6374802559,166
3320754320,167
3320754322,167
1723315608,167
3247825561,167
3247825562,167
25498015,167
3247824558,167
250550447,167
7636278193,167
7636278195,167
7636278196,167
7636278198,167
7636278199,167
7636278200,167
8898783674,167
4807521484,167
1309067471,167
3741131600,167
3741131606,167
7636244314,167
149451622,167
1169109485,167
25498016,168
6569580040,168
25498018,169
3725817386,169
6374802579,169
6374802582,169
6374802583,169
7792756672,170
7792756674,170
7792756676,170
7792756680,170
7792756713,170
25498026,170
5711517569,171
5711517565,171
25499655,171
25505679,172
9988193967,172
25505607,172
4962956931,173
1828402760,173
9611081868,173
1938819283,173
2012969972,173
25505629,173
6606135968,174
25509513,174
9197589233,174
9197589238,174
316763584,175
25632865,175
316763586,175
25632864,175
5046627553,175
316763600,175
1215563891,175
5046627642,175
25632859,175
5046627645,175
25632862,175
1141487746,176
1150003224,176
1150003238,176
1150003247,176
8784212017,176
5060405427,176
8784177716,176
5060405429,176
5060405430,176
5060405434,176
1150003264,176
1150003155,176
1141487712,176
1150003170,176
5067002851,176
25632870,176
5067002855,176
1150003563,176
1141487723,176
1150003195,176
5342236739,177
1550763620,177
5342236740,177
27458353,177
471488472,177
429346241,178
4534184514,178
4534184515,178
429346238,178
4223357836,178
27460210,178
429346236,178
27459198,178
4430996033,179
27459971,179
3906588452,179
3247933381,179
2934288518,179
3906588454,179
6288147785,179
6288147786,179
4195103055,179
27459729,179
2934288530,179
6218501757,179
27460198,180
843376594,180
2870261844,180
27459830,180
6995618971,180
3906588446,180
27460226,181
3930921860,181
4223357841,181
4155841810,181
4155841811,181
4155841816,181
4155841818,181
3932064154,181
4155841820,181
3932064156,181
3906588448,181
251892523,181
28418859,181
4430996024,181
4430996027,181
4430996028,181
3932064957,181
4430996029,181
32838084,181
3708234955,181
3708234956,181
3708234957,181
843376591,181
4089885906,181
843376610,181
3632581622,181
1233350848,182
1233350847,182
7644741346,182
7644741345,182
7644741348,182
6110164647,182
377490664,182
5904585328,182
1312932849,182
3987750677,182
27460439,182
10013517434,182
7644741343,182
302013672,183
302013674,183
3081980920,183
3081980922,183
27480956,183
27480958,183
27480957,184
347542742,184
347542743,184
27480960,185
9678821156,185
28193265,186
3170676207,186
4344245890,187
3894948099,187
3894948100,187
249679365,187
4344245894,187
3894948098,187
3168378376,187
670103313,187
670103314,187
3014236566,187
3014236567,187
3014236569,187
3014236570,187
7817162919,187
3068270504,187
249679407,187
3068267824,187
3068267825,187
3068270516,187
249558964,187
2140124982,187
2140124983,187
3186593720,187
3068270518,187
3186593722,187
7817166393,187
249679420,187
7817166397,187
249679418,187
1014803704,187
5768339777,187
1042862659,187
2140124996,187
5924603460,187
7817166407,187
4949004105,187
4949004106,187
7899973206,187
28418138,187
302013659,187
28418141,187
3892081373,187
249559005,187
302013662,187
3892081377,187
3892081378,187
4948602211,187
3892081382,187
1014803686,187
3892081384,187
1014803691,187
302013682,187
302013683,187
302013685,187
302013688,187
8500636794,187
3894948091,187
3894948093,187
1042862718,187
28418144,188
472493763,188
4344245892,188
4344245893,188
6969936102,188
9080123621,188
6969936104,188
6969936106,188
6969936108,188
6969936109,188
6969936110,188
302013777,188
6969936114,188
6969936115,188
6969936116,188
6969936117,188
27460250,188
249679168,189
5924603458,189
28418580,189
5106520280,190
429346251,190
3632577084,190
28418909,190
3984132032,191
3984132036,191
3984132037,191
302013708,191
4422013486,191
4089885902,191
28418929,191
1238259337,192
4530011788,192
4530012690,192
4530012691,192
1731235606,192
4530012695,192
4530012696,192
1150003480,192
3197339673,192
3197339674,192
3197339676,192
4530012705,192
4530012706,192
4530012707,192
1731235492,192
4530012711,192
288193455,192
4729385030,192
4729385031,192
1150003547,192
1731225566,192
1150003423,192
5565486432,192
5565486434,192
28728187,192
5565487612,192
2990651904,193
2990651905,193
2990651906,193
2990651907,193
2990651908,193
2990651909,193
2990651910,193
2990651911,193
2990651912,193
2987752073,193
2990651914,193
2987752074,193
5269670540,193
2987752071,193
2990651918,193
1759454351,193
1758552592,193
2990651920,193
973128722,193
2987752075,193
28800660,193
1758552597,193
2990651921,193
28800663,193
5040168489,193
1759454378,193
5040168491,193
5040168496,193
2990664881,193
244128951,193
2990716984,193
2990716985,193
2990716986,193
1758552521,193
1758552522,193
2990717001,193
1758552524,193
1150003289,193
1758552541,193
1758552547,193
1758552682,193
1758552555,193
1758552559,193
1401908258,194
250550183,194
28800661,194
28800662,194
250550174,194
8869464371,195
28800668,195
250550053,196
8869464390,196
5041945479,196
250550024,196
250550023,196
5041945480,196
873809385,196
8869464398,196
8869464407,196
1343823418,196
28800670,196
3375451561,197
30056255,197
1547392865,198
6218468163,198
5580861156,198
6218468164,198
707377287,198
30056330,198
9704122317,198
4920098350,198
6600283121,198
4619022514,198
4619022513,198
1547013754,198
3830029915,198
1550763708,198
3830043581,198
32825440,199
843376569,199
843376643,199
4155841827,199
32825442,200
843376588,200
32921724,201
761830999,201
761830991,201
32921728,202
32921729,202
32921731,202
4697525030,202
4697525032,202
1401849768,202
26374229,202
270110053,203
270110054,203
32921737,203
32921738,203
270109325,203
751837551,203
751837591,203
32921748,204
32921743,204
149431715,205
2168949324,205
2168949325,205
3741131607,205
3741131608,205
354886099,206
213668839,206
1685276643,207
250549700,207
250549699,207
255700677,207
213672005,207
8868010217,207
213668842,207
2642612586,207
213668844,207
8868010221,207
2642612585,207
213670986,207
2642878644,207
250327576,207
8868010202,207
250327547,207
8868010204,207
7815533545,208
7815533546,208
249558966,208
249560091,209
7900221087,209
4116809027,210
249679343,210
250326914,211
1401416208,211
8868010160,211
8868010162,211
250327159,211
354886082,212
250549670,212
1310663631,212
3114645200,212
3114645201,212
250327037,212
250550400,213
973101839,213
3550836102,214
1039290567,214
3550836104,214
5242815659,214
251757452,214
251757615,214
251757458,214
1039322102,214
10196915587,215
10196915588,215
10196915589,215
321255910,215
321255911,215
751837736,215
10196915593,215
2134066506,215
1419544126,215
270109326,215
270109327,215
1419544142,215
1401849779,215
270109370,215
270112539,215
270112540,215
270110142,215
1563638022,216
690295047,216
283062189,216
673420216,216
1233353464,216
1233353467,216
302013666,217
302013668,217
6431923714,218
6431923715,218
5471345385,218
308837357,218
9804471701,218
9804471702,218
25496854,218
9846850972,218
9846850973,218
9846850974,218
316763595,219
316763589,219
316763590,219
1832129838,220
338474279,220
4275394255,221
350377999,221
1707790105,221
6828921210,221
6828921211,221
1686463489,222
1686463523,222
3739049325,222
1686463503,222
1686463471,222
1686463505,222
1686463476,222
1686463510,222
390073208,222
7882485394,223
10308697502,223
469785734,223
471488499,224
1493722803,224
1547013711,224
2137096880,225
473257581,225
10543014371,226
10543014372,226
10543014373,226
7911267686,226
10543014374,226
473258313,226
10543014377,226
10543014379,226
10543014380,226
10543014386,226
10543014388,226
10543014390,226
6458938007,226
6458938008,226
10543014362,226
10543014363,226
5905893980,226
10543014367,226
473258826,227
6458938011,227
6446292572,227
1727515734,227
473259748,228
8814668133,228
8814668137,228
8814668138,228
2197518969,228
473262660,229
473262822,229
1561411396,230
585201189,230
1360122880,231
4462680068,231
7840712839,231
4462680078,231
5642519054,231
5642519055,231
5642519056,231
5642519060,231
595709975,231
5642519066,231
5642519068,231
5642519069,231
5573994014,231
5573994016,231
5573994020,231
5839165751,231
1360122937,231
4512763345,231
4512763347,231
5839155672,231
1360122841,231
5460658138,231
1360122860,231
5573931376,231
1360122866,231
5573931380,231
5573931381,231
5573931384,231
697044225,232
707377382,232
1609966639,233
7946378609,233
4370333651,233
4370333652,233
4370333653,233
748799641,233
4370333657,233
748941552,234
748941556,234
748941560,234
751837654,235
751837622,235
796809545,236
8497605078,236
6446218920,237
811035012,237
6446229925,237
835390893,238
835390894,238
835390887,238
1141415202,239
1150003340,239
1150003503,239
1150003141,240
5609643622,240
1150003479,240
6816821186,241
5609643682,241
5609643652,241
5609643653,241
5609643686,241
5609643685,241
5609643656,241
5609643687,241
1150003213,241
5609643662,241
5609643673,241
5609643674,241
5609643676,241
1150003270,242
4823246344,242
1684835241,242
1309067472,242
1493658224,242
1685281076,242
1685281046,242
1685281079,242
1150003400,243
1731225575,243
1726730080,244
1835355973,244
1835356006,244
1726730120,244
1835355944,244
1163954922,244
1726730123,244
1835356013,244
1835355953,244
1726730167,244
1835355961,244
1726730043,244
1163955119,245
1401870341,245
1163955037,245
5353114285,245
1233353642,246
1233353631,246
1987381555,247
1237876710,247
1237876703,247
1736734053,248
1238249900,248
1238249901,248
1238249904,248
7900221108,248
1255491496,249
1255369133,249
4511972303,249
1255491504,249
4511972304,249
1255491506,249
1255487160,250
1255487172,250
1255487166,250
1722268388,251
3093897990,251
4749090120,251
2387232554,251
2387232559,251
1722268367,251
5565455858,251
1280491924,251
1280491926,251
1722268381,251
3741117630,251
2402557599,251
2538458897,252
1312188886,252
2218344503,252
1939632514,253
2923703875,253
1939632519,253
1312335310,253
3870640530,253
5238500306,253
5238500308,253
5238500312,253
5238500313,253
1326821568,254
3830441923,254
1731225580,255
3794876751,255
3197339664,255
3197339666,255
3197339667,255
3197339668,255
1327865950,255
1547013589,256
8807410151,256
1547013704,257
1547013699,257
1550763732,257
1547013604,257
1547013705,258
8807410149,258
1547392771,259
1547392927,259
1556097098,260
1951372909,260
10306429333,260
1556097245,260
1951372927,260
5905897286,261
1556097111,261
1556097177,262
5905896973,262
1556097166,262
1556097306,263
1556097431,263
4169714272,264
7911282826,264
10306429323,264
1556097387,264
6446229933,264
1556097326,264
10306429327,264
8675201264,264
10306429328,264
3887941007,264
4169714270,264
4169714271,264
1556260024,265
3887941009,265
6446256190,265
1587318992,266
1587318999,266
1817617689,267
1596648669,267
1596648671,267
1609966643,268
1609966653,268
1617532088,269
4697287185,269
4696544876,269
4663312759,269
1617596593,270
3328228993,270
1617532092,270
1617596606,270
6866592992,271
6866516262,271
2453947051,271
1637578547,271
1637578516,271
6866516278,271
1637578522,271
1637578551,272
1637578535,272
1668135493,273
3197339661,273
3197339662,273
3170676206,273
5565475799,273
1668135486,273
10539068544,274
6509684096,274
10539589696,274
3267461729,274
10539589701,274
1828402758,274
4085767974,274
10539589704,274
2665239978,274
10539589707,274
1678452780,274
10539589706,274
4085767983,274
10539648210,274
2620105428,274
4085767989,274
7610670769,275
7610670771,275
1678452790,275
1684835019,276
1684835152,276
6014333809,276
1684835156,276
1684835062,276
1684835097,276
1685281036,277
1685281022,277
1707790024,278
1707790026,278
4650375494,279
1707790055,279
1707790057,279
4650375504,279
4650375505,279
1707790067,279
4650375508,279
4658088539,279
1955520890,279
3972566715,279
1723388976,280
1723388986,280
1731235480,281
1728472241,281
1731235489,281
1810130458,282
4077495964,282
1816038215,283
1832665997,283
1832666001,283
7279239795,283
1816038195,283
1816777816,284
3107212073,284
1816609486,284
4158000323,285
1816959492,285
4142725558,285
1817617691,286
1817617692,286
1832129809,287
4462680082,287
1832129796,287
1832228100,288
1832228080,288
1832228112,288
1832228144,288
1832228083,288
1832228115,288
1832228120,288
1832228159,288
1882379248,289
10090013713,289
10090013714,289
2306288080,289
4823243100,289
3247578846,289
3987750688,290
5269678593,290
1951190474,290
1968744210,291
3992885062,291
4697288399,291
1990694620,292
1990694647,292
2502545024,293
9619940387,293
1990912102,293
1990912134,293
4117896490,293
2502545041,293
9683400946,293
9678366518,293
9678523000,293
8031800090,293
5574051323,293
8031800092,293
8031800094,293
2141364708,294
2141364732,294
3265436260,295
4175081594,295
4696545402,295
2341656968,295
4085747017,295
4697287178,295
4697287177,295
3911044734,295
4697288390,295
4696568110,295
4174200048,295
3265436691,295
4696544885,295
367102039,295
4696545399,295
4175081593,295
4166662874,295
4166662878,295
2453947049,296
4211515634,296
2576893629,296
2496836291,297
2496836303,297
3247589712,298
6569580044,298
6569580045,298
2531863975,298
2531863977,299
2531863978,299
6995618977,300
2872704413,300
2872704414,300
2935373301,301
3809870263,301
3739049344,302
2990721387,302
5992797788,302
2990721390,303
2990721391,303
3739049346,304
2990732269,304
6116290280,305
5473274252,305
5473274253,305
5473274254,305
5473274256,305
5473274257,305
5473274259,305
5473274260,305
3139655930,305
3139655933,305
5473273470,305
3158794148,306
5473272900,306
5473272902,306
3158794151,306
5473272904,306
5473273067,306
5473273068,306
4534858543,306
5473272882,306
5473272983,306
5473272984,306
5473272667,306
5473272700,306
3272782432,307
1547013738,307
3272782431,307
3578315456,308
3586606037,308
3704225378,309
4085778924,309
4085778928,309
4866552625,309
4085778934,309
25066684,309
3987750692,310
5977954180,310
9673189926,310
6110164649,310
7900888467,310
3850146457,310
6446292562,311
3887941012,311
4089885905,312
6294214898,312
6294214897,312
4369519260,313
4369519219,313
4369519227,313
4369519206,313
7636278201,314
4401149234,314
7636278191,314
4554237017,315
5009054889,315
5009054892,315
4696545403,316
4697287188,316
4781199345,317
4781199346,317
4781199348,317
4781199350,317
4781199352,317
4781199354,317
4781199355,317
6374802572,318
5006965588,318
5006965589,318
5046314074,319
5046314077,319
5060405461,320
1954751918,320
5095547184,321
5095547180,321
5095547181,321
5095547182,321
6978459068,322
5177352922,322
5177352932,322
5468301601,323
10607626,323
5468301602,323
5473273795,324
5473273796,324
5473273798,324
5473273803,324
5473273805,324
5473273616,324
5473273791,324
5473273788,325
5473273789,325
5473273790,325
5475684676,326
5475684680,326
5475684684,326
5475684621,326
5475675316,326
5609643672,327
5609643675,327
5733997920,328
5733997919,328
5904615691,329
5904615694,329
5927671120,330
5927671121,330
6272993491,331
6239229422,331
7075087299,331
6525701529,332
4142725557,332
6525701539,333
6525701540,333
6525701530,333
6525701533,333
6525701535,333
6606148797,334
6606148798,334
6855696495,335
6855696496,335
6855696497,335
6855696502,335
6855696503,335
6855696504,335
6855696506,335
6918421504,336
6918421508,336
6918421509,336
6918421511,336
6918421512,336
6918421513,336
7553887392,337
8869435273,337
8869435267,337
8869435272,337
7792756538,338
7792756539,338
7792756540,338
8357847937,339
8357847938,339
8357847939,339
8357847927,339
8357847928,339
8357847929,339
8357847930,339
8357847931,339
8357847932,339
8357847933,339
8357847934,339
8515091587,340
8515091588,340
8515091590,340
8620105277,341
8620105279,341
25532494,342
8807410150,342
8814668136,343
8814668131,343
8814668135,343
8869435257,344
8869435266,344
9080098298,345
9080098299,345
9524817681,346
9524817682,346
10241310755,347
25509526,347
10306423508,348
10306429309,348
10306429310,348
10306429319,348
10539068564,349
10539068565,349
2665239972,350
10539068590,350
