node_id,cluster_id
1596648673,0
1832129762,0
4076126468,0
7946372941,0
5516594509,0
1401849810,0
25509527,0
25509533,0
104318,0
2398924896,1
6369329155,1
20965798,1
20965799,1
20965800,1
25500427,1
8868824844,1
2398924877,1
7946378606,1
7946378610,1
6369329170,1
2398924886,1
4076095262,1
104319,1
104320,2
1215563904,2
373364228,2
1649365894,2
3229825163,2
3229825166,2
6369329166,2
8868824851,2
8868824852,2
3229825173,2
5475684758,2
8868824855,2
8868824856,2
8868824857,2
5475684763,2
20965794,2
20965797,2
107687,2
18397096,2
20965803,2
1163955130,2
10263444809,2
441958994,2
21693795,2
5475684848,2
1649365878,2
1215563895,2
1771426174,2
104321,3
25161346,3
25161349,3
7553887464,3
25161367,3
24951853,3
4922952366,3
1046306670,3
4922952365,3
1046334318,3
4922952371,3
4922952372,3
4922952373,3
4922952374,3
24658003,3
24658007,3
24658010,3
25066333,3
25161345,4
104322,4
8869435268,4
5043864464,4
8869435281,4
8869435286,4
8869435287,4
8869435288,4
25161368,4
316763548,4
5046005789,4
5046005790,4
28800672,4
8869464354,4
8869464357,4
7553887409,4
1684511955,4
10677375,4
25066337,4
5046005730,4
5046005731,4
24950117,4
316763500,4
316763501,4
317380078,4
5046005743,4
5046005745,4
1718328435,4
316763513,4
1718328442,4
8438226815,4
25475712,5
4715264001,5
4715264002,5
104323,5
4715264004,5
4715264006,5
4715264007,5
722208263,5
7623861385,5
6014302222,5
6014302224,5
6014302225,5
8064065315,5
8064065316,5
8429812517,5
9216868136,5
9216868137,5
722208297,5
9216868141,5
1532087855,5
295977520,5
9216868143,5
9216868145,5
5924603442,5
4136137529,5
5924603450,5
4136137530,5
4534184512,5
9690915267,5
9690915275,5
9690915278,5
25475663,5
25475664,5
2374491605,5
4167762776,5
2969438426,5
4167762778,5
6265654111,5
4715263991,5
4715263992,5
4715263993,5
4715263995,5
1237883773,5
4715263998,5
107584,6
27459905,6
5580861153,6
1312471267,6
429346243,6
429346242,6
429346244,6
742399752,6
4629462859,6
4430996044,6
429346253,6
6218501742,6
5116226063,6
251892754,6
252601811,6
251892950,6
28418877,6
5580861151,6
107585,7
6218501739,7
6218501740,7
6218501748,7
6218501751,7
8515091591,8
4726152850,8
1787108626,8
4726152852,8
4726152853,8
4726152857,8
4726152858,8
250549282,8
250325411,8
2003007012,8
4453606953,8
2920433449,8
3334162601,8
3375451566,8
4453606958,8
2929116721,8
4224123324,8
250327100,8
8043350334,8
8043350335,8
107586,8
1779589718,8
1312188768,8
21990624,8
21990625,8
250549348,8
2934268024,8
1733389314,9
30078473,9
5473274891,9
1365887500,9
25069071,9
5473274896,9
3136311315,9
3136311316,9
8807429659,9
25071133,9
5473274911,9
25071136,9
25071137,9
25071139,9
1733389349,9
25071142,9
25071145,9
1733389353,9
2218344503,9
2218344510,9
5473272894,9
5473272896,9
5473272897,9
5473272895,9
107587,9
107588,9
5473272899,9
5473274957,9
3141817429,9
5473274969,9
1211381855,9
2218340965,9
5473273451,9
5473274990,9
5473273966,9
5473273968,9
3136301320,9
5473273457,9
5473273967,9
4861365369,9
4861365370,9
5473275004,9
4861365372,9
5473274494,9
5473274493,9
5473274501,9
5473274502,9
5473274503,9
3136301324,9
4861365383,9
5473274506,9
1497452171,9
5473274507,9
5473274508,9
3136301325,9
5473273490,9
5473272978,9
2961557,9
5473274519,9
1497452184,9
3136301328,9
2793874587,9
5473273499,9
5473274525,9
5473273500,9
5473274528,9
5473274529,9
3136301730,9
5473274531,9
5473274532,9
5473274533,9
5473274534,9
3136301731,9
5473274540,9
3715515059,9
4688513218,9
4688513221,9
2387226309,9
4688513226,9
4688513227,9
4688513230,9
4688513231,9
25069265,9
4688513237,9
4688513240,9
5473273571,9
2642857191,9
5334381837,9
5473273069,9
5473273070,9
5473273071,9
5473273072,9
7223365368,9
1939558651,9
7223365372,9
24659709,9
2622212860,9
2622212862,9
1939558655,9
2622212865,9
5473273604,9
5473273605,9
1939558661,9
2538458887,9
2538458888,9
2538458889,9
5473273610,9
5473273607,9
5473273612,9
2538458893,9
3136301321,9
5473273611,9
1939558667,9
2538458897,9
2538458898,9
2538458899,9
5473273613,9
5473273615,9
1939558672,9
2538458903,9
2538458904,9
1939558681,9
2528522522,9
5473273621,9
1939558684,9
5473273623,9
2538458905,9
1939558687,9
2622212895,9
2622212897,9
3139677982,9
3139705124,9
2622212903,9
1939558697,9
1939558700,9
24950061,9
4534858546,9
2622212914,9
4534858548,9
2622212925,9
2622212927,9
2622222657,9
2622222658,9
2622222659,9
2622212930,9
2622212933,9
2622212937,9
2622212939,9
25070924,9
2622222668,9
2622212941,9
2622212942,9
30056277,9
5473274710,9
25069911,9
24950104,9
24950101,9
24950102,9
24950107,9
357999964,9
5473274717,9
24950110,9
24950111,9
24950112,9
24950105,9
5473274724,9
5473274725,9
4866976614,9
109416,9
3381130090,9
3381130092,9
25248112,9
25248113,9
25248114,9
25248115,9
3141814027,9
25248119,9
25248120,9
25248122,9
25248123,9
25248124,9
25248125,9
25248126,9
25248127,9
25248128,9
25248129,9
25248130,9
5473274242,9
1678245252,9
8807431559,9
8807431560,9
5473273606,9
2538458886,9
1312264600,9
2622212878,9
1733389217,9
3375451555,9
5473273622,9
24951721,9
3375451563,9
24661419,9
3375451565,9
1939558663,9
1939558666,9
2538458894,9
1733389249,9
2622212885,9
25070019,9
2538458895,9
2622212887,9
1312188886,9
2622212889,9
25066457,9
1733389278,9
2218362849,9
5473274866,9
5473274867,9
5816744255,10
28418921,10
4136137525,10
107606,10
4136137527,10
25475770,10
1689605567,10
585124778,11
1951242858,11
107614,11
1864047135,11
5473273363,12
5473273364,12
24662037,12
5473273368,12
5473273372,12
5473273373,12
5473273376,12
5473273379,12
3076574254,12
3076574255,12
25532464,12
5473273399,12
3272782406,12
6018098767,12
5473273425,12
5473273429,12
1678227031,12
5238587992,12
5473273433,12
5238587994,12
5473273435,12
5473273441,12
107626,12
107627,12
107634,12
5049840244,12
2961549,12
25161361,12
25161362,12
25161363,12
4867087524,12
4867087532,12
4867087535,12
6463230640,12
1418752689,12
1401459399,12
1401459400,12
1401459403,12
24660697,12
3153656028,12
3153656030,12
2378843907,12
1951616261,12
1951616268,12
1951616276,12
6463234329,12
24950064,12
24950065,12
5473273139,12
5473273140,12
5473273141,12
5473273142,12
1951616319,12
2577040703,12
5223919938,12
5473273154,12
5473272665,12
5473272666,12
5141354330,12
5141354331,12
5473272668,12
24950113,12
24950114,12
24950115,12
8807431534,12
5227220846,12
8807431536,12
8807431541,12
3272712566,12
1782714747,12
1678226827,12
5473273227,12
5065949596,12
1678226846,12
5065949598,12
1312454055,12
25532332,12
25544110,12
259252667,12
5340811707,12
5340811717,12
1312454087,12
5340811719,12
5340811720,12
1312454094,12
5473273295,12
25532377,12
5473273305,12
25532384,12
8807410152,12
8807410154,12
8807410158,12
5473273326,12
5473273332,12
107632,13
6458938017,13
5141216782,14
5141216785,14
1719663634,14
5141216787,14
5141216790,14
5141216792,14
473219610,14
4085783103,14
1719661631,14
4085783105,14
4085783106,14
4085783107,14
1727515734,14
6446292570,14
6446292571,14
6446292572,14
5905893980,14
107637,14
1719529597,14
1719529599,14
25161360,14
25067670,14
6458938007,14
6458938008,14
6458938011,14
1569312412,14
1951372959,14
25161375,14
7824803495,14
10542989479,14
7824803497,14
109737,14
10542989484,14
25067727,14
25067728,14
5104314096,14
1722621701,14
1722621711,14
5141625621,14
1722621718,14
5141625623,14
7906964248,14
7906964249,14
5141625625,14
5141625629,14
5141625630,14
5141228834,14
5141625635,14
5141625637,14
5096270631,14
5141625653,14
5141625654,14
5141625655,14
6032044857,14
1951616322,14
473258313,14
6032044874,14
473258826,14
5141625681,14
3100169049,14
25067871,14
5141625696,14
5141625698,14
5141625699,14
7911267685,14
7911267686,14
7911267688,14
25067883,14
25067400,14
25067914,14
5104314264,14
25067929,14
5104314266,14
7911231384,14
5104314268,14
5104314269,14
5104314270,14
5104314272,14
25067936,14
5104314275,14
5104314276,14
3637449663,14
10543014339,14
10543014340,14
25067461,14
25067463,14
10543014343,14
10543014346,14
4166634957,14
25067473,14
25067479,14
10543014362,14
10543014363,14
10543014367,14
10543014371,14
10543014372,14
10543014373,14
5141216742,14
10543014374,14
5141216745,14
5141216746,14
10543014377,14
10543014380,14
10543014379,14
4085778929,14
10543014386,14
4085778931,14
10543014388,14
5104314358,14
10543014390,14
5141876996,15
5141876999,15
5198585559,15
5198585557,15
5198585558,15
107638,15
5198585560,15
5198585561,15
5198585562,15
25067324,15
9024139143,16
9024139144,16
1835355931,16
7926506525,16
4922952353,16
7926506531,16
4922952363,16
1726730029,16
1726730033,16
1726730049,16
1707790029,16
18468951,16
7223709662,16
18468962,16
1726730082,16
7223709668,16
7223709669,16
2466442731,16
2466442741,16
2466442743,16
107641,16
107646,16
25504770,17
1311962122,17
470729237,17
8807429661,17
8807429662,17
8807429663,17
1678155318,17
1678452790,17
1678452792,17
1678452795,17
1678452796,17
1678452797,17
10311362114,17
10311362115,17
1828402760,17
1828402763,17
470729292,17
3474115151,17
18468958,17
18468961,17
6369390690,17
5976850019,17
10311362148,17
6369390692,17
10311362150,17
5976850023,17
6369390696,17
10311362153,17
10311362154,17
5976850024,17
6369390700,17
7610670710,17
107643,17
107644,17
21565570,17
4962956931,17
25161350,17
25161351,17
25161352,17
25161353,17
9611081868,17
25161365,17
7610670751,17
7610670752,17
18395811,17
7610670769,17
1268892338,17
3656358067,17
7610670771,17
3664398006,17
3664398007,17
3664398009,17
10311362236,17
25066684,17
25066694,17
8785457865,17
8785457866,17
8785457867,17
10311178960,17
10311178961,17
1938819283,17
10311178964,17
1938819284,17
10311178967,17
10311178970,17
1268892379,17
1707790044,17
367105757,17
1938819294,17
10311362270,17
10311362271,17
10311362272,17
10311178978,17
1938819301,17
10311178985,17
1707790062,17
10311178991,17
1938819317,17
1938819320,17
4866623226,17
4866623228,17
1938819325,17
1938819326,17
4866623230,17
1938819328,17
1938819330,17
1938819335,17
1835355913,17
2387194123,17
8807441166,17
2387194127,17
2387194128,17
1835355922,17
2387194131,17
2387194133,17
8807441176,17
8807441177,17
8807441178,17
8807441179,17
1835355929,17
25066784,17
1835355936,17
1401926435,17
1268900644,17
2387194149,17
2387194150,17
1835355940,17
1835355946,17
2387194156,17
4866552625,17
1835355955,17
4866651961,17
1835355964,17
1835355965,17
4866651969,17
1835355972,17
1268900678,17
5046447437,17
25505629,17
1793420652,17
1655418222,17
1793420660,17
1268892533,17
1268892541,17
25505662,17
25504145,17
25504146,17
25504148,17
25504149,17
25504150,17
3664405913,17
1311962016,17
6055863205,17
4729448869,17
6055863211,17
10310609841,17
10310609842,17
1777727945,17
1777727947,17
1777727949,17
1777727950,17
10310609872,17
1777727958,17
1777727960,17
1777727961,17
1777727962,17
10310609885,17
3704225378,17
1725360097,17
7223709667,17
4085778924,17
4085778928,17
25504755,17
2012969972,17
4085778934,17
4830306810,17
25504763,17
4830306813,17
5207476608,18
5207476609,18
25504128,18
473264514,18
5207476611,18
5207476613,18
4627445254,18
4627445252,18
4627445253,18
4627445257,18
5207476616,18
4627445260,18
4627445261,18
419350669,18
10309458701,18
4089236236,18
1536948492,18
107667,18
10309472541,18
10309472542,18
10309472543,18
10309472544,18
5009054881,18
4085767970,18
10309472547,18
10309472548,18
473264937,18
10309472553,18
7610670890,18
473265708,18
7610670892,18
4085767979,18
4627491632,18
1678452788,18
1678452789,18
10539712057,18
10539712058,18
10539589691,18
10310609852,18
4627491645,18
10539589692,18
10310609849,18
473265346,18
4627491650,18
419350723,18
7179983946,18
7179983947,18
10539856459,18
10541894095,18
25470928,18
3696548432,18
10541894097,18
4166634960,18
3696548437,18
3696548438,18
10310609879,18
1828402774,18
10310609881,18
3696548440,18
10310609887,18
4627445215,18
473265762,18
1268903266,18
10310609894,18
1938819302,18
4175059691,18
25504753,18
4627445239,18
4627445240,18
4627445241,18
7827997819,18
8620105223,19
1678452753,19
268124704,19
3267461666,19
8620105262,19
1777740337,19
5177397822,19
5177397823,19
5177397825,19
5177397826,19
5177397828,19
4150883407,19
4150883409,19
4696544883,19
8755805305,19
4696545406,19
473267328,19
10539068550,19
107668,19
1239549084,19
1905779367,19
1905779369,19
5177397419,19
5009054894,19
5009054898,19
419632307,19
10539068598,19
3972566710,19
368044217,19
490946748,19
1214922433,19
1707790023,19
4197401800,19
4197401802,19
10309140683,19
10309140686,19
4197401811,19
4197401813,19
2360681703,19
4034060007,19
2360681709,19
2360681711,19
4034060015,19
4034060017,19
4034060018,19
2265065203,19
2360681716,19
2360681713,19
2265065207,19
490946813,19
10309153022,19
10309153023,19
10309153025,19
1649365762,19
10309153027,19
1649365764,19
473268999,19
1649365780,19
6137798425,19
1649365789,19
1649365797,19
1649365800,19
1649365810,19
1649365816,19
1649365820,19
2140432704,19
1777742666,19
237911,19
473266524,19
8755808618,19
473269102,19
1955520879,19
8755808627,19
4158223748,19
3763565959,19
3763565961,19
1668112790,19
1813794712,19
1813794713,19
1668112792,19
864817628,19
107681,20
1401870340,20
1726730375,20
269549104,20
269549105,20
1163955128,20
5342251136,21
25503873,21
25503876,21
25503880,21
5114681227,21
4379801357,21
25503885,21
5342251151,21
25504144,21
5114681230,21
10572178,21
25504143,21
7607080091,21
7607080092,21
1726730272,21
107684,21
1726730281,21
1726730162,21
1163954995,21
1726730292,21
1726730165,21
1726730295,21
1678452793,21
1726730303,21
747893184,21
25471681,21
7610670913,21
1726730307,21
7610670912,21
7610670919,21
7610670920,21
8785457870,21
8785457871,21
1726730326,21
4379801694,21
25577057,21
25503841,21
4379801706,21
4329502449,21
25500535,21
8785484288,22
956233216,22
25504129,22
490947077,22
25504134,22
10572179,22
10572180,22
2005131543,22
748885408,22
4240028578,22
4240028580,22
107685,22
107686,22
4643337000,22
490947124,22
4643337012,22
4643337143,22
4643337146,22
7613626042,22
7613626044,22
7613626045,22
7613626046,22
7613626047,22
25470782,22
7613626050,22
7613626059,22
7613626060,22
7613626066,22
7613626070,22
1726730329,22
25503845,22
25503848,22
25503851,22
25503856,22
1726730354,22
4530339698,22
4530339699,22
25471732,22
25503862,22
25503860,22
25503865,22
25503867,22
25471740,22
25503869,22
956233215,22
107692,23
2294047375,23
25475330,24
25475331,24
25475332,24
8785484298,24
762080145,24
8785484306,24
1617596693,24
4689775126,24
8785484312,24
7271474841,24
8785484313,24
6769325725,24
7271474850,24
7271474852,24
1617596711,24
1617596714,24
107693,24
25496622,24
25496623,24
269550898,24
4530270906,24
762080190,24
269550783,24
269550786,24
8373690819,24
5006063174,24
21563463,24
1617647944,24
1617647945,24
762080077,24
1617596621,24
1617596626,24
1617596627,24
269550681,24
269589467,24
26374236,24
26374237,24
7223695325,24
7223695326,24
323262310,24
1020211942,24
1617596646,24
762080105,24
5736692333,24
5736692334,24
25475182,24
21563504,24
21563503,24
21563507,24
21563508,24
269550330,24
1617596669,24
1832227968,25
1832227972,25
338472586,25
338472589,25
1832129807,25
6279388821,25
6279388822,25
6279388824,25
2458257563,25
1832129947,25
1832129821,25
1832227996,25
1832129951,25
1832227873,25
343669793,25
8975700260,25
343669796,25
343669798,25
1832129835,25
1364161197,25
5265953455,25
1832228016,25
5265953457,25
5265953459,25
1832228035,25
1832228039,25
1364172237,25
1832129869,25
1832240590,25
1832129873,25
1832129878,25
1832240598,25
1832129881,25
1832129884,25
1832129888,25
6724775012,25
108389,25
6724775018,25
1832248428,25
1832248430,25
1364168178,25
1364168180,25
2458303223,25
1832129917,25
25495807,25
25496624,26
25495698,26
108391,26
25497619,27
5095890460,27
5503142966,27
5503142969,27
5503142970,27
9820537917,27
9820537921,27
1736685635,27
9820537932,27
9820537933,27
1326821457,27
4297243218,27
25475674,27
9576827482,27
1816777820,27
775984737,27
775984738,27
9820537955,27
9820537954,27
9820537957,27
4729480806,27
4729480807,27
25475692,27
25475693,27
25475694,27
1736685679,27
1816705135,27
4571244660,27
4571244663,27
9820537981,27
9820537982,27
1816705152,27
9820537992,27
9820537993,27
1599652492,27
1816705168,27
1816777873,27
9820538002,27
1816777874,27
9820538004,27
1599652497,27
9820538006,27
1816705175,27
1816705177,27
4297243292,27
4298971293,27
1816705180,27
4297243295,27
1816705183,27
4297243298,27
9820538020,27
9820538021,27
9820538022,27
4297243301,27
4158004390,27
1816705193,27
4297243306,27
4571238068,27
4571238069,27
1938953406,27
5353127105,27
3257317059,27
1938953413,27
748797126,27
1816705227,27
6828863694,27
6828863697,27
1816705235,27
1938953431,27
748797145,27
1816705242,27
1816609498,27
1938953437,27
1816705246,27
1816705250,27
748797155,27
21990638,27
4158122222,27
9805100783,27
4158122223,27
4298970364,27
25497340,27
4298970368,27
4298970372,27
4298970376,27
4298970380,27
4298970384,27
4298970388,27
1664571164,27
355416887,27
355416892,27
355416911,27
4297242961,27
1601797458,27
355416920,27
355416921,27
1664571227,27
109403,27
1664571229,27
1664571236,27
4297054053,27
4297242983,27
108393,27
108406,27
1145174402,27
1145174413,27
1145174417,27
1261120402,27
1145174418,27
9693963681,27
1145174435,27
1145174437,27
9693963688,27
710657963,27
1261120430,27
7947041713,27
4142725554,27
1813618616,27
3830441937,27
25499093,27
435104726,27
435104727,27
435104728,27
435104729,27
1145174501,27
1145174508,27
1913216493,27
422573549,27
25497595,27
390073160,28
5306194265,28
25632684,28
5973397966,28
3586606039,28
3586606038,28
25634199,28
108409,28
3809744384,29
3809744385,29
3809744386,29
3809744387,29
3809744389,29
3809744390,29
338319877,29
3809744392,29
1731235511,29
3809744395,29
3809744396,29
3809744398,29
3809744400,29
3809744401,29
3809744403,29
3809744404,29
906172949,29
3809744406,29
4317178392,29
3809744409,29
3809744412,29
3735886877,29
3809744414,29
3809744415,29
3809744416,29
3809744417,29
3809744418,29
3471375905,29
3809744419,29
3809744421,29
1150003237,29
3809744423,29
3471375913,29
3809744426,29
3809744430,29
3809744431,29
3809744432,29
3809744433,29
3809744434,29
3809744436,29
3809744439,29
3809744443,29
3809744444,29
3629223996,29
3809744446,29
5565466174,29
5565466175,29
5565466177,29
1390303296,29
3809744451,29
3805378116,29
3809744453,29
3805378117,29
5565466183,29
3805378119,29
3805378121,29
3805378122,29
3805378123,29
3805378124,29
3805378120,29
1493676622,29
57786953,29
1327865952,29
4383581281,29
1327865953,29
1327865956,29
1327865957,29
25477224,29
7151566952,29
250327660,29
3808625773,29
25477228,29
3808625778,29
3808625780,29
3808625782,29
3808625785,29
3808625786,29
3808625791,29
3808625796,29
4749094023,29
1271712905,29
4749094026,29
3808625804,29
1271712911,29
3808625809,29
1271712914,29
2129578132,29
2129578133,29
1271804564,29
1271712920,29
1150003354,29
1271712922,29
2129578142,29
1271712931,29
1271712934,29
3808625831,29
3808626859,29
3808626860,29
9030284973,29
3809744558,29
9030284975,29
3808626862,29
9030284977,29
3808626865,29
3808625843,29
3808626868,29
3809744565,29
3808626869,29
9030284983,29
3808626872,29
1150003385,29
1255487162,29
3809744571,29
3809744572,29
806373565,29
1271712957,29
3808625855,29
3808625853,29
3808626878,29
3808626882,29
1039290561,29
3808626884,29
1255487171,29
3808626886,29
1255487174,29
1255487176,29
3809744583,29
3809744584,29
1255487177,29
3808626887,29
3808626893,29
1731235534,29
3808626895,29
3808626896,29
1255487187,29
21990614,29
3808626902,29
3808626904,29
3808626905,29
25477335,29
25477339,29
1731235545,29
728370399,29
8210567392,29
3808626913,29
3808626914,29
8210567395,29
8210567396,29
3808626912,29
1039290594,29
1731235557,29
1731235558,29
8210567401,29
8210567402,29
3808626923,29
3808626922,29
6574794989,29
3805378111,29
3808626929,29
3805378112,29
3808626934,29
3808626935,29
3629217345,29
1255320311,29
3805378113,29
3808626940,29
3808626941,29
4317211389,29
3805378114,29
3629217346,29
3808626945,29
3629217347,29
3808626947,29
3629217348,29
251757321,29
1255490314,29
3733299982,29
1255320339,29
3733299988,29
5925626143,29
4086232866,29
1255320354,29
4086232870,29
4086232871,29
1255320363,29
4316822830,29
1255320367,29
8042031957,29
8042031958,29
1271774552,29
3805122394,29
3805122396,29
2935373159,29
2935373161,29
4382350190,29
3808627061,29
4382273402,29
3808627066,29
4382273404,29
3808625835,29
3515286913,29
3988141441,29
3988141442,29
108420,29
4075008388,29
3808625837,29
249558409,29
25477301,29
1255369105,29
1255369111,29
1255369125,29
4317187494,29
1255369128,29
3808625844,29
3673602988,29
1255369135,29
3093894066,29
3809870259,29
1255369140,29
3809870261,29
3809870262,29
3809870260,29
3809870264,29
3809870265,29
3809870266,29
3809870267,29
1255369148,29
3809870269,29
3809870270,29
2560785849,29
3809870272,29
3809870273,29
4511948225,29
1255369152,29
1255369156,29
3809870277,29
3629223879,29
1255369159,29
3809870281,29
3629223881,29
3809870283,29
3629223884,29
3629223885,29
4511972302,29
3809870287,29
3809870288,29
4511972301,29
3629223890,29
3152307669,29
3808626871,29
3808625854,29
1271712946,29
2254629351,29
4316823023,29
3637436403,29
3637436404,29
3809744380,29
3809744381,29
3809744383,29
2278320131,30
108838,30
108845,31
5124166975,31
1777728708,32
108871,32
20626317,32
20626318,32
4866475733,32
3796774902,32
4866475736,32
5124166971,32
5124166973,32
18395806,32
108903,33
25496777,33
245200970,33
4211515569,33
663363473,33
8972511964,33
109408,34
894485202,34
470727954,34
1236791504,34
109411,35
20626311,35
3796814729,35
2012970414,35
4866475738,35
20626312,36
20626315,36
20626316,36
7572522510,36
7572522511,36
7572522512,36
7572522513,36
7572522523,36
6509584413,36
109734,36
7572522540,36
1536948536,36
7572522556,36
2504847039,36
4866475729,36
4866475730,36
4866475734,36
1852996954,36
1536948578,36
109412,36
2504822135,36
1536948474,36
1536948477,36
109414,37
9030029183,37
109728,38
25476134,38
5564754892,38
5931509715,38
5931509718,38
30056310,38
5564410334,38
302013676,39
109766,39
302013678,39
373402354,40
109780,40
18468953,41
9514602150,41
9514602151,41
9514602152,41
9514602153,41
5047029672,41
4922952364,41
4922952370,41
109785,41
6166157035,42
24952268,42
3887941009,42
3887941010,42
6446269173,42
1556260024,42
109788,42
6446256190,42
1723340785,43
1723340842,43
110141,43
435104742,43
1685281025,44
1685281029,44
4823246342,44
1685281031,44
4823246344,44
1685281032,44
1685281035,44
5609643663,44
5609643664,44
1685281041,44
5609643665,44
25498004,44
1685281045,44
1685281046,44
1685281175,44
1141415192,44
5609643670,44
25498010,44
1685281053,44
1686463389,44
1685281056,44
1686463392,44
1685281058,44
1685281061,44
1686463397,44
1685281063,44
1685281064,44
1684835241,44
1141415215,44
1686463794,44
1685281075,44
1685281076,44
1685281077,44
1141415220,44
1685281079,44
110143,44
1685281087,44
1686463428,44
1150003270,44
1684835016,44
1150003530,44
1309067472,44
1685281104,44
1685281123,44
5609643623,44
1685281003,44
1685281260,44
1685281006,44
1493658224,44
1685281010,44
1685281011,44
1685281013,44
1685281017,44
1685281020,44
1685281021,44
1233327202,45
1787108647,45
1787108648,45
1787108649,45
1787108650,45
110238,45
2293833763,46
1707790076,46
5374174119,46
9949142599,46
5880186827,46
5880186829,46
5880186830,46
5880186833,46
21392273,46
237908,46
3972566713,46
3972566716,46
6866779798,47
6866779799,47
6866779802,47
4530012699,47
6866779804,47
4530012700,47
4530012702,47
6866779806,47
4530012703,47
6866779809,47
6866779810,47
6866779817,47
6866779818,47
2632761651,47
282708,47
4316306161,47
4316306163,47
4316306164,47
1761598585,47
25438595,48
25438732,48
25438638,48
282719,48
24661273,49
8807431546,49
2961540,49
24950109,49
1547013655,50
27458331,50
3215687074,50
1547013667,50
4402594986,50
1566269741,50
5342236721,50
27458353,50
4402629177,50
4402629178,50
4402629180,50
5342236739,50
5342236740,50
1566270021,50
1312454086,50
5335245254,50
5335245256,50
5335245257,50
1566270409,50
692162510,50
27481039,50
27481040,50
27481041,50
692162514,50
27481044,50
3708234964,50
30056280,50
471488472,50
4807512540,50
4807512541,50
692162527,50
2961891,50
1550763620,50
5768339816,50
5768339817,50
30057965,50
1547013743,50
367121266,50
692162559,50
10572785,51
8972511963,51
25496748,51
21583342,51
8785568224,52
8785567914,52
8972441580,52
10572786,52
1985084095,52
1813618432,53
8989843465,53
20460681,53
25497611,53
20460686,53
20460690,53
10607127,53
10607128,53
20460697,53
20460696,53
2118622487,53
2118622488,53
6871422361,53
6871422360,53
1813618463,53
1813618461,53
1813618465,53
7553479208,53
5041784489,53
7553479212,53
1596655149,53
1596655148,53
1596655155,53
1813618484,53
5041784501,53
1813618358,53
25473207,53
1596655157,53
5041784633,53
5041784634,53
1813618228,53
1813618229,53
1813618365,53
1813618493,53
1596655161,53
1326821569,53
8868824899,53
8868824900,53
8868824901,53
2755124807,53
256766536,53
256766537,53
1813618376,53
8868824911,53
8868824912,53
256766545,53
2755124815,53
1366095187,53
8868824913,53
1366095189,53
8868824914,53
1813618393,53
10004388708,53
10004388710,53
25497978,53
632447859,53
25497979,53
25497845,53
1813618424,53
1813618426,53
372050299,53
1813618429,53
1813618431,53
435104736,54
435104738,54
435104732,54
10607132,54
435104735,54
5470932256,55
5468301555,55
5470932252,55
10607629,55
1721713699,56
672061444,56
2902624645,56
2406484455,56
1312188714,56
1721713677,56
672061646,56
1717643505,56
1717643512,56
10677374,56
10677376,57
2642857203,57
5473274959,57
10677377,58
1401416203,58
25248118,58
1360122880,59
4462680068,59
7840712839,59
1832248457,59
1832248458,59
5642519054,59
4462680078,59
5374174224,59
5642519055,59
5642519056,59
5642519060,59
595709975,59
5642519066,59
14672924,59
5642519068,59
5642519069,59
5573994014,59
5573994016,59
5573994020,59
1832129958,59
1832129960,59
5374174120,59
1832129962,59
7203717550,59
5839165751,59
1360122937,59
25151180,59
4512763345,59
4512763347,59
5839155672,59
1360122841,59
5460658138,59
1360122860,59
5573931376,59
5573931377,59
1360122866,59
5573931380,59
5573931381,59
5573931384,59
529722111,59
21307200,60
18393873,60
18395288,61
1717643537,61
25161370,61
1717643530,61
8869472263,62
20460684,62
10577984012,62
3320754320,62
3320754322,62
1723315608,62
3247825561,62
3247825562,62
25498015,62
5938625442,62
3247824558,62
250550447,62
7636278193,62
7636278195,62
7636278196,62
7636278198,62
7636278199,62
7636278200,62
8898783674,62
18398282,62
4807521484,62
1309067471,62
3741131600,62
3741131606,62
7636244314,62
5006781409,62
149451622,62
632438506,62
1169109485,62
8869472239,62
8869472242,62
20458277,63
250549587,63
4618510643,63
1312188692,63
4618510644,63
2990651904,64
2990651905,64
5067002882,64
2990651906,64
2990651908,64
2990651909,64
2990651910,64
2990651911,64
2990651912,64
2990651907,64
2990651914,64
2990651918,64
1758552592,64
2990651920,64
973128722,64
2990651921,64
1758552597,64
5040168489,64
5040168491,64
5040168496,64
2990716984,64
2990716985,64
2990716986,64
256766532,64
256766533,64
2990717001,64
1150003289,64
1759454305,64
5041784423,64
1758552682,64
6978555518,64
5609643647,64
1150003329,64
6978555522,64
2987752071,64
20460680,64
1684710025,64
2990780039,64
2987752074,64
2987752075,64
2987752073,64
5609643658,64
5269670540,64
1759454351,64
5733998227,64
5733998228,64
28800660,64
28800663,64
819132568,64
1684710044,64
1759454378,64
2990664881,64
1758554291,64
244128951,64
748941508,64
1759454429,64
6978557152,64
748941573,64
748941577,64
8975833905,64
6978563378,64
8975833911,64
1150003532,64
1684781421,64
3739049327,64
1150003571,64
1684781436,64
25497981,64
25497985,64
2990806410,64
2990806411,64
3739049356,64
2990806415,64
968499092,64
3739049365,64
3739049366,64
1684781470,64
316763559,64
6816821193,64
1758552522,64
1150003147,64
1758552524,64
1758552521,64
1759454163,64
1758552541,64
1758552547,64
1758552555,64
5067002862,64
1758552559,64
5067002867,64
435104715,65
435104717,65
5238528591,65
25497872,65
20460687,65
1813618288,65
5242049139,65
5238523291,65
6506796188,65
5060405441,66
2480657186,66
5060405443,66
5060405444,66
5060405445,66
5060405446,66
20460691,66
20625793,67
2528484782,67
5905807279,67
5905807278,67
10544409928,67
10544409929,67
10544409930,67
25474005,67
10544409948,67
10544409950,67
25474015,67
10544409954,67
25474019,67
10544409957,67
10544409958,67
10544409959,67
10544409960,67
10544409961,67
10544409963,67
10544409964,67
10544409966,67
10544409967,67
5976760444,67
5976760446,67
3616299208,68
20626282,68
8675201272,68
4777897926,68
25067398,69
4085778920,69
7824747306,69
20626301,69
1536948431,69
6446301329,69
4085778930,69
5146186589,69
5146186590,69
5146186591,69
20626304,70
2941549929,70
2941549928,70
3519324894,70
5124166978,71
20626307,71
7572833352,72
7572833353,72
20626314,72
20965801,73
2398924898,73
5177397824,74
8755805313,74
3328228994,74
4367041960,74
25524297,74
4367041962,74
21392267,74
21392276,75
2343269909,75
4156336278,75
6606135977,76
6606135979,76
6606135983,76
21392279,76
6218501761,77
21523714,77
3145798533,77
4726152844,77
3215685153,77
5641663538,77
5342236723,77
5342236724,77
5641663539,77
4430996023,77
5342236728,77
5342229818,77
5342236733,77
5342236734,77
5342236743,77
5342236744,77
10599654857,77
6465896907,77
6465896909,77
471488469,77
4688513242,77
6218501723,77
6218501724,77
6218501725,77
4688513244,77
4688513245,77
6218501730,77
6218501736,77
6218501737,77
1678283242,77
1678283247,77
4552504560,77
6218501745,77
6218501746,77
4552504562,77
2203268985,77
6218501758,77
6218501759,77
251892353,78
21523718,78
252729234,78
4726152859,78
4726152860,78
1014649631,78
2934288512,79
10596794785,79
27459970,79
5165786242,79
5009060057,79
5165786245,79
21523719,79
4138224462,79
4138224463,79
5335233113,79
2934288510,79
21563489,80
470727722,80
1707790096,80
4822267094,80
21563479,80
21563481,80
1707790074,80
4462680070,81
21563788,81
6978443788,81
4462680076,81
4208239642,81
21686572,81
21686574,81
3972566705,81
3972566714,81
4462683090,81
5839163740,81
5788363874,81
5788363878,81
5907366887,81
5788363880,81
9203541611,81
9203541612,81
9236477422,81
6828921212,81
21583366,82
4017328647,82
2586616722,82
8785567909,82
6863550501,82
1419565097,82
7223668012,82
4691514032,82
4691514035,82
33141178,82
1148276284,82
5006063176,82
5006063180,82
25378129,82
7223704403,82
7223704404,82
21578454,82
25498458,82
8785568222,82
8785568223,82
4691460850,82
4691460851,82
4378043649,83
21685483,83
4378043661,83
4378043662,83
1837610895,83
1837610896,83
4378043667,83
1163955034,83
269547420,83
4076095841,84
4378043682,84
4370333637,84
1360122917,84
21685484,84
21685485,84
4076095791,84
1609966643,84
4076095797,84
25500246,84
4076095834,84
1609966653,84
1832129794,85
1832129785,85
25496847,85
1832129776,85
1832129778,85
4077495826,85
21685497,85
1684437690,85
1684437692,85
1832129789,85
21693787,86
25500239,86
4556931604,87
21990622,87
475396929,88
21990627,88
475396924,88
5565443389,89
21990629,89
5565443390,90
250327618,90
21990630,90
250327591,90
1718566880,91
1718566886,91
21990631,91
21990632,91
8869464392,91
5042033643,91
8869464378,91
6116290274,92
24659947,92
6948380395,92
6948380400,92
6948380401,92
24949780,92
9693920800,93
9693920796,93
9693920797,93
24660863,93
5094718794,94
5094718798,94
24949783,94
5046314043,95
25632860,95
24951854,95
10544113920,96
10544113922,96
24952195,96
10544113923,96
3887940999,96
2528522518,96
6867581464,96
6867581465,96
2528522524,96
694824861,96
2528483741,96
2528522528,96
2528522530,96
6985465124,96
6985465127,96
6985465130,96
6985465133,96
2528522542,96
2528484781,96
2528522547,96
2528522549,96
6886012733,96
2038033986,96
1556324684,96
3385387604,96
3385387606,96
3385387607,96
3385356250,96
4117882857,96
25532273,96
1689387896,96
1689387903,96
5087519104,97
25066338,97
25161347,97
5087519106,97
25066412,97
5090420611,98
25161348,98
5090420613,98
5090420614,98
5090420940,98
5090420941,98
25066419,98
8807429660,98
1718390753,99
1717650794,99
25066451,99
25066453,99
25161369,99
25066666,100
25066687,100
25067264,101
25067265,101
25067298,101
25067266,102
1852996996,102
4085778922,102
4866552622,102
4866552623,102
6509584414,102
2566132610,103
2566132611,103
25067397,103
5146186503,103
5146186504,103
5146186505,103
950703626,103
5146186507,103
25161356,103
25505685,103
25161373,103
7824747295,103
7824747302,103
25067305,103
6967585840,103
6967585841,103
6967585842,103
6967585843,103
1827389620,103
6967585845,103
1782727992,103
6446304190,103
5201625535,103
5201625537,103
5201625539,103
5201625541,103
25505606,103
700774224,103
25505634,103
5146186468,103
5146186470,103
4085778919,103
4085778927,103
4085778933,103
5146186489,103
2642857197,104
25068755,104
25248117,104
2642857199,104
25161371,105
28800667,105
10306429312,106
10306429318,106
2278320167,106
10306423498,106
4166634955,106
10306423499,106
1556260011,106
4166634961,106
4166634962,106
5340811825,106
6446292564,106
25265077,106
3887941013,106
25265080,106
2278320154,106
4085783099,106
2059790748,106
25471090,107
2036181339,107
1309180610,108
1309180612,108
1723389067,108
7792756412,108
7792756414,108
25471135,108
1309180608,109
7447637305,109
25471289,109
3691462888,109
25471274,109
2755124947,109
2755124949,109
25632854,109
7447565847,109
7447565849,109
7447637306,109
25471263,109
2036185421,110
25472215,110
2294047355,111
25472324,111
7271474843,111
321255907,111
4675821921,112
4675821924,112
4675821925,112
4675821931,112
4675821932,112
762080111,112
4675821944,112
25472379,112
4675822093,113
4675822094,113
4675822095,113
4675821968,113
4675822097,113
761831057,113
4675822099,113
4675822100,113
270110481,113
1617647900,113
1617647901,113
25472428,113
1617647931,113
1617647934,113
4665352260,113
4665352261,113
4665352262,113
761830981,113
4665352264,113
761830987,113
9566848716,113
761830989,113
26374230,113
26374231,113
761831000,113
761831004,113
761831007,113
761831019,113
761831023,113
6483733489,113
6483733493,113
25472890,113
761831037,113
25472545,114
4665353643,114
4665353644,114
1617596591,114
25473048,114
25472800,115
2940401398,115
1954751920,115
4948630427,116
4948630428,116
25472885,116
1684781486,116
4665353660,117
25473004,117
4665353662,117
1311962080,118
25473200,118
25473199,118
1813618304,119
1759454211,119
5060388105,119
5060388107,119
1759454222,119
5060388110,119
1150003472,119
5060388115,119
1759454104,119
1311962012,119
1401893666,119
3739049382,119
3739049383,119
1401893675,119
25473202,119
25473204,119
25473205,119
875789647,119
1150003197,119
5904615699,120
3999987604,120
5904615708,120
2528483742,120
5574049698,120
5574049700,120
5574049702,120
5574049703,120
4085387943,120
4085387945,120
5574049707,120
5574049709,120
5574049717,120
5574049718,120
5574049719,120
4085600696,120
4229228089,120
4085600698,120
9683633717,120
9683633718,120
6779394887,120
585148380,120
9683400934,120
9683400938,120
713363180,120
4136124526,120
4166219502,120
8031801454,120
5574051321,120
25473279,120
9135848928,121
25473281,121
9135845216,121
8497605091,121
4777885221,121
4773889323,121
5904615691,121
5904615694,121
3733791671,121
25475417,121
585130362,121
1547392771,122
1547013574,122
9694091976,122
9694091978,122
25475053,122
9694091983,122
9694091984,122
1547013588,122
1547013592,122
1547392927,122
25475072,123
8064065323,123
8064065324,123
1547657099,123
25496910,123
1547657104,123
585180151,123
6332695639,123
277337783,123
4529839800,123
7236131862,123
6332695642,123
25475328,124
680069473,124
9700060290,124
9700060291,124
9700060292,124
1155552322,124
1155552319,124
1990912136,124
1951242857,124
3385332654,124
9683686963,124
1990912115,124
4832472797,124
1137777343,124
1233350889,125
283061836,125
1233350862,125
675734610,125
1402070363,125
675734613,125
25475419,125
1402070364,125
1402070365,125
675734622,125
9690878337,126
1312471202,126
1312471234,126
1796137508,126
9690974277,126
6266867111,126
25475561,126
6266867114,126
6266867113,126
25475661,126
9699961628,126
25475550,126
6696695781,127
10579930791,127
10579930792,127
8783914189,127
8783914190,127
8604055550,127
8604055549,127
25475678,127
25475688,128
25475690,128
9820538027,128
25475691,128
25499095,128
25475752,129
25475754,129
1493229962,129
6239229423,129
28728208,130
25477106,130
1668135492,130
28728205,130
8632535522,131
1312188614,131
306439304,131
2545230474,131
8632535532,131
306439310,131
8632535535,131
25477149,131
25477150,131
3741078112,132
25477154,132
1312319838,132
306439338,132
306439329,133
25477156,133
25477197,134
2402557839,134
28419328,135
3528738438,135
3528738439,135
3528738440,135
9080098310,135
9080098315,135
5257738380,135
5257738381,135
5257738382,135
5257738383,135
5257738384,135
5257738385,135
5257738386,135
5257738387,135
5257738388,135
2934411667,135
3528710291,135
9030037139,135
1014803736,135
6995618979,135
2935392676,135
3528711722,135
27459116,135
9080098316,135
27459120,135
5160943793,135
5160943794,135
5160943795,135
5160943796,135
5160943797,135
5160943798,135
5174828980,135
5160943799,135
5160943800,135
8042031930,135
5160943803,135
1039322041,135
3682538298,135
5160943806,135
5160943807,135
5160943808,135
5160943804,135
28418497,135
4144358216,135
4144358217,135
302013776,135
3073173585,135
5174825175,135
5174825176,135
5174825178,135
5174825180,135
251757533,135
5174825181,135
5174825183,135
27459165,135
2914561272,135
2914561274,135
25477371,135
249679102,135
819157946,136
25477858,136
3661703766,136
819157975,136
1832052008,137
25495542,137
1832129783,137
25495617,138
25495618,138
350437608,138
5976672308,138
1816038230,138
25495769,138
10543800252,138
8645592520,139
8645592521,139
25495858,139
25495639,139
25495640,139
25495648,140
5014591895,140
25495646,140
1953202903,140
25495819,141
6354294763,141
25495820,141
1832052016,141
1834657466,141
6354294779,141
1834657469,141
350628799,141
25496100,142
25496617,142
350377994,142
4275394254,142
25495822,142
269550684,142
25495857,142
269550896,142
759123955,142
350437528,142
4689775161,142
269550331,142
269550332,142
25495838,142
4275398720,143
4275398721,143
4275398723,143
25495852,143
4275398714,143
4275398716,143
7279228683,144
25496773,144
1985084135,145
1985084137,145
25496781,145
25496783,145
25496787,145
25496788,145
8972441125,146
8972441126,146
438170475,146
8972441579,146
5265830862,146
25496815,146
25496785,146
8972511962,146
1958800795,146
25496800,147
1816038214,147
323260106,147
5014591889,147
1816038199,147
25496825,148
5060391418,148
321255925,148
5060391821,148
25496850,149
25496851,149
4730978983,149
9690974273,150
9690974274,150
4920098344,150
4920098349,150
25496920,150
25497603,151
1547657140,151
2480657188,152
25632678,152
2480657190,152
1954751914,152
25497968,152
25497970,152
2135411292,152
2135411293,152
5711517570,153
5711517571,153
4703559689,153
25497997,153
5479654172,153
1723388957,153
5479654175,153
1723388960,153
5479654177,153
2331184930,153
2331184932,153
25498021,153
2331184935,153
1723388970,153
1723388974,153
1723388976,153
1723388979,153
1723388981,153
1723388986,153
1723388988,153
5006916678,153
446765895,153
446765900,153
5479655630,153
5479655634,153
4703542485,153
4703542486,153
390073175,153
6525670236,153
6525670237,153
2135411294,153
2135389151,153
2135411296,153
2135411297,153
6525670242,153
5479655662,153
6374802559,153
25498016,154
6569580040,154
25498018,155
3725817386,155
6374802579,155
6374802582,155
6374802583,155
7792756672,156
7792756674,156
7792756676,156
7792756680,156
7792756713,156
25498026,156
5711517569,157
5711517565,157
25499655,157
25505679,158
9988193967,158
25505607,158
6606135968,159
25509513,159
9197589233,159
9197589238,159
316763584,160
25632865,160
316763586,160
25632864,160
5046627553,160
316763600,160
1215563891,160
5046627642,160
25632859,160
5046627645,160
25632862,160
1141487746,161
1150003224,161
1150003238,161
1150003247,161
8784212017,161
5060405427,161
8784177716,161
5060405429,161
5060405430,161
5060405434,161
1150003264,161
1150003155,161
1141487712,161
1150003170,161
5067002851,161
25632870,161
5067002855,161
1150003563,161
1141487723,161
1150003195,161
10196915587,162
10196915588,162
10196915589,162
32921737,162
32921738,162
10196915593,162
270109325,162
270109326,162
270109327,162
751837591,162
270112539,162
270112540,162
751837736,162
1401849779,162
270109370,162
270110142,162
1419544126,162
2134066506,162
1419544142,162
26374232,162
270110053,162
270110054,162
321255911,162
321255910,162
4781199338,162
751837551,162
429346241,163
4534184514,163
4534184515,163
429346238,163
4223357836,163
27460210,163
429346236,163
27459198,163
4430996033,164
27459971,164
3906588452,164
3247933381,164
2934288518,164
3906588454,164
6288147785,164
6288147786,164
4195103055,164
27459729,164
2934288530,164
6218501757,164
27460198,165
843376594,165
2870261844,165
27459830,165
6995618971,165
3906588446,165
27460226,166
3930921860,166
4223357841,166
4155841810,166
4155841811,166
4155841816,166
4155841818,166
3932064154,166
4155841820,166
3932064156,166
3906588448,166
251892523,166
28418859,166
4430996024,166
4430996027,166
4430996028,166
3932064957,166
4430996029,166
32838084,166
3708234955,166
3708234956,166
3708234957,166
843376591,166
4089885906,166
843376610,166
3632581622,166
1233350848,167
1233350847,167
7644741346,167
7644741345,167
7644741348,167
6110164647,167
377490664,167
5904585328,167
1312932849,167
3987750677,167
27460439,167
10013517434,167
7644741343,167
302013672,168
302013674,168
3081980920,168
3081980922,168
27480956,168
27480958,168
27480957,169
347542742,169
347542743,169
27480960,170
9678821156,170
28193265,171
3170676207,171
249679365,172
3168378376,172
249679407,172
7817166393,172
249679418,172
249679420,172
7817166397,172
1042862659,172
5924603460,172
7817166407,172
7899973206,172
28418138,172
28418141,172
28418144,172
8500636794,172
1042862718,172
4344245890,172
4344245892,172
4344245893,172
4344245894,172
27460250,172
7817162919,172
472493763,172
4089885900,172
302013659,172
3892081373,172
302013662,172
3892081377,172
3892081378,172
9080123621,172
3892081382,172
1014803686,172
6969936104,172
6969936102,172
6969936106,172
1014803691,172
6969936108,172
3892081384,172
6969936110,172
6969936109,172
302013682,172
302013683,172
6969936114,172
302013685,172
6969936117,172
6969936115,172
1014803704,172
302013688,172
6969936116,172
3894948091,172
3894948093,172
3894948098,172
3894948099,172
3894948100,172
670103313,172
670103314,172
3068267824,172
3068267825,172
2140124982,172
2140124983,172
5768339777,172
2140124996,172
4949004105,172
4949004106,172
302013777,172
4948602211,172
3014236566,172
3014236567,172
3014236569,172
3014236570,172
3068270504,172
3068270516,172
249558964,172
3068270518,172
3186593720,172
3186593722,172
249559005,172
249679168,173
5924603458,173
28418580,173
5106520280,174
429346251,174
3632577084,174
28418909,174
3984132032,175
4116809027,175
3984132036,175
3984132037,175
302013708,175
4422013486,175
249679343,175
4089885902,175
28418929,175
1238259337,176
4530011788,176
4530012690,176
4530012691,176
1731235606,176
4530012695,176
4530012696,176
1150003480,176
3197339673,176
3197339674,176
3197339676,176
4530012705,176
4530012706,176
4530012707,176
1731235492,176
4530012711,176
288193455,176
4729385030,176
4729385031,176
1150003547,176
1731225566,176
1150003423,176
5565486432,176
5565486434,176
28728187,176
5565487612,176
1401908258,177
250550183,177
28800661,177
28800662,177
250550174,177
8869464371,178
28800668,178
250550053,179
8869464390,179
5041945479,179
250550024,179
250550023,179
5041945480,179
873809385,179
8869464398,179
8869464407,179
1343823416,179
1343823418,179
28800670,179
3375451561,180
30056255,180
707377287,181
30056330,181
4920098350,181
4619022513,181
4619022514,181
1550763708,181
3830043581,181
6218468163,181
6218468164,181
1547013699,181
1547013704,181
9704122317,181
1550763732,181
3830029915,181
1547392865,181
5580861156,181
1547013604,181
6600283121,181
1547013754,181
32825440,182
843376569,182
843376643,182
4155841827,182
32825442,183
843376588,183
32921724,184
761830999,184
761830991,184
32921728,185
32921729,185
32921731,185
4697525030,185
4697525032,185
1401849768,185
26374229,185
32921748,186
32921743,186
149431715,187
2168949324,187
2168949325,187
3741131607,187
3741131608,187
149451620,188
1493662967,188
354886099,189
213668839,189
1685276643,190
250549700,190
250549699,190
255700677,190
213672005,190
8868010217,190
213668842,190
2642612586,190
213668844,190
8868010221,190
2642612585,190
213670986,190
2642878644,190
250327576,190
8868010202,190
250327547,190
8868010204,190
7815533545,191
7815533546,191
249558966,191
1736734053,192
1238249900,192
1238249901,192
1238249904,192
7900221108,192
249560091,192
7900221087,192
250326914,193
18469132,193
1401416208,193
8868010160,193
8868010162,193
250327159,193
354886082,194
250549670,194
1310663631,194
3114645200,194
3114645201,194
250327037,194
250550400,195
973101839,195
3550836102,196
1039290567,196
3550836104,196
5242815659,196
251757452,196
251757615,196
251757458,196
1039322102,196
1563638022,197
690295047,197
283062189,197
673420216,197
1233353464,197
1233353467,197
302013666,198
302013668,198
6431923714,199
6431923715,199
5471345385,199
308837357,199
9804471701,199
9804471702,199
25496854,199
9846850972,199
9846850973,199
9846850974,199
316763595,200
316763589,200
316763590,200
1832129838,201
338474279,201
4275394255,202
350377999,202
1707790105,202
6828921210,202
6828921211,202
1686463489,203
1686463523,203
3739049325,203
1686463503,203
1686463471,203
1686463505,203
1686463476,203
1686463510,203
390073208,203
7882485394,204
10308697502,204
469785734,204
471488499,205
1493722803,205
1547013711,205
2137096880,206
473257581,206
473259748,207
8814668133,207
8814668137,207
8814668138,207
2197518969,207
473262660,208
473262822,208
1561411396,209
585201189,209
697044225,210
707377382,210
1609966639,211
7946378609,211
4370333651,211
4370333652,211
4370333653,211
748799641,211
4370333657,211
748941552,212
748941556,212
748941560,212
751837654,213
751837622,213
796809545,214
8497605078,214
6446218920,215
811035012,215
6446229925,215
835390893,216
835390894,216
835390887,216
1141415202,217
1150003340,217
1757440607,217
1150003503,217
1150003141,218
5609643622,218
1150003479,218
5609643652,219
5609643653,219
5609643656,219
1150003213,219
5609643662,219
5609643672,219
1684835097,219
5609643673,219
5609643674,219
5609643675,219
5609643676,219
5609643682,219
5609643685,219
5609643686,219
5609643687,219
6816821186,219
1684835019,219
1684835152,219
1684835156,219
6014333809,219
1684835062,219
1150003400,220
1731225575,220
1726730080,221
1835355973,221
1835356006,221
1726730120,221
1835355944,221
1163954922,221
1726730123,221
1835356013,221
1835355953,221
1726730167,221
1835355961,221
1726730043,221
1163955119,222
1401870341,222
1163955037,222
5353114285,222
1233353642,223
1233353631,223
1987381555,224
1237876710,224
1237876703,224
1255491496,225
1255369133,225
4511972303,225
1255491504,225
4511972304,225
1255491506,225
1255487160,226
1255487172,226
1255487166,226
1722268388,227
3093897990,227
4749090120,227
2387232554,227
2387232559,227
1722268367,227
5565455858,227
1280491924,227
1280491926,227
1722268381,227
3741117630,227
2402557599,227
1939632514,228
2923703875,228
1939632519,228
1312335310,228
3870640530,228
5238500306,228
5238500308,228
5238500312,228
5238500313,228
1326821568,229
3830441923,229
1731225580,230
3794876751,230
3197339664,230
3197339666,230
3197339667,230
3197339668,230
1327865950,230
1547013589,231
8807410151,231
1547013705,232
8807410149,232
1556097098,233
1951372909,233
10306429333,233
1556097245,233
1951372927,233
1556097120,234
5905897286,234
1556097111,234
1556097177,235
5905896973,235
1556097166,235
1556097306,236
1556097431,236
4169714272,237
7911282826,237
10306429323,237
1556097387,237
6446229933,237
1556097326,237
10306429327,237
8675201264,237
10306429328,237
3887941007,237
4169714270,237
4169714271,237
1587318992,238
1587318999,238
1817617689,239
1596648669,239
1596648671,239
1617532088,240
4697287185,240
4696544876,240
4663312759,240
1617596593,241
3328228993,241
1617532092,241
1617596606,241
6866592992,242
6866516262,242
2453947051,242
1637578547,242
1637578516,242
6866516278,242
1637578522,242
1637578551,243
1637578535,243
1668135493,244
3197339661,244
3197339662,244
3170676206,244
5565475799,244
1668135486,244
10539068544,245
6509684096,245
10539589696,245
3267461729,245
10539589701,245
1828402758,245
4085767974,245
10539589704,245
2665239978,245
10539589707,245
1678452780,245
10539589706,245
4085767983,245
10539648210,245
2620105428,245
4085767989,245
1685281036,246
1685281022,246
1707790024,247
1707790026,247
4650375494,248
1707790055,248
1707790057,248
4650375504,248
4650375505,248
1707790067,248
4650375508,248
4658088539,248
1955520890,248
3972566715,248
6978459068,249
5177352922,249
1707790099,249
5177352932,249
1731235480,250
1728472241,250
1731235489,250
1810130458,251
4077495964,251
1816038215,252
1832665997,252
1832666001,252
7279239795,252
1816038195,252
1816777816,253
3107212073,253
1816609486,253
4158000323,254
1816959492,254
4142725558,254
1817617691,255
1817617692,255
1832129809,256
4462680082,256
1832129796,256
1832228100,257
1832228080,257
1832228112,257
1832228144,257
1832228083,257
1832228115,257
1832228120,257
1832228159,257
1882379248,258
10090013713,258
10090013714,258
2306288080,258
4823243100,258
3247578846,258
3987750688,259
5269678593,259
1951190474,259
1968744210,260
3992885062,260
4697288399,260
1990694620,261
1990694647,261
2502545024,262
9619940387,262
1990912102,262
1990912134,262
4117896490,262
2502545041,262
9683400946,262
9678366518,262
9678523000,262
8031800090,262
5574051323,262
8031800092,262
8031800094,262
2141364708,263
2141364732,263
3265436260,264
4175081594,264
4696545402,264
2341656968,264
4085747017,264
4697287178,264
4697287177,264
3911044734,264
4697288390,264
4696568110,264
4174200048,264
3265436691,264
4696544885,264
367102039,264
4696545399,264
4175081593,264
4166662874,264
4166662878,264
2453947049,265
4211515634,265
2576893629,265
2496836291,266
2496836303,266
3247589712,267
6569580044,267
6569580045,267
2531863975,267
2531863977,268
2531863978,268
6995618977,269
2872704413,269
2872704414,269
2935373301,270
3809870263,270
3739049344,271
2990721387,271
5992797788,271
2990721390,272
2990721391,272
3739049346,273
2990732269,273
3073173576,274
9080098298,274
9080098299,274
6116290280,275
5473274252,275
5473274253,275
5473274254,275
5473274256,275
5473274257,275
5473274259,275
5473274260,275
3139655930,275
3139655933,275
5473273470,275
3158794148,276
5473272900,276
5473272902,276
3158794151,276
5473272904,276
5473273067,276
5473273068,276
4534858543,276
5473272882,276
5473272983,276
5473272984,276
5473272667,276
5473272700,276
3272782432,277
1547013738,277
3272782431,277
3578315456,278
3586606037,278
3987750692,279
5977954180,279
9673189926,279
6110164649,279
7900888467,279
3850146457,279
6446292562,280
3887941012,280
4089885905,281
6294214898,281
6294214897,281
4369519260,282
4369519219,282
4369519227,282
4369519206,282
7636278201,283
4401149234,283
7636278191,283
4554237017,284
5009054889,284
5009054892,284
4696545403,285
4697287188,285
4781199345,286
4781199346,286
4781199348,286
4781199350,286
4781199352,286
4781199354,286
4781199355,286
6374802572,287
5006965588,287
5006965589,287
5046314074,288
5046314077,288
5060405461,289
1954751918,289
5095547184,290
5095547180,290
5095547181,290
5095547182,290
5468301601,291
10607626,291
5468301602,291
5473273795,292
5473273796,292
5473273798,292
5473273803,292
5473273805,292
5473273616,292
5473273791,292
5473273788,293
5473273789,293
5473273790,293
5475684676,294
5475684680,294
5475684684,294
5475684621,294
5475675316,294
5733997920,295
5733997919,295
5927671120,296
5927671121,296
6272993491,297
6239229422,297
7075087299,297
6525701529,298
4142725557,298
6525701539,299
6525701540,299
6525701530,299
6525701533,299
6525701535,299
6606148797,300
6606148798,300
6855696495,301
6855696496,301
6855696497,301
6855696502,301
6855696503,301
6855696504,301
6855696506,301
6918421504,302
6918421508,302
6918421509,302
6918421511,302
6918421512,302
6918421513,302
7553887392,303
8869435273,303
8869435267,303
8869435272,303
7792756538,304
7792756539,304
7792756540,304
8357847937,305
8357847938,305
8357847939,305
8357847927,305
8357847928,305
8357847929,305
8357847930,305
8357847931,305
8357847932,305
8357847933,305
8357847934,305
8515091587,306
8515091588,306
8515091590,306
8620105277,307
8620105279,307
25532494,308
8807410150,308
8814668136,309
8814668131,309
8814668135,309
8869435257,310
8869435266,310
9524817681,311
9524817682,311
10241310755,312
25509526,312
10306423508,313
10306429309,313
10306429310,313
10306429319,313
10539068564,314
10539068565,314
2665239972,315
10539068590,315
