node_id,cluster_id
7946372941,0
104318,0
7946378610,1
104319,1
107585,2
6218501751,2
107626,3
1312454055,3
10311178960,4
107643,4
7613626070,5
107686,5
1163955130,6
107687,6
108389,7
1832248430,7
1536948578,8
109412,8
109414,9
9030029183,9
9514602152,10
109785,10
9514602151,10
4197401811,11
4696545406,11
237911,11
10572785,12
25496748,12
4922952363,13
18468951,13
250549587,14
1312188692,14
20458277,14
20626317,15
3796774902,15
20965801,16
2398924898,16
3328228994,17
21392267,17
21523718,18
1014649631,18
21578454,19
8785568223,19
1419565097,20
21583366,20
4017328647,20
3515286913,21
21990614,21
5565443390,22
21990630,22
8869464378,23
21990631,23
9693920796,24
9693920797,24
24660863,24
25248129,25
24950061,25
25067266,26
6509584414,26
5104314096,27
25067670,27
1569312412,28
25067871,28
5141216745,29
25067883,29
5141216790,29
25067936,30
5141216782,30
25248113,31
2538458899,31
2036185421,32
25472215,32
4675821944,33
25472379,33
762080111,33
4675821968,34
25472428,34
6483733493,34
25473204,35
25473205,35
762080145,36
25475330,36
762080190,36
9135845216,37
25475417,37
25475561,38
25475550,38
9690915267,39
25475663,39
25475674,40
9576827482,40
9820538022,40
25477371,41
5257738387,41
25477858,42
3661703766,42
1832052008,43
25495542,43
350437528,44
4275394254,44
25495822,44
25496777,45
8972511964,45
25496785,46
8972441125,46
8972441579,47
25496815,47
25497340,48
1938953437,48
25497985,49
5733998227,49
5733998228,49
1685281017,50
25498010,50
25498016,51
6569580040,51
9820538027,52
25499095,52
25500427,53
20965799,53
25504753,54
7827997819,54
4627491645,54
25532384,55
5238587994,55
5340811720,56
5340811717,56
25544110,56
27459729,57
3247933381,57
27460226,58
3708234956,58
1014803704,59
28418138,59
3892081373,59
3892081378,59
28418144,60
4344245893,60
4223357841,61
28418859,61
28418929,62
302013708,62
8869464371,63
28800668,63
32921737,64
270110054,64
8868010217,65
213668842,65
2140124996,66
249679365,66
249679418,67
4948602211,67
250327547,68
255700677,68
250327660,69
338319877,69
251757452,70
3550836102,70
256766545,71
5041784489,71
4344245890,72
302013685,72
302013688,73
3892081377,73
3892081382,73
8632535532,74
306439310,74
1832228016,75
343669798,75
4275394255,76
350377999,76
4298970380,77
4298970384,77
4298970388,77
355416920,77
4298971293,77
2538458904,78
357999964,78
372050299,79
7553479212,79
470727722,80
4822267094,80
471488469,81
3145798533,81
472493763,82
9080123621,82
675734610,83
1233350862,83
4715263992,84
722208263,84
819132568,85
748941508,85
775984737,86
775984738,86
796809545,87
8497605078,87
4749094026,88
806373565,88
5146186489,89
950703626,89
956233216,90
956233215,90
3894948091,91
3894948093,91
1014803686,91
1685281260,92
1141415215,92
1145174417,93
1816705135,93
5609643652,94
5609643653,94
5609643656,94
1150003213,94
5609643662,94
1309067472,95
1150003270,95
1150003385,96
9030284977,96
1150003480,97
5565487612,97
1238249904,98
1736734053,98
3808626947,99
1255320339,99
1255369111,99
3808626945,100
1255369125,100
1255320367,100
3808626941,100
1271712957,100
3808626913,101
1255369135,101
1255369148,102
3808626935,102
1255487160,103
1255487172,103
1255487166,103
1255487162,104
1271804564,104
1255487176,105
4382350190,105
1255491496,106
1255491504,106
1271712931,107
3808626884,107
3808626878,107
1309180608,108
7447565849,108
1343823418,109
250550023,109
8868824912,110
1366095189,110
1402070363,111
1402070364,111
4402629177,112
1547013655,112
1547013699,113
1550763732,113
5905897286,114
1556097111,114
1556097245,115
10306429333,115
1813618376,116
1596655149,116
5503142970,117
1599652492,117
1599652497,118
5503142969,118
1617532088,119
4697287185,119
4696544876,119
1649365800,120
1649365810,120
1649365820,120
1649365816,120
10311362236,121
1655418222,121
1664571164,122
1664571229,122
1678283242,123
5342236733,123
5067002882,124
1684710044,124
1684781436,125
1684781421,125
1684835152,126
1684835156,126
1835355922,127
1707790044,127
1707790057,128
1707790055,128
7911231384,129
1722621718,129
1835355944,130
1726730043,130
1759454211,131
1759454222,131
1761598585,132
6866779810,132
5041784633,133
1813618358,133
8868824901,134
1813618365,134
1813794712,135
10539068598,135
1816609498,136
1816777820,136
1816705227,137
1816705235,137
1816705250,138
1816705246,138
1816777873,139
1816777874,139
1832227873,140
1832227972,140
1832129807,140
1832129960,141
1832129962,141
6354294763,142
1834657469,142
4830306810,143
1938819317,143
2923703875,144
1939632519,144
5269678593,145
1951190474,145
8785568224,146
8785567914,146
8972441580,146
1985084095,146
3808626882,147
3808626886,147
3808626859,147
3808626860,147
3808626865,147
2129578132,147
3808626868,147
3808626869,147
3808626872,147
3808625853,147
3808625855,147
3808625843,148
2129578142,148
2135411296,149
4703542485,149
8807429659,150
2218362849,150
5473274891,150
4034060017,151
2265065203,151
4703559689,152
2331184930,152
2387232554,153
2402557599,153
2398924896,154
2398924886,154
2466442741,155
2466442743,155
2528522524,156
3887940999,156
2538458888,157
2538458898,157
5473274717,158
2538458893,158
2586616722,159
6863550501,159
2622212889,160
2622212885,160
2622212887,160
2622212897,161
2622212903,161
4861365369,161
4861365370,161
2622212895,161
2622212930,162
2622212933,162
2622212937,162
2622212939,162
2622212927,162
2622212941,163
2622212942,163
2642857203,164
5473274959,164
10539068544,165
2665239978,165
2934288530,166
2934288518,166
2990651904,167
2990651906,167
3068270516,168
3068270518,168
4749090120,169
3093897990,169
3139655930,170
5473274260,170
5473274253,170
5473272984,171
3158794148,171
3215687074,172
4807512540,172
4807512541,172
3247825561,173
3247825562,173
3741131606,173
4174200048,174
3265436691,174
3272782432,175
3272782431,175
3471375913,176
4086232870,176
3528738438,177
9080098310,177
4430996024,178
4155841820,178
3632581622,178
3656358067,179
6055863205,179
3664405913,180
8807441178,180
3906588448,181
3932064154,181
3708234955,181
3809744414,182
3733299982,182
3809744431,182
3809744434,182
3809744446,182
3805378112,183
3805378113,183
3805378124,184
3809870269,184
3808625778,185
3808625780,185
3808625782,185
3808625786,186
8042031957,186
8042031958,186
3808625809,187
3808625796,187
3808625791,187
3809870264,188
3808625804,188
3809744380,189
3808625837,189
3809744384,190
3808625854,190
3809744385,191
3808626871,191
3809744386,192
3808626887,192
3809744387,193
3809744389,193
3808626895,193
3808626896,193
3808626905,193
3808626912,194
3809744390,194
3809744392,195
3808626922,195
3809744395,196
3808626934,196
3808627061,197
3809744583,197
3809744584,198
3808627066,198
3809744381,199
3809744383,199
3809744416,200
3809744417,200
3809744419,200
3809744421,200
3809744423,200
3809744396,200
3809744398,200
3809744430,200
3809744400,200
3809744432,200
3809744433,200
3809744403,200
3809744404,200
3809744401,200
3809744406,200
3809744439,200
3809744443,200
3809744412,200
3809744409,201
3809744418,201
3809744436,202
3809744444,202
3809744451,203
3809744453,203
3809744565,204
3809744558,204
3809744571,205
3809744572,205
3809870272,206
3809870273,206
3809870277,206
3809870288,207
3809870281,207
3809870283,207
3809870287,207
6446229933,208
3887941007,208
3887941009,209
6446256190,209
3887941010,210
6446269173,210
6446292562,211
3887941012,211
3894948098,212
3894948099,212
3894948100,212
3972566705,213
6978443788,213
4085778922,214
4866552622,214
4866552625,215
4085778924,215
4085778931,216
5104314270,216
4085783106,217
6032044874,217
4085783107,218
7911267685,218
4089885905,219
6294214898,219
4166634961,220
6446292564,220
4169714272,221
7911282826,221
6288147786,222
4195103055,222
4197401800,223
8620105223,223
4297243218,224
4297243292,224
4297243306,225
4297243298,225
4297243301,225
4297243295,225
4298970368,226
4298970376,226
4298970364,226
4298970372,226
6866779809,227
4316306163,227
6866779804,228
4316306164,228
4317178392,229
4317211389,229
4369519219,230
4369519206,230
4378043649,231
4378043667,231
4378043661,231
4378043662,231
5460658138,232
4462680078,232
4511972301,233
4511972302,233
4511972304,234
4511972303,234
4530012690,235
4530012711,235
4530012696,236
4530012707,236
4571244660,237
5503142966,237
10309458701,238
4627445215,238
10541894097,239
10541894095,239
4627445239,239
4675822097,240
4675822100,240
8373690819,241
4689775126,241
4696545402,242
4697288390,242
367102039,242
4696545403,243
4697287188,243
4697525032,244
4697525030,244
7623861385,245
4715263991,245
4726152858,246
8515091591,246
4729480806,247
4729480807,247
4866475729,248
4866475734,248
4866651961,249
8807441177,249
6018098767,250
4867087535,250
9514602153,251
4922952364,251
4922952370,252
9514602150,252
8869464392,253
5042033643,253
5043864464,254
8869435281,254
5046627553,255
5046627645,255
5060405443,256
5060405445,256
5060405461,257
1954751918,257
5067002867,258
5041784423,258
5095547180,259
5095547181,259
5141216787,260
5141216742,260
5141625635,261
5141625655,261
5160943796,262
5160943797,262
5174825176,263
5174828980,263
5207476608,264
10310609894,264
5238587992,265
5227220846,265
5257738384,266
5257738385,266
5257738383,266
5265953457,267
5265953459,267
5880186830,268
5374174119,268
5468301555,269
5470932252,269
5473272665,270
5473272666,270
5473273067,271
5473272983,271
5473273072,272
5473273069,272
5473273070,272
5473273071,272
5473273379,273
5473273332,273
5473273364,273
5473273451,274
5473273613,274
5473273457,275
5473273490,275
5473273500,275
5473273604,276
5473273605,276
5473273606,276
5473273610,277
5473273611,277
5473273612,277
5473273615,277
5473274242,278
5473274540,278
5473274256,279
5473274252,279
5473274501,280
5473274502,280
5473274503,280
5473274507,281
5473274531,281
5473274508,282
5473274519,282
5473274724,283
5473274710,283
5564754892,284
5564410334,284
5573931380,285
5573931381,285
4462680068,286
5573994014,286
5574049707,287
5574049702,287
5574049703,287
5574051321,288
5574049718,288
5574049719,288
5609643664,289
5609643663,289
5609643686,290
5609643687,290
5642519066,291
5642519054,291
5839165751,291
5642519056,292
5642519055,292
5788363880,293
5839163740,293
10544409950,294
5905807278,294
5931509715,295
5931509718,295
5976850019,296
10310609885,296
6218468164,297
9704122317,297
6218501761,298
6218501725,298
6218501748,299
6218501740,299
6266867113,300
6266867114,300
9690974277,300
6279388824,301
6279388822,301
6446218920,302
6446229925,302
6866779802,303
6866779806,303
6969936115,304
6969936108,304
7179983946,305
7179983947,305
7223704403,306
7223704404,306
8785568222,306
7610670890,307
7610670892,307
7610670912,308
7610670913,308
7610670920,309
10572178,309
7610670919,309
7613626042,310
7613626044,310
7613626045,310
7644741345,311
1233350847,311
7815533545,312
7815533546,312
7947041713,313
9820537917,313
9678523000,314
4117896490,314
8031800094,314
8515091587,315
8515091590,315
8604055549,316
8604055550,316
8783914189,317
8783914190,317
8869435286,318
8869435287,318
9683400946,319
9678366518,319
9700060290,320
9700060291,320
9700060292,320
9820537932,321
9820537933,321
9820537981,322
9820537982,322
9846850972,323
9846850974,323
10196915588,324
10196915589,324
10306423508,325
10306429309,325
10310609881,326
10310609852,326
107644,327
10311178964,327
10311362272,328
10311362271,328
10539589691,329
10539589692,329
10539589696,330
10539589706,330
10543014346,331
10543014343,331
10543014362,332
10543014363,332
10543014371,333
10543014372,333
10543014367,333
10543014377,334
10543014373,334
10544409930,335
10544409966,335
10544409954,336
10544409948,336
10544409964,337
10544409959,337
10579930792,338
10579930791,338
