node_id,cluster_id
1596648673,0
1832129762,0
4076126468,0
7946372941,0
5516594509,0
1401849810,0
25509527,0
25509533,0
104318,0
2398924896,1
6369329155,1
20965798,1
20965799,1
20965800,1
25500427,1
8868824844,1
2398924877,1
7946378606,1
7946378610,1
6369329170,1
2398924886,1
4076095262,1
104319,1
104320,2
1215563904,2
373364228,2
1649365894,2
3229825163,2
6369329166,2
3229825166,2
8868824851,2
8868824852,2
3229825173,2
5475684758,2
8868824855,2
8868824856,2
8868824857,2
5475684763,2
20965794,2
20965797,2
107687,2
18397096,2
20965803,2
1163955130,2
10263444809,2
441958994,2
21693795,2
5475684848,2
1649365878,2
1215563895,2
1771426174,2
104321,3
25161346,3
25161349,3
7553887464,3
25161367,3
24951853,3
4922952366,3
1046306670,3
4922952365,3
1046334318,3
4922952371,3
4922952372,3
4922952373,3
4922952374,3
24658003,3
24658007,3
24658010,3
25066333,3
25161345,4
104322,4
8869435268,4
5043864464,4
8869435281,4
8869435286,4
8869435287,4
8869435288,4
25161368,4
316763548,4
5046005789,4
5046005790,4
28800672,4
8869464354,4
8869464357,4
7553887409,4
1684511955,4
10677375,4
25066337,4
5046005730,4
5046005731,4
24950117,4
316763500,4
316763501,4
317380078,4
5046005743,4
5046005745,4
1718328435,4
316763513,4
1718328442,4
8438226815,4
25475712,5
4715264001,5
4715264002,5
104323,5
4715264004,5
4715264006,5
4715264007,5
722208263,5
7623861385,5
6014302222,5
6014302224,5
6014302225,5
8064065315,5
8064065316,5
8429812517,5
9216868136,5
9216868137,5
722208297,5
9216868141,5
1532087855,5
295977520,5
9216868143,5
9216868145,5
5924603442,5
4136137529,5
5924603450,5
4136137530,5
4534184512,5
9690915267,5
9690915275,5
9690915278,5
25475663,5
25475664,5
2374491605,5
4167762776,5
2969438426,5
4167762778,5
6265654111,5
4715263991,5
4715263992,5
4715263993,5
4715263995,5
1237883773,5
4715263998,5
107584,6
27459905,6
5580861153,6
1312471267,6
429346243,6
429346242,6
429346244,6
742399752,6
4629462859,6
4430996044,6
429346253,6
6218501742,6
5116226063,6
251892754,6
252601811,6
251892950,6
28418877,6
5580861151,6
107585,7
6218501739,7
6218501740,7
6218501748,7
6218501751,7
8515091591,8
4726152850,8
1787108626,8
4726152852,8
4726152853,8
4726152857,8
4726152858,8
250549282,8
250325411,8
2003007012,8
4453606953,8
2920433449,8
3334162601,8
3375451566,8
4453606958,8
2929116721,8
4224123324,8
250327100,8
8043350334,8
8043350335,8
107586,8
1779589718,8
1312188768,8
21990624,8
21990625,8
250549348,8
2934268024,8
1733389314,9
5473274891,9
1365887500,9
25069071,9
5473274896,9
3136311315,9
3136311316,9
8807429659,9
25071133,9
5473274911,9
25071136,9
25071137,9
25071139,9
1733389349,9
25071142,9
25071145,9
1733389353,9
2218344510,9
5473272894,9
5473272896,9
5473272897,9
5473272895,9
107587,9
107588,9
5473272899,9
5473274957,9
3141817429,9
5473274969,9
2218340965,9
5473273451,9
5473274990,9
5473273966,9
5473273968,9
3136301320,9
5473273457,9
5473273967,9
4861365369,9
4861365370,9
5473275004,9
4861365372,9
5473274494,9
5473274493,9
5473274501,9
5473274502,9
5473274503,9
3136301324,9
4861365383,9
5473274506,9
1497452171,9
5473274507,9
5473274508,9
5473273490,9
5473272978,9
2961557,9
5473274519,9
1497452184,9
3136301328,9
2793874587,9
5473273499,9
5473274525,9
5473273500,9
5473274528,9
5473274529,9
3136301730,9
5473274531,9
5473274532,9
5473274533,9
5473274534,9
3136301731,9
5473274540,9
3715515059,9
4688513218,9
4688513221,9
2387226309,9
4688513226,9
4688513227,9
4688513230,9
4688513231,9
25069265,9
4688513237,9
4688513240,9
5473273571,9
2642857191,9
5334381837,9
5473273069,9
5473273070,9
5473273071,9
5473273072,9
7223365368,9
1939558651,9
7223365372,9
24659709,9
2622212860,9
2622212862,9
1939558655,9
2622212865,9
5473273604,9
5473273605,9
1939558661,9
2538458887,9
2538458888,9
2538458889,9
5473273610,9
5473273607,9
5473273612,9
2538458893,9
3136301321,9
5473273611,9
1939558667,9
5473273613,9
2538458898,9
2538458899,9
5473273615,9
1939558672,9
3136301325,9
2538458903,9
2538458904,9
1939558681,9
2528522522,9
5473273621,9
1939558684,9
5473273623,9
2538458905,9
1939558687,9
2622212895,9
2622212897,9
3139677982,9
3139705124,9
2622212903,9
1939558697,9
1939558700,9
24950061,9
4534858546,9
2622212914,9
4534858548,9
2622212925,9
2622212927,9
2622222657,9
2622222658,9
2622222659,9
2622212930,9
2622212933,9
2622212937,9
2622212939,9
25070924,9
2622222668,9
2622212941,9
2622212942,9
24950101,9
5473274710,9
25069911,9
24950104,9
24950102,9
24950105,9
24950107,9
357999964,9
5473274717,9
24950110,9
24950111,9
24950112,9
5473274724,9
5473274725,9
4866976614,9
109416,9
3381130090,9
3381130092,9
25248112,9
25248113,9
25248114,9
25248115,9
3141814027,9
25248119,9
25248120,9
25248122,9
25248126,9
25248127,9
25248128,9
25248129,9
25248130,9
5473274242,9
1678245252,9
8807431559,9
8807431560,9
5473273606,9
2538458886,9
1312264600,9
2622212878,9
1733389217,9
5473273622,9
24951721,9
3375451563,9
24661419,9
3375451565,9
1939558663,9
1939558666,9
2538458894,9
1733389249,9
2622212885,9
25070019,9
2538458895,9
2622212887,9
2622212889,9
25066457,9
1733389278,9
2218362849,9
5473274866,9
5473274867,9
5816744255,10
28418921,10
4136137525,10
107606,10
4136137527,10
25475770,10
1689605567,10
585124778,11
1951242858,11
107614,11
1864047135,11
5223919938,12
3272782406,12
1312454055,12
8807410152,12
1312454087,12
107626,12
8807410154,12
25532332,12
25532464,12
3272712566,12
5473273363,13
5473273364,13
24662037,13
5473273368,13
5473273372,13
5473273373,13
5473273376,13
5473273379,13
3076574254,13
3076574255,13
5473273399,13
6018098767,13
5473273425,13
5473273429,13
1678227031,13
5238587992,13
5473273433,13
5238587994,13
5473273435,13
5473273441,13
107627,13
107634,13
5049840244,13
2961549,13
25161361,13
25161362,13
25161363,13
4867087524,13
4867087532,13
4867087535,13
6463230640,13
1418752689,13
1401459399,13
1401459400,13
1401459403,13
24660697,13
3153656028,13
3153656030,13
2378843907,13
1951616261,13
1951616268,13
1951616276,13
6463234329,13
24950064,13
24950065,13
5473273139,13
5473273140,13
5473273141,13
5473273142,13
1951616319,13
2577040703,13
5473273154,13
5473272665,13
5473272666,13
5141354330,13
5141354331,13
5473272668,13
24950113,13
24950114,13
24950115,13
8807431534,13
5227220846,13
8807431536,13
8807431541,13
1782714747,13
1678226827,13
5473273227,13
5065949596,13
1678226846,13
5065949598,13
25544110,13
259252667,13
5340811707,13
5340811717,13
5340811719,13
5340811720,13
1312454094,13
5473273295,13
25532377,13
5473273305,13
25532384,13
8807410158,13
5473273326,13
5473273332,13
107632,14
6458938017,14
25067400,15
25161360,15
5141625621,15
5141625623,15
7906964248,15
7906964249,15
5141625625,15
5141625629,15
5141625630,15
5141625635,15
5141625637,15
5096270631,15
5141625653,15
5141625654,15
5141625655,15
3637449663,15
1951616322,15
5141625681,15
25067473,15
3100169049,15
5141625696,15
5141625698,15
5141625699,15
107637,15
5141876996,16
5141876999,16
5198585559,16
5198585557,16
5198585558,16
107638,16
5198585560,16
5198585561,16
5198585562,16
25067324,16
9024139143,17
9024139144,17
1835355931,17
7926506525,17
4922952353,17
7926506531,17
4922952363,17
1726730029,17
1726730033,17
1726730049,17
1707790029,17
18468951,17
7223709662,17
18468962,17
1726730082,17
7223709668,17
7223709669,17
2466442731,17
2466442741,17
2466442743,17
107641,17
107646,17
25504770,18
1311962122,18
470729237,18
8807429661,18
8807429662,18
8807429663,18
1678155318,18
1678452790,18
1678452792,18
1678452795,18
1678452796,18
1678452797,18
10311362114,18
10311362115,18
1828402760,18
1828402763,18
470729292,18
3474115151,18
18468958,18
18468961,18
6369390690,18
5976850019,18
10311362148,18
6369390692,18
10311362150,18
5976850023,18
6369390696,18
10311362153,18
10311362154,18
5976850024,18
6369390700,18
7610670710,18
107643,18
107644,18
21565570,18
4962956931,18
25161350,18
25161351,18
25161352,18
25161353,18
9611081868,18
25161365,18
7610670751,18
7610670752,18
18395811,18
7610670769,18
1268892338,18
3656358067,18
7610670771,18
3664398006,18
3664398007,18
3664398009,18
10311362236,18
25066694,18
8785457865,18
8785457866,18
8785457867,18
10311178960,18
10311178961,18
1938819283,18
10311178964,18
1938819284,18
10311178967,18
10311178970,18
1268892379,18
1707790044,18
367105757,18
1938819294,18
10311362270,18
10311362271,18
10311362272,18
10311178978,18
1938819301,18
10311178985,18
1707790062,18
10311178991,18
1938819317,18
1938819320,18
4866623226,18
4866623228,18
1938819325,18
1938819326,18
4866623230,18
1938819328,18
1938819330,18
1938819335,18
1835355913,18
2387194123,18
8807441166,18
2387194127,18
2387194128,18
1835355922,18
2387194131,18
2387194133,18
8807441176,18
8807441177,18
8807441178,18
8807441179,18
1835355929,18
25066784,18
1835355936,18
1401926435,18
1268900644,18
2387194149,18
2387194150,18
1835355940,18
1835355946,18
2387194156,18
1835355955,18
4866651961,18
1835355964,18
1835355965,18
4866651969,18
1835355972,18
1268900678,18
5046447437,18
25505629,18
1793420652,18
1655418222,18
1793420660,18
1268892533,18
1268892541,18
25505662,18
25504145,18
25504146,18
25504148,18
25504149,18
25504150,18
3664405913,18
1311962016,18
6055863205,18
4729448869,18
6055863211,18
10310609841,18
10310609842,18
1777727945,18
1777727947,18
1777727949,18
1777727950,18
10310609872,18
1777727958,18
1777727960,18
1777727961,18
1777727962,18
10310609885,18
1725360097,18
7223709667,18
25504755,18
2012969972,18
4830306810,18
25504763,18
4830306813,18
5207476608,19
5207476609,19
25504128,19
473264514,19
5207476611,19
5207476613,19
4627445254,19
4627445252,19
4627445253,19
4627445257,19
5207476616,19
4627445260,19
4627445261,19
419350669,19
10309458701,19
4089236236,19
1536948492,19
107667,19
10309472541,19
10309472542,19
10309472543,19
10309472544,19
5009054881,19
4085767970,19
10309472547,19
10309472548,19
473264937,19
10309472553,19
7610670890,19
473265708,19
7610670892,19
4085767979,19
4627491632,19
1678452788,19
1678452789,19
10539712057,19
10539712058,19
10539589691,19
10310609852,19
4627491645,19
10539589692,19
10310609849,19
473265346,19
4627491650,19
419350723,19
7179983946,19
7179983947,19
10539856459,19
10541894095,19
25470928,19
3696548432,19
10541894097,19
4166634960,19
3696548437,19
3696548438,19
10310609879,19
1828402774,19
10310609881,19
3696548440,19
10310609887,19
4627445215,19
473265762,19
1268903266,19
10310609894,19
1938819302,19
4175059691,19
25504753,19
4627445239,19
4627445240,19
4627445241,19
7827997819,19
8620105223,20
1678452753,20
268124704,20
3267461666,20
8620105262,20
1777740337,20
5177397822,20
5177397823,20
5177397825,20
5177397826,20
5177397828,20
4150883407,20
4150883409,20
4696544883,20
8755805305,20
4696545406,20
473267328,20
10539068550,20
107668,20
1239549084,20
1905779367,20
1905779369,20
5177397419,20
5009054894,20
5009054898,20
419632307,20
10539068598,20
3972566710,20
368044217,20
490946748,20
1214922433,20
1707790023,20
4197401800,20
4197401802,20
10309140683,20
10309140686,20
4197401811,20
4197401813,20
2360681703,20
4034060007,20
2360681709,20
2360681711,20
4034060015,20
4034060017,20
4034060018,20
2265065203,20
2360681716,20
2360681713,20
2265065207,20
490946813,20
10309153022,20
10309153023,20
10309153025,20
1649365762,20
10309153027,20
1649365764,20
473268999,20
1649365780,20
6137798425,20
1649365789,20
1649365797,20
1649365800,20
1649365810,20
1649365816,20
1649365820,20
2140432704,20
1777742666,20
237911,20
473266524,20
8755808618,20
473269102,20
1955520879,20
8755808627,20
4158223748,20
3763565959,20
3763565961,20
1668112790,20
1813794712,20
1813794713,20
1668112792,20
864817628,20
107681,21
1401870340,21
1726730375,21
269549104,21
269549105,21
1163955128,21
5342251136,22
25503876,22
25503880,22
5114681227,22
4379801357,22
25503885,22
5342251151,22
25504144,22
5114681230,22
10572178,22
25504143,22
7607080091,22
7607080092,22
1726730272,22
107684,22
1726730281,22
1726730162,22
1163954995,22
1726730292,22
1726730165,22
1726730295,22
1678452793,22
1726730303,22
747893184,22
25471681,22
7610670913,22
1726730307,22
7610670912,22
7610670919,22
7610670920,22
8785457870,22
8785457871,22
1726730326,22
4379801694,22
25577057,22
25503841,22
4379801706,22
4329502449,22
25500535,22
8785484288,23
956233216,23
25504129,23
490947077,23
25504134,23
10572179,23
10572180,23
2005131543,23
107685,23
107686,23
4643337000,23
490947124,23
4643337012,23
4643337143,23
4643337146,23
7613626042,23
7613626044,23
7613626045,23
7613626046,23
7613626047,23
25470782,23
7613626050,23
7613626059,23
7613626060,23
7613626066,23
7613626070,23
1726730329,23
25503845,23
25503848,23
25503851,23
25503856,23
1726730354,23
4530339698,23
4530339699,23
25471732,23
25503865,23
25503867,23
25503869,23
956233215,23
107692,24
2294047375,24
25475330,25
25475331,25
25475332,25
8785484298,25
762080145,25
8785484306,25
1617596693,25
4689775126,25
8785484312,25
7271474841,25
8785484313,25
6769325725,25
7271474850,25
7271474852,25
1617596711,25
1617596714,25
107693,25
25496622,25
25496623,25
269550898,25
4530270906,25
762080190,25
269550783,25
269550786,25
8373690819,25
5006063174,25
21563463,25
1617647944,25
1617647945,25
762080077,25
1617596621,25
1617596626,25
1617596627,25
269550681,25
269589467,25
26374236,25
26374237,25
7223695325,25
7223695326,25
323262310,25
1020211942,25
1617596646,25
762080105,25
5736692333,25
5736692334,25
25475182,25
21563504,25
21563503,25
21563507,25
21563508,25
269550330,25
1617596669,25
1832227968,26
1832227972,26
338472586,26
338472589,26
1832129807,26
6279388821,26
6279388822,26
6279388824,26
2458257563,26
1832129947,26
1832129821,26
1832227996,26
1832129951,26
1832227873,26
343669793,26
8975700260,26
343669796,26
343669798,26
1832129835,26
1364161197,26
5265953455,26
1832228016,26
5265953457,26
5265953459,26
1832228035,26
1832228039,26
1364172237,26
1832129869,26
1832240590,26
1832129873,26
1832129878,26
1832240598,26
1832129881,26
1832129884,26
1832129888,26
6724775012,26
108389,26
6724775018,26
1832248428,26
1832248430,26
1364168178,26
1364168180,26
2458303223,26
1832129917,26
25495807,26
25496624,27
25495698,27
108391,27
25497619,28
5095890460,28
5503142966,28
5503142969,28
5503142970,28
9820537917,28
9820537921,28
1736685635,28
9820537932,28
9820537933,28
1326821457,28
4297243218,28
25475674,28
9576827482,28
1816777820,28
775984737,28
775984738,28
9820537955,28
9820537954,28
9820537957,28
4729480806,28
4729480807,28
25475692,28
25475693,28
25475694,28
1736685679,28
1816705135,28
4571244660,28
4571244663,28
9820537981,28
9820537982,28
1816705152,28
9820537992,28
9820537993,28
1599652492,28
1816705168,28
1816777873,28
9820538002,28
1816777874,28
9820538004,28
1599652497,28
9820538006,28
1816705175,28
1816705177,28
4297243292,28
4298971293,28
1816705180,28
4297243295,28
1816705183,28
4297243298,28
9820538020,28
9820538021,28
9820538022,28
4297243301,28
4158004390,28
1816705193,28
4297243306,28
4571238068,28
4571238069,28
1938953406,28
5353127105,28
3257317059,28
1938953413,28
748797126,28
1816705227,28
6828863694,28
6828863697,28
1816705235,28
1938953431,28
748797145,28
1816705242,28
1816609498,28
1938953437,28
1816705246,28
1816705250,28
748797155,28
21990638,28
4158122222,28
9805100783,28
4158122223,28
4298970364,28
25497340,28
4298970368,28
4298970372,28
4298970376,28
4298970380,28
4298970384,28
4298970388,28
1664571164,28
355416887,28
355416892,28
355416911,28
4297242961,28
1601797458,28
355416920,28
355416921,28
1664571227,28
109403,28
1664571229,28
1664571236,28
4297054053,28
4297242983,28
108393,28
108406,28
1145174402,28
1145174413,28
1145174417,28
1261120402,28
1145174418,28
9693963681,28
1145174435,28
1145174437,28
9693963688,28
710657963,28
1261120430,28
7947041713,28
4142725554,28
1813618616,28
3830441937,28
25499093,28
435104726,28
435104727,28
435104728,28
435104729,28
1145174501,28
1145174508,28
1913216493,28
422573549,28
25497595,28
390073160,29
5306194265,29
25632684,29
5973397966,29
3586606039,29
3586606038,29
25634199,29
108409,29
3809744384,30
3809744385,30
3809744386,30
3809744387,30
3809744389,30
3809744390,30
338319877,30
3809744392,30
1731235511,30
3809744395,30
3809744396,30
3809744398,30
3809744400,30
3809744401,30
3809744403,30
3809744404,30
906172949,30
3809744406,30
4317178392,30
3809744409,30
3809744412,30
3735886877,30
3809744414,30
3809744415,30
3809744416,30
3809744417,30
3809744418,30
3471375905,30
3809744419,30
3809744421,30
1150003237,30
3809744423,30
3471375913,30
3809744426,30
3809744430,30
3809744431,30
3809744432,30
3809744433,30
3809744434,30
3809744436,30
3809744439,30
3809744443,30
3809744444,30
3629223996,30
3809744446,30
5565466174,30
5565466175,30
5565466177,30
1390303296,30
3809744451,30
3805378116,30
3809744453,30
3805378117,30
5565466183,30
3805378119,30
3805378121,30
3805378122,30
3805378123,30
3805378124,30
3805378120,30
1493676622,30
57786953,30
1327865952,30
4383581281,30
1327865953,30
1327865956,30
1327865957,30
25477224,30
7151566952,30
250327660,30
3808625773,30
25477228,30
3808625778,30
3808625780,30
3808625782,30
3808625785,30
3808625786,30
3808625791,30
3808625796,30
4749094023,30
1271712905,30
4749094026,30
3808625804,30
1271712911,30
3808625809,30
1271712914,30
2129578132,30
2129578133,30
1271804564,30
1271712920,30
1150003354,30
1271712922,30
2129578142,30
1271712931,30
1271712934,30
3808625831,30
3808626859,30
3808626860,30
9030284973,30
3809744558,30
9030284975,30
3808626862,30
9030284977,30
3808626865,30
3808625843,30
3808626868,30
3809744565,30
3808626869,30
9030284983,30
3808626872,30
1150003385,30
1255487162,30
3809744571,30
3809744572,30
806373565,30
1271712957,30
3808625855,30
3808625853,30
3808626878,30
3808626882,30
1039290561,30
3808626884,30
1255487171,30
3808626886,30
1255487174,30
1255487176,30
3809744583,30
3809744584,30
1255487177,30
3808626887,30
3808626893,30
1731235534,30
3808626895,30
3808626896,30
1255487187,30
21990614,30
3808626902,30
3808626904,30
3808626905,30
25477335,30
25477339,30
1731235545,30
728370399,30
8210567392,30
3808626913,30
3808626914,30
8210567395,30
8210567396,30
3808626912,30
1039290594,30
1731235557,30
1731235558,30
8210567401,30
8210567402,30
3808626923,30
3808626922,30
6574794989,30
3805378111,30
3808626929,30
3805378112,30
3808626934,30
3808626935,30
3629217345,30
1255320311,30
3805378113,30
3808626940,30
3808626941,30
4317211389,30
3805378114,30
3629217346,30
3808626945,30
3629217347,30
3808626947,30
3629217348,30
251757321,30
1255490314,30
3733299982,30
1255320339,30
3733299988,30
5925626143,30
4086232866,30
1255320354,30
4086232870,30
4086232871,30
1255320363,30
4316822830,30
1255320367,30
8042031957,30
8042031958,30
1271774552,30
3805122394,30
3805122396,30
2935373159,30
2935373161,30
4382350190,30
3808627061,30
4382273402,30
3808627066,30
4382273404,30
3808625835,30
3515286913,30
3988141441,30
3988141442,30
108420,30
4075008388,30
3808625837,30
249558409,30
25477301,30
1255369105,30
1255369111,30
1255369125,30
4317187494,30
1255369128,30
3808625844,30
3673602988,30
1255369135,30
3093894066,30
3809870259,30
1255369140,30
3809870261,30
3809870262,30
3809870260,30
3809870264,30
3809870265,30
3809870266,30
3809870267,30
1255369148,30
3809870269,30
3809870270,30
2560785849,30
3809870272,30
3809870273,30
4511948225,30
1255369152,30
1255369156,30
3809870277,30
3629223879,30
1255369159,30
3809870281,30
3629223881,30
3809870283,30
3629223884,30
3629223885,30
4511972302,30
3809870287,30
3809870288,30
4511972301,30
3629223890,30
3152307669,30
3808626871,30
3808625854,30
1271712946,30
2254629351,30
4316823023,30
3637436403,30
3637436404,30
3809744380,30
3809744381,30
3809744383,30
2278320131,31
108838,31
108845,32
5124166975,32
1777728708,33
108871,33
20626317,33
20626318,33
4866475733,33
3796774902,33
4866475736,33
5124166971,33
5124166973,33
18395806,33
108903,34
25496777,34
245200970,34
4211515569,34
663363473,34
8972511964,34
109408,35
894485202,35
470727954,35
1236791504,35
109411,36
20626311,36
3796814729,36
2012970414,36
4866475738,36
20626312,37
20626315,37
20626316,37
7572522510,37
7572522511,37
7572522512,37
7572522513,37
7572522523,37
6509584413,37
109734,37
7572522540,37
1536948536,37
7572522556,37
2504847039,37
4866475729,37
4866475730,37
4866475734,37
1852996954,37
1536948578,37
109412,37
2504822135,37
1536948474,37
1536948477,37
109414,38
9030029183,38
109728,39
25476134,39
5564754892,39
5931509715,39
5931509718,39
30056310,39
5564410334,39
1722621701,40
25067929,40
25067914,40
5141216782,40
1722621711,40
5141216785,40
1719663634,40
5141216787,40
25067670,40
5141216790,40
5104314264,40
5141216792,40
5104314266,40
473219610,40
5104314268,40
5104314269,40
5104314270,40
1951372959,40
5104314272,40
1569312412,40
25067936,40
5104314275,40
5104314276,40
25161375,40
5141228834,40
7824803495,40
10542989479,40
109737,40
7824803497,40
10542989484,40
6032044857,40
1719661631,40
4085783103,40
4085783105,40
4085783106,40
4085783107,40
10543014340,40
25067461,40
10543014339,40
25067463,40
10543014343,40
6032044874,40
10543014346,40
4166634957,40
25067727,40
25067728,40
25067479,40
6446292570,40
6446292571,40
25067871,40
7911267685,40
5141216742,40
1722621718,40
7911267688,40
5141216745,40
5141216746,40
25067883,40
5104314096,40
4085778929,40
4085778931,40
7911231384,40
5104314358,40
1719529597,40
1719529599,40
302013676,41
109766,41
302013678,41
373402354,42
109780,42
18468953,43
9514602150,43
9514602151,43
9514602152,43
9514602153,43
5047029672,43
4922952364,43
4922952370,43
109785,43
6166157035,44
24952268,44
3887941009,44
3887941010,44
6446269173,44
1556260024,44
109788,44
6446256190,44
1723340785,45
1723340842,45
110141,45
435104742,45
1685281025,46
1685281029,46
4823246342,46
1685281031,46
1685281032,46
1685281035,46
5609643663,46
5609643664,46
1685281041,46
5609643665,46
25498004,46
1685281045,46
5609643670,46
1685281175,46
1141415192,46
25498010,46
1685281053,46
1686463389,46
1685281056,46
1686463392,46
1685281058,46
1685281061,46
1686463397,46
1685281063,46
1685281064,46
1141415215,46
1686463794,46
1685281075,46
1141415220,46
1685281077,46
1685281087,46
110143,46
1686463428,46
1684835016,46
1150003530,46
1685281104,46
1685281123,46
5609643623,46
1685281003,46
1685281260,46
1685281006,46
1685281010,46
1685281011,46
1685281013,46
1685281017,46
1685281020,46
1685281021,46
1233327202,47
1787108647,47
1787108648,47
1787108649,47
1787108650,47
110238,47
2293833763,48
1707790076,48
5374174119,48
9949142599,48
5880186827,48
5880186829,48
5880186830,48
5880186833,48
21392273,48
237908,48
3972566713,48
3972566716,48
6866779798,49
6866779799,49
6866779802,49
4530012699,49
6866779804,49
4530012700,49
4530012702,49
6866779806,49
4530012703,49
6866779809,49
6866779810,49
6866779817,49
6866779818,49
2632761651,49
282708,49
4316306161,49
4316306163,49
4316306164,49
1761598585,49
25438595,50
25438732,50
25438638,50
282719,50
24661273,51
8807431546,51
2961540,51
24950109,51
1547013655,52
27458331,52
3215687074,52
1547013667,52
4402594986,52
1566269741,52
5342236721,52
27458353,52
4402629177,52
4402629178,52
4402629180,52
5342236739,52
5342236740,52
1566270021,52
1312454086,52
5335245254,52
5335245256,52
5335245257,52
1566270409,52
692162510,52
27481039,52
27481040,52
27481041,52
692162514,52
27481044,52
3708234964,52
30056280,52
471488472,52
4807512540,52
4807512541,52
692162527,52
2961891,52
1550763620,52
5768339816,52
5768339817,52
30057965,52
1547013743,52
367121266,52
692162559,52
10572785,53
8972511963,53
25496748,53
21583342,53
8785568224,54
8785567914,54
8972441580,54
10572786,54
1985084095,54
1813618432,55
8989843465,55
20460681,55
25497611,55
20460686,55
20460690,55
10607127,55
10607128,55
20460697,55
20460696,55
2118622487,55
2118622488,55
6871422361,55
6871422360,55
1813618463,55
1813618461,55
1813618465,55
7553479208,55
5041784489,55
7553479212,55
1596655149,55
1596655148,55
1596655155,55
1813618484,55
5041784501,55
1813618358,55
25473207,55
1596655157,55
5041784633,55
5041784634,55
1813618228,55
1813618229,55
1813618365,55
1813618493,55
1596655161,55
1326821569,55
8868824899,55
8868824900,55
8868824901,55
2755124807,55
256766536,55
256766537,55
1813618376,55
8868824911,55
8868824912,55
256766545,55
2755124815,55
1366095187,55
8868824913,55
1366095189,55
8868824914,55
1813618393,55
10004388708,55
10004388710,55
25497978,55
632447859,55
25497979,55
1813618424,55
1813618426,55
372050299,55
1813618429,55
1813618431,55
435104736,56
435104738,56
435104732,56
10607132,56
435104735,56
5470932256,57
5468301555,57
5470932252,57
10607629,57
1721713699,58
672061444,58
2902624645,58
2406484455,58
1312188714,58
1721713677,58
672061646,58
1717643505,58
1717643512,58
10677374,58
10677376,59
2642857203,59
5473274959,59
10677377,60
1401416203,60
25248118,60
1360122880,61
4462680068,61
7840712839,61
1832248457,61
1832248458,61
5642519054,61
4462680078,61
5374174224,61
5642519055,61
5642519056,61
5642519060,61
595709975,61
5642519066,61
14672924,61
5642519068,61
5642519069,61
5573994014,61
5573994016,61
5573994020,61
1832129958,61
1832129960,61
5374174120,61
1832129962,61
7203717550,61
5839165751,61
1360122937,61
25151180,61
4512763345,61
4512763347,61
5839155672,61
1360122841,61
5460658138,61
1360122860,61
5573931376,61
5573931377,61
1360122866,61
5573931380,61
5573931381,61
5573931384,61
529722111,61
21307200,62
18393873,62
18395288,63
1717643537,63
25161370,63
1717643530,63
8869472263,64
20460684,64
10577984012,64
3320754320,64
3320754322,64
1723315608,64
3247825561,64
3247825562,64
25498015,64
3247824558,64
250550447,64
7636278193,64
7636278195,64
7636278196,64
7636278198,64
7636278199,64
7636278200,64
8898783674,64
18398282,64
4807521484,64
1309067471,64
3741131600,64
3741131606,64
7636244314,64
5006781409,64
149451622,64
632438506,64
1169109485,64
8869472239,64
8869472242,64
20458277,65
250549587,65
4618510643,65
1312188692,65
4618510644,65
25497985,66
6978555522,66
5067002882,66
1150003329,66
748941573,66
2990780039,66
20460680,66
748941577,66
1684710025,66
2990806410,66
2990806411,66
5609643658,66
3739049356,66
2990806415,66
5733998227,66
968499092,66
5733998228,66
3739049366,66
3739049365,66
819132568,66
1684710044,66
1684781470,66
316763559,66
8975833905,66
6978563378,66
1758554291,66
8975833911,66
256766532,66
256766533,66
748941508,66
6816821193,66
1150003147,66
1150003532,66
1759454163,66
1759454429,66
6978557152,66
1759454305,66
5041784423,66
1684781421,66
5067002862,66
3739049327,66
1150003571,66
5067002867,66
1684781436,66
25497981,66
6978555518,66
5609643647,66
435104715,67
435104717,67
5238528591,67
25497872,67
20460687,67
1813618288,67
5242049139,67
5238523291,67
6506796188,67
5060405441,68
2480657186,68
5060405443,68
5060405444,68
5060405445,68
5060405446,68
20460691,68
20625793,69
2528484782,69
5905807279,69
5905807278,69
10544409928,69
10544409929,69
10544409930,69
25474005,69
10544409948,69
10544409950,69
25474015,69
10544409954,69
25474019,69
10544409957,69
10544409958,69
10544409959,69
10544409960,69
10544409961,69
10544409963,69
10544409964,69
10544409966,69
10544409967,69
5976760444,69
5976760446,69
3616299208,70
20626282,70
8675201272,70
4777897926,70
25067398,71
4085778920,71
7824747306,71
20626301,71
1536948431,71
6446301329,71
4085778930,71
5146186589,71
5146186590,71
5146186591,71
20626304,72
2941549929,72
2941549928,72
3519324894,72
5124166978,73
20626307,73
7572833352,74
7572833353,74
20626314,74
20965801,75
2398924898,75
5177397824,76
8755805313,76
3328228994,76
4367041960,76
25524297,76
4367041962,76
21392267,76
21392276,77
2343269909,77
4156336278,77
6606135977,78
6606135979,78
6606135983,78
21392279,78
6218501761,79
21523714,79
3145798533,79
4726152844,79
3215685153,79
5641663538,79
5342236723,79
5342236724,79
5641663539,79
4430996023,79
5342236728,79
5342229818,79
5342236733,79
5342236734,79
5342236743,79
5342236744,79
10599654857,79
6465896907,79
6465896909,79
471488469,79
4688513242,79
6218501723,79
6218501724,79
6218501725,79
4688513244,79
4688513245,79
6218501730,79
6218501736,79
6218501737,79
1678283242,79
1678283247,79
4552504560,79
6218501745,79
6218501746,79
4552504562,79
2203268985,79
6218501758,79
6218501759,79
251892353,80
21523718,80
252729234,80
4726152859,80
4726152860,80
1014649631,80
2934288512,81
10596794785,81
27459970,81
5165786242,81
5009060057,81
5165786245,81
21523719,81
4138224462,81
4138224463,81
5335233113,81
2934288510,81
21563489,82
470727722,82
1707790096,82
4822267094,82
21563479,82
21563481,82
1707790074,82
4462680070,83
21563788,83
6978443788,83
4462680076,83
4208239642,83
21686572,83
21686574,83
3972566705,83
3972566714,83
4462683090,83
5839163740,83
5788363874,83
5788363878,83
5907366887,83
5788363880,83
9203541611,83
9203541612,83
9236477422,83
6828921212,83
8785567909,84
5006063176,84
7223668012,84
5006063180,84
33141178,84
4691514032,84
4691460850,84
7223704403,84
7223704404,84
4691460851,84
21578454,84
4691514035,84
25498458,84
1148276284,84
8785568222,84
8785568223,84
6863550501,85
21583366,85
4017328647,85
1419565097,85
25378129,85
2586616722,85
4378043649,86
21685483,86
4378043661,86
4378043662,86
1837610895,86
1837610896,86
4378043667,86
1163955034,86
269547420,86
4076095841,87
4378043682,87
4370333637,87
1360122917,87
21685484,87
21685485,87
4076095791,87
4076095797,87
25500246,87
4076095834,87
1832129794,88
1832129785,88
25496847,88
1832129776,88
1832129778,88
4077495826,88
21685497,88
1684437690,88
1684437692,88
1832129789,88
21693787,89
25500239,89
4556931604,90
21990622,90
475396929,91
21990627,91
475396924,91
5565443389,92
21990629,92
5565443390,93
250327618,93
21990630,93
1718566880,94
1718566886,94
21990631,94
21990632,94
8869464392,94
5042033643,94
8869464378,94
6116290274,95
24659947,95
6948380395,95
6948380400,95
6948380401,95
24949780,95
9693920800,96
9693920796,96
9693920797,96
24660863,96
5094718794,97
5094718798,97
24949783,97
5046314043,98
25632860,98
24951854,98
10544113920,99
10544113922,99
24952195,99
10544113923,99
3887940999,99
2528522518,99
6867581464,99
6867581465,99
2528522524,99
694824861,99
2528483741,99
2528522528,99
2528522530,99
6985465124,99
6985465127,99
6985465130,99
6985465133,99
2528522542,99
2528484781,99
2528522547,99
2528522549,99
6886012733,99
2038033986,99
1556324684,99
3385387604,99
3385387606,99
3385387607,99
3385356250,99
4117882857,99
25532273,99
1689387896,99
1689387903,99
5087519104,100
25066338,100
25161347,100
5087519106,100
25066412,100
5090420611,101
25161348,101
5090420613,101
5090420614,101
5090420940,101
5090420941,101
25066419,101
8807429660,101
1718390753,102
1717650794,102
25066451,102
25066453,102
25161369,102
25066666,103
25066687,103
25067264,104
25067265,104
25067298,104
25067266,105
1852996996,105
4085778922,105
4866552622,105
4866552623,105
6509584414,105
2566132610,106
2566132611,106
25067397,106
5146186503,106
5146186504,106
5146186505,106
950703626,106
5146186507,106
25161356,106
25505685,106
25161373,106
7824747295,106
7824747302,106
25067305,106
6967585840,106
6967585841,106
6967585842,106
6967585843,106
1827389620,106
6967585845,106
1782727992,106
6446304190,106
5201625535,106
5201625537,106
5201625539,106
5201625541,106
700774224,106
25505634,106
5146186468,106
5146186470,106
4085778919,106
4085778927,106
4085778933,106
5146186489,106
2642857197,107
25068755,107
25248117,107
2642857199,107
25161371,108
28800667,108
3375451555,109
30078473,109
30056277,109
25248123,109
25248124,109
25248125,109
1211381855,109
10306429312,110
10306429318,110
2278320167,110
10306423498,110
4166634955,110
10306423499,110
1556260011,110
4166634961,110
4166634962,110
5340811825,110
6446292564,110
25265077,110
3887941013,110
25265080,110
2278320154,110
4085783099,110
2059790748,110
25471090,111
2036181339,111
1309180610,112
1309180612,112
1723389067,112
7792756412,112
7792756414,112
25471135,112
1309180608,113
25471274,113
7447565849,113
25632854,113
7447637305,113
7447637306,113
3691462888,114
25471289,114
2755124947,114
2755124949,114
748885408,115
4240028578,115
4240028580,115
25503860,115
25503862,115
25471740,115
2036185421,116
25472215,116
2294047355,117
25472324,117
7271474843,117
321255907,117
4675821921,118
4675821924,118
4675821925,118
4675821931,118
4675821932,118
762080111,118
4675821944,118
25472379,118
4675822093,119
4675822094,119
4675822095,119
4675821968,119
4675822097,119
761831057,119
4675822099,119
4675822100,119
270110481,119
1617647900,119
1617647901,119
25472428,119
1617647931,119
1617647934,119
4665352260,119
4665352261,119
4665352262,119
761830981,119
4665352264,119
761830987,119
9566848716,119
761830989,119
26374230,119
26374231,119
761831000,119
761831004,119
761831007,119
761831019,119
761831023,119
6483733489,119
6483733493,119
25472890,119
761831037,119
25472545,120
4665353643,120
4665353644,120
1617596591,120
25473048,120
25472800,121
2940401398,121
1954751920,121
4948630427,122
4948630428,122
25472885,122
1684781486,122
4665353660,123
25473004,123
4665353662,123
1311962080,124
25473200,124
25473199,124
1813618304,125
1759454211,125
5060388105,125
5060388107,125
1759454222,125
5060388110,125
1150003472,125
5060388115,125
1759454104,125
1311962012,125
1401893666,125
3739049382,125
3739049383,125
1401893675,125
25473202,125
25473204,125
25473205,125
875789647,125
1150003197,125
5904615699,126
3999987604,126
5904615708,126
2528483742,126
5574049698,126
5574049700,126
5574049702,126
5574049703,126
4085387943,126
4085387945,126
5574049707,126
5574049709,126
5574049717,126
5574049718,126
5574049719,126
4085600696,126
4229228089,126
4085600698,126
9683633717,126
9683633718,126
6779394887,126
585148380,126
9683400934,126
9683400938,126
713363180,126
4136124526,126
4166219502,126
8031801454,126
5574051321,126
25473279,126
9135848928,127
25473281,127
9135845216,127
8497605091,127
4777885221,127
4773889323,127
3733791671,127
25475417,127
585130362,127
1547013574,128
9694091976,128
9694091978,128
25475053,128
9694091983,128
9694091984,128
1547013588,128
1547013592,128
25475072,129
8064065323,129
8064065324,129
25496910,129
1547657104,129
585180151,129
6332695639,129
277337783,129
4529839800,129
7236131862,129
6332695642,129
25475328,130
680069473,130
9700060290,130
9700060291,130
9700060292,130
1155552322,130
1155552319,130
1990912136,130
1951242857,130
3385332654,130
9683686963,130
1990912115,130
4832472797,130
1137777343,130
1233350889,131
283061836,131
1233350862,131
675734610,131
1402070363,131
675734613,131
25475419,131
1402070364,131
1402070365,131
675734622,131
9690878337,132
1312471202,132
1312471234,132
1796137508,132
9690974277,132
6266867111,132
25475561,132
6266867114,132
6266867113,132
25475661,132
9699961628,132
25475550,132
6696695781,133
10579930791,133
10579930792,133
8783914189,133
8783914190,133
8604055550,133
8604055549,133
25475678,133
25475688,134
25475690,134
9820538027,134
25475691,134
25499095,134
25475752,135
25475754,135
1493229962,135
28728208,136
25477106,136
1668135492,136
28728205,136
8632535522,137
1312188614,137
306439304,137
2545230474,137
8632535532,137
306439310,137
8632535535,137
25477149,137
25477150,137
3741078112,138
25477154,138
1312319838,138
306439338,138
306439329,139
25477156,139
25477197,140
2402557839,140
28419328,141
3528738438,141
3528738439,141
3528738440,141
9080098310,141
9080098315,141
5257738380,141
5257738381,141
5257738382,141
5257738383,141
5257738384,141
5257738385,141
5257738386,141
5257738387,141
5257738388,141
2934411667,141
3528710291,141
9030037139,141
1014803736,141
6995618979,141
2935392676,141
3528711722,141
27459116,141
9080098316,141
27459120,141
5160943793,141
5160943794,141
5160943795,141
5160943796,141
5160943797,141
5160943798,141
5174828980,141
5160943799,141
5160943800,141
8042031930,141
5160943803,141
1039322041,141
3682538298,141
5160943806,141
5160943807,141
5160943808,141
5160943804,141
28418497,141
4144358216,141
4144358217,141
302013776,141
3073173585,141
5174825175,141
5174825176,141
5174825178,141
5174825180,141
251757533,141
5174825181,141
5174825183,141
27459165,141
2914561272,141
2914561274,141
25477371,141
249679102,141
819157946,142
25477858,142
3661703766,142
819157975,142
1832052008,143
25495542,143
1832129783,143
25495617,144
25495618,144
350437608,144
5976672308,144
1816038230,144
25495769,144
10543800252,144
8645592520,145
8645592521,145
25495858,145
25495639,145
25495640,145
25495648,146
5014591895,146
25495646,146
1953202903,146
25495819,147
6354294763,147
25495820,147
1832052016,147
1834657466,147
6354294779,147
1834657469,147
350628799,147
350377994,148
4275394254,148
25495822,148
25495857,148
350437528,148
4689775161,148
269550332,148
25495838,148
4275398720,149
4275398721,149
4275398723,149
25495852,149
4275398714,149
4275398716,149
759123955,150
25496100,150
269550896,151
25496617,151
269550331,151
269550684,151
7279228683,152
25496773,152
1985084135,153
1985084137,153
25496781,153
25496783,153
25496787,153
25496788,153
8972441125,154
8972441126,154
438170475,154
8972441579,154
5265830862,154
25496815,154
25496785,154
8972511962,154
1958800795,154
25496800,155
1816038214,155
323260106,155
5014591889,155
1816038199,155
25496825,156
5060391418,156
321255925,156
5060391821,156
25496850,157
25496851,157
4730978983,157
9690974273,158
9690974274,158
4920098344,158
4920098349,158
25496920,158
25497603,159
1547657140,159
2480657188,160
25632678,160
2480657190,160
1954751914,160
25497968,160
25497970,160
2135411292,160
2135411293,160
5711517570,161
5711517571,161
4703559689,161
25497997,161
5479654172,161
1723388957,161
5479654175,161
1723388960,161
5479654177,161
2331184930,161
2331184932,161
25498021,161
2331184935,161
1723388970,161
1723388974,161
1723388976,161
1723388979,161
1723388981,161
1723388986,161
1723388988,161
5006916678,161
446765895,161
446765900,161
5479655630,161
5479655634,161
4703542485,161
4703542486,161
390073175,161
6525670236,161
6525670237,161
2135411294,161
2135389151,161
2135411296,161
2135411297,161
6525670242,161
5479655662,161
6374802559,161
25498016,162
6569580040,162
25498018,163
3725817386,163
6374802579,163
6374802582,163
6374802583,163
7792756672,164
7792756674,164
7792756676,164
7792756680,164
7792756713,164
25498026,164
5711517569,165
5711517565,165
25499655,165
25505679,166
9988193967,166
25505607,166
6606135968,167
25509513,167
9197589233,167
9197589238,167
316763584,168
25632865,168
316763586,168
25632864,168
5046627553,168
316763600,168
1215563891,168
5046627642,168
25632859,168
5046627645,168
25632862,168
1141487746,169
1150003224,169
1150003238,169
1150003247,169
8784212017,169
5060405427,169
8784177716,169
5060405429,169
5060405430,169
5060405434,169
1150003264,169
1150003155,169
1141487712,169
1150003170,169
5067002851,169
25632870,169
5067002855,169
1150003563,169
1141487723,169
1150003195,169
270110053,170
270110054,170
32921737,170
32921738,170
270109325,170
751837551,170
751837591,170
26374232,170
429346241,171
4534184514,171
4534184515,171
429346238,171
4223357836,171
27460210,171
429346236,171
27459198,171
4430996033,172
27459971,172
3906588452,172
3247933381,172
2934288518,172
3906588454,172
6288147785,172
6288147786,172
4195103055,172
27459729,172
2934288530,172
6218501757,172
27460198,173
843376594,173
2870261844,173
27459830,173
6995618971,173
3906588446,173
27460226,174
3930921860,174
4223357841,174
4155841810,174
4155841811,174
4155841816,174
4155841818,174
3932064154,174
4155841820,174
3932064156,174
3906588448,174
251892523,174
28418859,174
4430996024,174
4430996027,174
4430996028,174
3932064957,174
4430996029,174
32838084,174
3708234955,174
3708234956,174
3708234957,174
843376591,174
4089885906,174
843376610,174
3632581622,174
1233350848,175
1233350847,175
7644741346,175
7644741345,175
7644741348,175
6110164647,175
377490664,175
5904585328,175
1312932849,175
3987750677,175
27460439,175
10013517434,175
7644741343,175
302013672,176
302013674,176
3081980920,176
3081980922,176
27480956,176
27480958,176
27480957,177
347542742,177
347542743,177
27480960,178
9678821156,178
28193265,179
3170676207,179
249679365,180
3168378376,180
249679407,180
7817166393,180
249679418,180
249679420,180
7817166397,180
1042862659,180
5924603460,180
7817166407,180
7899973206,180
28418138,180
28418141,180
28418144,180
8500636794,180
1042862718,180
4344245890,180
4344245892,180
4344245893,180
4344245894,180
27460250,180
7817162919,180
472493763,180
4089885900,180
302013659,180
3892081373,180
302013662,180
3892081377,180
3892081378,180
9080123621,180
3892081382,180
1014803686,180
6969936104,180
6969936102,180
6969936106,180
1014803691,180
6969936108,180
3892081384,180
6969936110,180
6969936109,180
302013682,180
302013683,180
6969936114,180
302013685,180
6969936117,180
6969936115,180
1014803704,180
302013688,180
6969936116,180
3894948091,180
3894948093,180
3894948098,180
3894948099,180
3894948100,180
670103313,180
670103314,180
3068267824,180
3068267825,180
2140124982,180
2140124983,180
5768339777,180
2140124996,180
4949004105,180
4949004106,180
302013777,180
4948602211,180
3014236566,180
3014236567,180
3014236569,180
3014236570,180
3068270504,180
3068270516,180
249558964,180
3068270518,180
3186593720,180
3186593722,180
249559005,180
249679168,181
5924603458,181
28418580,181
5106520280,182
429346251,182
3632577084,182
28418909,182
3984132032,183
4116809027,183
3984132036,183
3984132037,183
302013708,183
4422013486,183
249679343,183
4089885902,183
28418929,183
1238259337,184
4530011788,184
4530012690,184
4530012691,184
1731235606,184
4530012695,184
4530012696,184
1150003480,184
3197339673,184
3197339674,184
3197339676,184
4530012705,184
4530012706,184
4530012707,184
1731235492,184
4530012711,184
288193455,184
4729385030,184
4729385031,184
1150003547,184
1731225566,184
1150003423,184
5565486432,184
5565486434,184
28728187,184
5565487612,184
2990651904,185
2990651905,185
2990651906,185
2990651907,185
2990651908,185
2990651909,185
2990651910,185
2990651911,185
2990651912,185
2987752073,185
2990651914,185
2987752074,185
5269670540,185
2987752071,185
2990651918,185
1759454351,185
1758552592,185
2990651920,185
973128722,185
2987752075,185
28800660,185
1758552597,185
2990651921,185
28800663,185
5040168489,185
1759454378,185
5040168491,185
5040168496,185
2990664881,185
244128951,185
2990716984,185
2990716985,185
2990716986,185
1758552521,185
1758552522,185
2990717001,185
1758552524,185
1150003289,185
1758552541,185
1758552547,185
1758552682,185
1758552555,185
1758552559,185
1401908258,186
250550183,186
28800661,186
28800662,186
250550174,186
8869464371,187
28800668,187
250550053,188
8869464390,188
5041945479,188
250550024,188
250550023,188
5041945480,188
873809385,188
8869464398,188
8869464407,188
1343823416,188
1343823418,188
28800670,188
3375451561,189
30056255,189
707377287,190
30056330,190
4920098350,190
4619022513,190
4619022514,190
1550763708,190
3830043581,190
6218468163,190
6218468164,190
1547013699,190
1547013704,190
9704122317,190
1550763732,190
3830029915,190
1547392865,190
5580861156,190
1547013604,190
6600283121,190
1547013754,190
32825440,191
843376569,191
843376643,191
4155841827,191
32825442,192
843376588,192
32921724,193
761830999,193
761830991,193
32921728,194
32921729,194
32921731,194
4697525030,194
4697525032,194
1401849768,194
26374229,194
32921748,195
32921743,195
149431715,196
2168949324,196
2168949325,196
3741131607,196
3741131608,196
149451620,197
1493662967,197
354886099,198
213668839,198
1685276643,199
250549700,199
250549699,199
255700677,199
213672005,199
8868010217,199
213668842,199
2642612586,199
213668844,199
8868010221,199
2642612585,199
213670986,199
2642878644,199
250327576,199
8868010202,199
250327547,199
8868010204,199
7815533545,200
7815533546,200
249558966,200
1736734053,201
1238249900,201
1238249901,201
1238249904,201
7900221108,201
249560091,201
7900221087,201
250326914,202
18469132,202
1401416208,202
8868010160,202
8868010162,202
250327159,202
354886082,203
250549670,203
1310663631,203
3114645200,203
3114645201,203
250327037,203
250550400,204
973101839,204
3550836102,205
1039290567,205
3550836104,205
5242815659,205
251757452,205
251757615,205
251757458,205
1039322102,205
10196915587,206
10196915588,206
10196915589,206
321255910,206
321255911,206
751837736,206
10196915593,206
2134066506,206
1419544126,206
4781199338,206
270109326,206
270109327,206
1419544142,206
1401849779,206
270109370,206
270112539,206
270112540,206
270110142,206
1563638022,207
690295047,207
283062189,207
673420216,207
1233353464,207
1233353467,207
302013666,208
302013668,208
6431923714,209
6431923715,209
5471345385,209
308837357,209
9804471701,209
9804471702,209
25496854,209
9846850972,209
9846850973,209
9846850974,209
316763595,210
316763589,210
316763590,210
1832129838,211
338474279,211
4275394255,212
350377999,212
1707790105,212
6828921210,212
6828921211,212
1686463489,213
1686463523,213
3739049325,213
1686463503,213
1686463471,213
1686463505,213
1686463476,213
1686463510,213
390073208,213
7882485394,214
10308697502,214
469785734,214
471488499,215
1493722803,215
1547013711,215
2137096880,216
473257581,216
10543014371,217
10543014372,217
10543014373,217
7911267686,217
10543014374,217
473258313,217
10543014377,217
10543014379,217
10543014380,217
10543014386,217
10543014388,217
10543014390,217
6458938007,217
6458938008,217
10543014362,217
10543014363,217
5905893980,217
10543014367,217
473258826,218
6458938011,218
6446292572,218
1727515734,218
473259748,219
8814668133,219
8814668137,219
8814668138,219
2197518969,219
473262660,220
473262822,220
1561411396,221
585201189,221
697044225,222
707377382,222
1609966639,223
7946378609,223
4370333651,223
4370333652,223
4370333653,223
748799641,223
4370333657,223
748941552,224
748941556,224
748941560,224
751837654,225
751837622,225
796809545,226
8497605078,226
6446218920,227
811035012,227
6446229925,227
835390893,228
835390894,228
835390887,228
1141415202,229
1150003340,229
1150003503,229
1150003141,230
5609643622,230
1150003479,230
6816821186,231
5609643682,231
5609643652,231
5609643653,231
5609643685,231
5609643686,231
5609643656,231
5609643687,231
1150003213,231
5609643662,231
5609643672,231
5609643673,231
5609643674,231
5609643675,231
5609643676,231
1150003270,232
4823246344,232
1684835241,232
1309067472,232
1493658224,232
1685281076,232
1685281046,232
1685281079,232
1150003400,233
1731225575,233
1726730080,234
1835355973,234
1835356006,234
1726730120,234
1835355944,234
1163954922,234
1726730123,234
1835356013,234
1835355953,234
1726730167,234
1835355961,234
1726730043,234
1163955119,235
1401870341,235
1163955037,235
5353114285,235
1233353642,236
1233353631,236
1987381555,237
1237876710,237
1237876703,237
1255491496,238
1255369133,238
4511972303,238
1255491504,238
4511972304,238
1255491506,238
1255487160,239
1255487172,239
1255487166,239
1722268388,240
3093897990,240
4749090120,240
2387232554,240
2387232559,240
1722268367,240
5565455858,240
1280491924,240
1280491926,240
1722268381,240
3741117630,240
2402557599,240
2538458897,241
1312188886,241
2218344503,241
1939632514,242
2923703875,242
1939632519,242
1312335310,242
3870640530,242
5238500306,242
5238500308,242
5238500312,242
5238500313,242
1326821568,243
3830441923,243
1731225580,244
3794876751,244
3197339664,244
3197339666,244
3197339667,244
3197339668,244
1327865950,244
1547013589,245
8807410151,245
1547013705,246
8807410149,246
1547392771,247
1547392927,247
1556097098,248
1951372909,248
10306429333,248
1556097245,248
1951372927,248
1556097120,249
5905897286,249
1556097111,249
1556097177,250
5905896973,250
1556097166,250
1556097306,251
1556097431,251
4169714272,252
7911282826,252
10306429323,252
1556097387,252
6446229933,252
1556097326,252
10306429327,252
8675201264,252
10306429328,252
3887941007,252
4169714270,252
4169714271,252
1587318992,253
1587318999,253
1817617689,254
1596648669,254
1596648671,254
1609966643,255
1609966653,255
1617532088,256
4697287185,256
4696544876,256
4663312759,256
1617596593,257
3328228993,257
1617532092,257
1617596606,257
6866592992,258
6866516262,258
2453947051,258
1637578547,258
1637578516,258
6866516278,258
1637578522,258
1637578551,259
1637578535,259
1668135493,260
3197339661,260
3197339662,260
3170676206,260
5565475799,260
1668135486,260
10539068544,261
6509684096,261
10539589696,261
3267461729,261
10539589701,261
1828402758,261
4085767974,261
10539589704,261
2665239978,261
10539589707,261
1678452780,261
10539589706,261
4085767983,261
10539648210,261
2620105428,261
4085767989,261
1684835019,262
1684835152,262
6014333809,262
1684835156,262
1684835062,262
1684835097,262
1685281036,263
1685281022,263
1707790024,264
1707790026,264
4650375494,265
1707790055,265
1707790057,265
4650375504,265
4650375505,265
1707790067,265
4650375508,265
4658088539,265
1955520890,265
3972566715,265
6978459068,266
5177352922,266
1707790099,266
5177352932,266
1731235480,267
1728472241,267
1731235489,267
1810130458,268
4077495964,268
1816038215,269
1832665997,269
1832666001,269
7279239795,269
1816038195,269
1816777816,270
3107212073,270
1816609486,270
4158000323,271
1816959492,271
4142725558,271
1817617691,272
1817617692,272
1832129809,273
4462680082,273
1832129796,273
1832228100,274
1832228080,274
1832228112,274
1832228144,274
1832228083,274
1832228115,274
1832228120,274
1832228159,274
1882379248,275
10090013713,275
10090013714,275
2306288080,275
4823243100,275
3247578846,275
3987750688,276
5269678593,276
1951190474,276
1968744210,277
3992885062,277
4697288399,277
1990694620,278
1990694647,278
2502545024,279
9619940387,279
1990912102,279
1990912134,279
4117896490,279
2502545041,279
9683400946,279
9678366518,279
9678523000,279
8031800090,279
5574051323,279
8031800092,279
8031800094,279
2141364708,280
2141364732,280
3265436260,281
4175081594,281
4696545402,281
2341656968,281
4085747017,281
4697287178,281
4697287177,281
3911044734,281
4697288390,281
4696568110,281
4174200048,281
3265436691,281
4696544885,281
367102039,281
4696545399,281
4175081593,281
4166662874,281
4166662878,281
2453947049,282
4211515634,282
2576893629,282
2496836291,283
2496836303,283
3247589712,284
6569580044,284
6569580045,284
2531863975,284
2531863977,285
2531863978,285
6995618977,286
2872704413,286
2872704414,286
2935373301,287
3809870263,287
3739049344,288
2990721387,288
5992797788,288
2990721390,289
2990721391,289
3739049346,290
2990732269,290
6116290280,291
5473274252,291
5473274253,291
5473274254,291
5473274256,291
5473274257,291
5473274259,291
5473274260,291
3139655930,291
3139655933,291
5473273470,291
3158794148,292
5473272900,292
5473272902,292
3158794151,292
5473272904,292
5473273067,292
5473273068,292
4534858543,292
5473272882,292
5473272983,292
5473272984,292
5473272667,292
5473272700,292
3272782432,293
1547013738,293
3272782431,293
3578315456,294
3586606037,294
3704225378,295
4085778924,295
4085778928,295
4866552625,295
4085778934,295
25066684,295
3987750692,296
5977954180,296
9673189926,296
6110164649,296
7900888467,296
3850146457,296
6446292562,297
3887941012,297
4089885905,298
6294214898,298
6294214897,298
4369519260,299
4369519219,299
4369519227,299
4369519206,299
7636278201,300
4401149234,300
7636278191,300
4554237017,301
5009054889,301
5009054892,301
4696545403,302
4697287188,302
4781199345,303
4781199346,303
4781199348,303
4781199350,303
4781199352,303
4781199354,303
4781199355,303
6374802572,304
5006965588,304
5006965589,304
5046314074,305
5046314077,305
5060405461,306
1954751918,306
5095547184,307
5095547180,307
5095547181,307
5095547182,307
5468301601,308
10607626,308
5468301602,308
5473273795,309
5473273796,309
5473273798,309
5473273803,309
5473273805,309
5473273616,309
5473273791,309
5473273788,310
5473273789,310
5473273790,310
5475684676,311
5475684680,311
5475684684,311
5475684621,311
5475675316,311
5733997920,312
5733997919,312
5904615691,313
5904615694,313
5927671120,314
5927671121,314
6272993491,315
6239229422,315
7075087299,315
6525701529,316
4142725557,316
6525701539,317
6525701540,317
6525701530,317
6525701533,317
6525701535,317
6606148797,318
6606148798,318
6855696495,319
6855696496,319
6855696497,319
6855696502,319
6855696503,319
6855696504,319
6855696506,319
6918421504,320
6918421508,320
6918421509,320
6918421511,320
6918421512,320
6918421513,320
7553887392,321
8869435273,321
8869435267,321
8869435272,321
7792756538,322
7792756539,322
7792756540,322
8357847937,323
8357847938,323
8357847939,323
8357847927,323
8357847928,323
8357847929,323
8357847930,323
8357847931,323
8357847932,323
8357847933,323
8357847934,323
8515091587,324
8515091588,324
8515091590,324
8620105277,325
8620105279,325
25532494,326
8807410150,326
8814668136,327
8814668131,327
8814668135,327
8869435257,328
8869435266,328
9080098298,329
9080098299,329
9524817681,330
9524817682,330
10241310755,331
25509526,331
10306423508,332
10306429309,332
10306429310,332
10306429319,332
10539068564,333
10539068565,333
2665239972,334
10539068590,334
