node_id,cluster_id
1596648673,0
1832129762,0
4076126468,0
7946372941,0
5516594509,0
1401849810,0
25509527,0
25509533,0
104318,0
2398924896,1
6369329155,1
20965798,1
20965799,1
20965800,1
25500427,1
8868824844,1
2398924877,1
7946378606,1
7946378610,1
6369329170,1
2398924886,1
4076095262,1
104319,1
104320,2
1215563904,2
373364228,2
1649365894,2
3229825163,2
3229825166,2
6369329166,2
8868824851,2
8868824852,2
3229825173,2
5475684758,2
8868824855,2
8868824856,2
8868824857,2
5475684763,2
20965794,2
20965797,2
107687,2
18397096,2
20965803,2
1163955130,2
10263444809,2
441958994,2
21693795,2
5475684848,2
1649365878,2
1215563895,2
1771426174,2
104321,3
25161346,3
25161345,3
104322,3
25161349,3
8869435268,3
5043864464,3
8869435281,3
8869435286,3
25161367,3
25161368,3
8869435287,3
8869435288,3
316763548,3
5046005789,3
5046005790,3
28800672,3
8869464354,3
8869464357,3
24951853,3
4922952366,3
4922952365,3
7553887409,3
4922952371,3
4922952372,3
4922952373,3
4922952374,3
24658003,3
1684511955,3
24658007,3
24658010,3
25066333,3
10677375,3
25066337,3
5046005730,3
5046005731,3
24950117,3
7553887464,3
316763500,3
316763501,3
1046306670,3
1046334318,3
317380078,3
5046005745,3
5046005743,3
1718328435,3
316763513,3
1718328442,3
8438226815,3
25475712,4
4715264001,4
4715264002,4
104323,4
4715264004,4
4715264006,4
4715264007,4
722208263,4
7623861385,4
6014302222,4
6014302224,4
6014302225,4
3987750677,4
8064065315,4
8064065316,4
8429812517,4
6110164647,4
9216868136,4
9216868137,4
722208297,4
9216868141,4
1532087855,4
295977520,4
9216868143,4
9216868145,4
5924603442,4
4136137529,4
5924603450,4
4136137530,4
1233350847,4
4534184512,4
1233350848,4
9690915267,4
9690915275,4
9690915278,4
25475663,4
25475664,4
2374491605,4
27460439,4
4167762776,4
2969438426,4
4167762778,4
6265654111,4
7644741343,4
7644741345,4
7644741346,4
7644741348,4
377490664,4
5904585328,4
1312932849,4
4715263991,4
4715263992,4
4715263993,4
10013517434,4
4715263995,4
1237883773,4
4715263998,4
27460226,5
3930921860,5
742399752,5
5116226063,5
4223357841,5
251892754,5
4155841811,5
4155841810,5
4155841816,5
4155841818,5
3932064154,5
4155841820,5
3932064156,5
3906588448,5
28418859,5
251892523,5
4430996024,5
4430996027,5
4430996028,5
28418877,5
4430996029,5
3932064957,5
107584,5
27459905,5
107585,5
429346243,5
429346242,5
429346244,5
32838084,5
4629462859,5
4430996044,5
429346253,5
3708234957,5
843376591,5
3708234955,5
3708234956,5
4089885906,5
252601811,5
251892950,5
5580861151,5
5580861153,5
843376610,5
1312471267,5
6218501739,5
6218501740,5
6218501742,5
6218501748,5
3632581622,5
6218501751,5
8515091591,6
4726152850,6
1787108626,6
4726152852,6
4726152853,6
4726152857,6
4726152858,6
250549282,6
250325411,6
2003007012,6
4453606953,6
2920433449,6
3334162601,6
3375451566,6
4453606958,6
2929116721,6
4224123324,6
250327100,6
8043350334,6
8043350335,6
107586,6
1779589718,6
1312188768,6
21990624,6
21990625,6
250549348,6
2934268024,6
1733389314,7
30078473,7
5473274891,7
1365887500,7
25069071,7
5473274896,7
3136311315,7
3136311316,7
24949783,7
8807429659,7
25071133,7
5473274911,7
25071136,7
25071137,7
25071139,7
1733389349,7
25071142,7
25071145,7
1733389353,7
2218344503,7
2218344510,7
5473272894,7
5473272896,7
5473272897,7
5473272895,7
107587,7
107588,7
5473272899,7
5473274957,7
3141817429,7
5473274969,7
1211381855,7
2218340965,7
5473273451,7
5473274990,7
5473273966,7
5473273968,7
3136301320,7
5473273457,7
5473273967,7
4861365369,7
4861365370,7
5473275004,7
4861365372,7
5473274494,7
5473274493,7
5473274501,7
5473274502,7
5473274503,7
3136301324,7
4861365383,7
5473274506,7
1497452171,7
5473274508,7
25069197,7
5473274507,7
3136301325,7
5473273490,7
5473272978,7
2961557,7
5473274519,7
1497452184,7
3136301328,7
2793874587,7
5473273499,7
5473274525,7
5473273500,7
5473274528,7
5473274529,7
3136301730,7
5473274531,7
5473274532,7
5473274533,7
5473274534,7
3136301731,7
5473274540,7
3715515059,7
4688513218,7
4688513221,7
2387226309,7
4688513226,7
4688513227,7
4688513230,7
4688513231,7
25069265,7
25068755,7
4688513237,7
4688513240,7
5473273571,7
2642857191,7
5334381837,7
2642857197,7
5473273069,7
2642857199,7
5473273072,7
5473273071,7
5473273070,7
7223365368,7
1939558651,7
7223365372,7
24659709,7
2622212860,7
2622212862,7
1939558655,7
2622212865,7
5473273604,7
5473273605,7
1939558661,7
2538458887,7
2538458888,7
2538458889,7
5473273610,7
5473273607,7
5473273612,7
2538458893,7
3136301321,7
5473273611,7
1939558667,7
2538458897,7
2538458898,7
2538458899,7
5473273613,7
5473273615,7
1939558672,7
2538458903,7
2538458904,7
1939558681,7
2528522522,7
5473273621,7
1939558684,7
5473273623,7
2538458905,7
1939558687,7
2622212895,7
2622212897,7
3139677982,7
3139705124,7
2622212903,7
1939558697,7
1939558700,7
24950061,7
4534858546,7
2622212914,7
4534858548,7
2622212925,7
2622212927,7
2622222657,7
2622222658,7
2622222659,7
2622212930,7
2622212933,7
2622212937,7
5094718794,7
2622212939,7
25070924,7
2622222668,7
2622212941,7
5094718798,7
2622212942,7
30056277,7
24950101,7
25069911,7
24950104,7
5473274710,7
24950102,7
24950107,7
357999964,7
5473274717,7
24950110,7
24950111,7
24950112,7
24950105,7
5473274724,7
5473274725,7
4866976614,7
109416,7
3381130090,7
3381130092,7
25248112,7
25248113,7
25248114,7
25248115,7
3141814027,7
25248117,7
25248119,7
25248120,7
25248122,7
25248123,7
25248124,7
25248125,7
25248126,7
25248127,7
25248128,7
25248129,7
25248130,7
5473274242,7
1678245252,7
8807431559,7
8807431560,7
5473273606,7
2538458886,7
1312264600,7
2622212878,7
1733389217,7
3375451555,7
5473273622,7
24951721,7
3375451563,7
24661419,7
3375451565,7
1939558663,7
1939558666,7
2538458894,7
1733389249,7
2622212885,7
25070019,7
2538458895,7
2622212887,7
1312188886,7
2622212889,7
25066457,7
1733389278,7
2218362849,7
5473274866,7
5473274867,7
5816744255,8
28418921,8
4136137525,8
107606,8
4136137527,8
25475770,8
1689605567,8
585124778,9
1951242858,9
107614,9
1864047135,9
5473273363,10
5473273364,10
24662037,10
5473273368,10
5473273372,10
5473273373,10
5473273376,10
5473273379,10
3076574254,10
3076574255,10
25532464,10
5473273399,10
3272782406,10
6018098767,10
5473273425,10
5473273429,10
1678227031,10
5238587992,10
5473273433,10
5238587994,10
5473273435,10
5473273441,10
107626,10
107627,10
107634,10
5049840244,10
2961549,10
25161361,10
25161362,10
25161363,10
3061197976,10
4867087524,10
4867087532,10
4867087535,10
6463230640,10
1418752689,10
1401459399,10
1401459400,10
1401459403,10
24660697,10
3153656028,10
3153656030,10
2378843907,10
1951616261,10
1951616268,10
1951616276,10
6463234329,10
24950064,10
24950065,10
5473273139,10
5473273140,10
5473273141,10
5473273142,10
1951616319,10
2577040703,10
5223919938,10
5473273154,10
5473272665,10
5473272666,10
5141354330,10
5141354331,10
5473272668,10
24950113,10
24950114,10
24950115,10
8807431534,10
5227220846,10
8807431536,10
8807431541,10
3272712566,10
1782714747,10
1678226827,10
5473273227,10
5065949596,10
1678226846,10
5065949598,10
1312454055,10
25532332,10
25544110,10
259252667,10
5340811707,10
5340811717,10
1312454087,10
5340811719,10
5340811720,10
1312454094,10
5473273295,10
25532377,10
5473273305,10
25532384,10
8807410152,10
8807410154,10
8807410158,10
5473273326,10
5473273332,10
107632,11
6458938017,11
5141216782,12
5141216785,12
1719663634,12
5141216787,12
5141216790,12
5141216792,12
473219610,12
4085783103,12
1719661631,12
4085783105,12
4085783106,12
4085783107,12
1727515734,12
6446292570,12
6446292571,12
6446292572,12
5905893980,12
107637,12
1719529597,12
1719529599,12
25161360,12
25067670,12
6458938007,12
6458938008,12
6458938011,12
1569312412,12
1951372959,12
25161375,12
7824803495,12
10542989479,12
7824803497,12
109737,12
10542989484,12
25067727,12
25067728,12
5104314096,12
1722621701,12
1722621711,12
5141625621,12
1722621718,12
5141625623,12
7906964248,12
7906964249,12
5141625625,12
5141625629,12
5141625630,12
5141228834,12
5141625635,12
5141625637,12
5096270631,12
5141625653,12
5141625654,12
5141625655,12
6032044857,12
1951616322,12
473258313,12
6032044874,12
473258826,12
5141625681,12
3100169049,12
25067871,12
5141625696,12
5141625698,12
5141625699,12
7911267685,12
7911267686,12
7911267688,12
25067883,12
25067400,12
25067914,12
5104314264,12
25067929,12
5104314266,12
7911231384,12
5104314268,12
5104314269,12
5104314270,12
5104314272,12
25067936,12
5104314275,12
5104314276,12
3637449663,12
10543014339,12
10543014340,12
25067461,12
25067463,12
10543014343,12
10543014346,12
4166634957,12
25067473,12
25067479,12
10543014362,12
10543014363,12
10543014367,12
10543014371,12
10543014372,12
10543014373,12
5141216742,12
10543014374,12
5141216745,12
5141216746,12
10543014377,12
10543014380,12
10543014379,12
4085778929,12
10543014386,12
4085778931,12
10543014388,12
10543014387,12
5104314358,12
10543014390,12
5141876996,13
5141876999,13
5198585559,13
5198585557,13
5198585558,13
107638,13
5198585560,13
5198585561,13
5198585562,13
25067324,13
9024139143,14
9024139144,14
1835355931,14
7926506525,14
4922952353,14
7926506531,14
4922952363,14
1726730029,14
1726730033,14
1726730049,14
1707790029,14
18468951,14
7223709662,14
18468962,14
1726730082,14
7223709668,14
7223709669,14
2466442731,14
2466442741,14
2466442743,14
107641,14
107646,14
25504770,15
1311962122,15
470729237,15
8807429661,15
8807429662,15
8807429663,15
6509584414,15
1678155318,15
1678452790,15
1678452792,15
1678452795,15
1678452796,15
1678452797,15
10311362114,15
10311362115,15
1828402760,15
1828402763,15
470729292,15
3474115151,15
18468958,15
18468961,15
6369390690,15
5976850019,15
10311362148,15
6369390692,15
10311362150,15
5976850023,15
6369390696,15
10311362153,15
10311362154,15
5976850024,15
6369390700,15
7610670710,15
107643,15
107644,15
21565570,15
4962956931,15
25161350,15
25161351,15
25161352,15
25161353,15
9611081868,15
25161365,15
7610670751,15
7610670752,15
18395811,15
7610670769,15
1268892338,15
3656358067,15
7610670771,15
3664398006,15
3664398007,15
3664398009,15
10311362236,15
25066684,15
25066694,15
8785457865,15
8785457866,15
8785457867,15
10311178960,15
10311178961,15
1938819283,15
10311178964,15
1938819284,15
10311178967,15
10311178970,15
1268892379,15
1707790044,15
367105757,15
1938819294,15
10311362270,15
10311362271,15
10311362272,15
10311178978,15
1938819301,15
10311178985,15
1707790062,15
10311178991,15
1938819317,15
1938819320,15
4866623226,15
4866623228,15
1938819325,15
1938819326,15
4866623230,15
1938819328,15
1938819330,15
25067266,15
1938819335,15
1835355913,15
2387194123,15
8807441166,15
2387194127,15
2387194128,15
1835355922,15
2387194131,15
2387194133,15
8807441176,15
8807441177,15
8807441178,15
8807441179,15
1835355929,15
25066784,15
1835355936,15
1401926435,15
1268900644,15
2387194149,15
2387194150,15
1835355940,15
1835355946,15
2387194156,15
4866552622,15
4866552623,15
4866552625,15
1835355955,15
4866651961,15
1835355964,15
1835355965,15
4866651969,15
1835355972,15
1268900678,15
5046447437,15
25505629,15
1793420652,15
1655418222,15
1793420660,15
1268892533,15
1268892541,15
25505662,15
1852996996,15
25504145,15
25504146,15
25504148,15
25504149,15
25504150,15
3664405913,15
1311962016,15
6055863205,15
4729448869,15
6055863211,15
10310609841,15
10310609842,15
1777727945,15
1777727947,15
1777727949,15
1777727950,15
10310609872,15
1777727958,15
1777727960,15
1777727961,15
1777727962,15
10310609885,15
3704225378,15
1725360097,15
7223709667,15
4085778922,15
4085778924,15
4085778928,15
25504755,15
25504756,15
2012969972,15
4085778934,15
4830306810,15
25504763,15
4830306813,15
4627445252,16
4627445253,16
4627445254,16
4627445257,16
4627445260,16
4627445261,16
473265708,16
1678452780,16
1678452788,16
1678452789,16
10539712057,16
10539712058,16
10539589691,16
10539589692,16
10539589696,16
10539589701,16
1828402758,16
10539589704,16
7179983946,16
7179983947,16
10539856459,16
10539589706,16
10539589707,16
3696548432,16
3696548437,16
3696548438,16
1828402774,16
3696548440,16
3267461729,16
473265762,16
7827997819,16
10539068544,16
419350669,16
107667,16
5009054881,16
473265346,16
419350723,16
10539648210,16
2620105428,16
1938819302,16
4175059691,16
4089236236,16
10309458701,16
1536948492,16
10309472541,16
10309472542,16
10309472543,16
10309472544,16
4085767970,16
10309472547,16
10309472548,16
4085767974,16
473264937,16
10309472553,16
7610670890,16
7610670892,16
4085767979,16
4085767983,16
4627491632,16
4085767989,16
4627491645,16
4627491650,16
1268903266,16
5207476608,16
5207476609,16
25504128,16
473264514,16
5207476611,16
5207476613,16
6509684096,16
5207476616,16
2665239978,16
10310609849,16
10310609852,16
10541894095,16
25470928,16
10541894097,16
4166634960,16
10310609879,16
10310609881,16
10310609887,16
4627445215,16
10310609894,16
25504753,16
4627445239,16
4627445240,16
4627445241,16
8620105223,17
1678452753,17
268124704,17
3267461666,17
8620105262,17
1777740337,17
5177397822,17
5177397823,17
5177397825,17
5177397826,17
5177397828,17
4150883407,17
4150883409,17
4696544883,17
8755805305,17
4696545406,17
473267328,17
10539068550,17
107668,17
1239549084,17
1905779367,17
1905779369,17
5177397419,17
5009054894,17
5009054898,17
419632307,17
10539068598,17
3972566710,17
368044217,17
490946748,17
1214922433,17
1707790023,17
4197401800,17
4197401802,17
10309140683,17
10309140686,17
4197401811,17
4197401813,17
2360681703,17
4034060007,17
2360681709,17
2360681711,17
4034060015,17
4034060017,17
4034060018,17
2265065203,17
2360681716,17
2360681713,17
2265065207,17
490946813,17
10309153022,17
10309153023,17
10309153025,17
1649365762,17
10309153027,17
1649365764,17
473268999,17
1649365780,17
6137798425,17
1649365789,17
1649365797,17
1649365800,17
1649365810,17
1649365816,17
1649365820,17
2140432704,17
1777742666,17
237911,17
473266524,17
8755808618,17
473269102,17
1955520879,17
8755808627,17
4158223748,17
3763565959,17
3763565961,17
1668112790,17
1813794712,17
1813794713,17
1668112792,17
864817628,17
107681,18
1401870340,18
1726730375,18
269549104,18
269549105,18
1163955128,18
5342251136,19
25503873,19
25503876,19
25503880,19
5114681227,19
4379801357,19
25503885,19
5342251151,19
25504144,19
5114681230,19
10572178,19
25504143,19
7607080091,19
7607080092,19
1726730272,19
107684,19
1726730281,19
1726730162,19
1163954995,19
1726730292,19
1726730165,19
1726730295,19
1678452793,19
1726730303,19
747893184,19
25471681,19
7610670913,19
1726730307,19
7610670912,19
7610670919,19
7610670920,19
8785457870,19
8785457871,19
1726730326,19
4379801694,19
25577057,19
25503841,19
4379801706,19
4329502449,19
25500535,19
8785484288,20
956233216,20
25504129,20
490947077,20
25504134,20
10572179,20
10572180,20
2005131543,20
748885408,20
4240028578,20
4240028580,20
107685,20
107686,20
4643337000,20
490947124,20
4643337012,20
4643337143,20
7613626042,20
4643337146,20
7613626044,20
7613626045,20
7613626046,20
7613626047,20
25470782,20
7613626050,20
7613626059,20
7613626060,20
7613626066,20
7613626070,20
1726730329,20
25503845,20
25503848,20
25503851,20
25503856,20
1726730354,20
4530339698,20
4530339699,20
25471732,20
25503862,20
25503860,20
25503865,20
25503867,20
25471740,20
25503869,20
956233215,20
25475330,21
25475331,21
25475332,21
8785484298,21
2294047375,21
762080145,21
8785484306,21
1617596693,21
4689775126,21
8785484312,21
8785484313,21
7271474841,21
6769325725,21
7271474850,21
7271474852,21
1617596711,21
1617596714,21
107692,21
107693,21
25496622,21
25496623,21
269550898,21
4530270906,21
762080190,21
269550783,21
269550786,21
8373690819,21
5006063174,21
21563463,21
1617647944,21
1617647945,21
762080077,21
1617596621,21
1617596626,21
1617596627,21
269550681,21
269589467,21
26374236,21
7223695325,21
7223695326,21
26374237,21
323262310,21
1020211942,21
1617596646,21
762080105,21
5736692333,21
25475182,21
5736692334,21
21563504,21
21563503,21
21563507,21
21563508,21
269550330,21
1617596669,21
1832227968,22
1832227972,22
338472586,22
338472589,22
1832129807,22
6279388821,22
6279388822,22
6279388824,22
2458257563,22
1832129947,22
1832129821,22
1832227996,22
1832129951,22
1832227873,22
343669793,22
8975700260,22
343669796,22
343669798,22
1832129835,22
1364161197,22
5265953455,22
1832228016,22
5265953457,22
5265953459,22
1832228035,22
1832228039,22
1364172237,22
1832129869,22
1832240590,22
1832129873,22
1832129878,22
1832240598,22
1832129881,22
1832129884,22
1832129888,22
6724775012,22
108389,22
6724775018,22
1832248428,22
1832248430,22
1364168178,22
1364168180,22
2458303223,22
1832129917,22
25495807,22
25496624,23
25495698,23
108391,23
25497619,24
5095890460,24
5503142966,24
5503142969,24
5503142970,24
9820537917,24
9820537921,24
1736685635,24
9820537932,24
9820537933,24
1326821457,24
4297243218,24
1816777816,24
25475674,24
9576827482,24
1816777820,24
775984737,24
775984738,24
9820537955,24
9820537954,24
9820537957,24
4729480806,24
4729480807,24
25475692,24
25475693,24
25475694,24
1736685679,24
1816705135,24
4571244660,24
4571244663,24
9820537981,24
9820537982,24
1816705152,24
9820537992,24
9820537993,24
1599652492,24
1816705168,24
1816777873,24
9820538002,24
1816777874,24
9820538004,24
1599652497,24
9820538006,24
1816705175,24
1816705177,24
4297243292,24
4298971293,24
1816705180,24
4297243295,24
1816705183,24
4297243298,24
9820538020,24
9820538021,24
9820538022,24
4297243301,24
4158004390,24
1816705193,24
4297243306,24
4571238068,24
4571238069,24
1938953406,24
5353127105,24
3257317059,24
1938953413,24
748797126,24
1816705227,24
6828863694,24
1816609486,24
6828863697,24
1816705235,24
1938953431,24
748797145,24
1816705242,24
1816609498,24
1938953437,24
1816705246,24
1816705250,24
748797155,24
21990638,24
4158122222,24
9805100783,24
4158122223,24
4298970364,24
25497340,24
4298970368,24
4298970372,24
4298970376,24
4298970380,24
4298970384,24
4298970388,24
1664571164,24
3107212073,24
355416887,24
355416892,24
355416911,24
4297242961,24
1601797458,24
355416920,24
355416921,24
1664571227,24
109403,24
1664571229,24
1664571236,24
4297054053,24
4297242983,24
108393,24
108406,24
1145174402,24
1145174413,24
1145174417,24
1261120402,24
1145174418,24
9693963681,24
1145174435,24
1145174437,24
9693963688,24
710657963,24
1261120430,24
7947041713,24
4142725554,24
1813618616,24
3830441937,24
25499093,24
435104726,24
435104727,24
435104728,24
435104729,24
1145174501,24
1145174508,24
1913216493,24
422573549,24
25497595,24
25499808,25
390073160,25
5306194265,25
25632684,25
5973397966,25
3586606039,25
3586606038,25
25634199,25
108409,25
3809744384,26
3809744385,26
3809744386,26
3809744387,26
3809744389,26
3809744390,26
338319877,26
3809744392,26
1731235511,26
3809744395,26
3809744396,26
3809744398,26
3809744400,26
3809744401,26
3809744403,26
3809744404,26
906172949,26
3809744406,26
4317178392,26
3809744409,26
3809744412,26
3735886877,26
3809744414,26
3809744415,26
3809744416,26
3809744417,26
3809744418,26
3471375905,26
3809744419,26
3809744421,26
1150003237,26
3809744423,26
3471375913,26
3809744426,26
3809744430,26
3809744431,26
3809744432,26
3809744433,26
3809744434,26
3809744436,26
3809744439,26
3809744443,26
3809744444,26
3629223996,26
3809744446,26
5565466174,26
5565466175,26
5565466177,26
1390303296,26
3809744451,26
3805378116,26
3809744453,26
3805378117,26
5565466183,26
3805378119,26
3805378121,26
3805378122,26
3805378123,26
3805378124,26
3805378120,26
1493676622,26
57786953,26
1327865952,26
4383581281,26
1327865953,26
1327865956,26
1327865957,26
25477224,26
7151566952,26
250327660,26
3808625773,26
25477228,26
3808625778,26
3808625780,26
3808625782,26
3808625785,26
3808625786,26
3808625791,26
3808625796,26
4749094023,26
1271712905,26
4749094026,26
3808625804,26
1271712911,26
3808625809,26
1271712914,26
2129578132,26
2129578133,26
1271804564,26
1271712920,26
1150003354,26
1271712922,26
2129578142,26
1271712931,26
1271712934,26
3808625831,26
3808626859,26
3808626860,26
9030284973,26
3809744558,26
9030284975,26
3808626862,26
9030284977,26
3808626865,26
3808625843,26
3808626868,26
3809744565,26
3808626869,26
9030284983,26
3808626872,26
1150003385,26
1255487162,26
3809744571,26
3809744572,26
806373565,26
1271712957,26
3808625855,26
3808625853,26
3808626878,26
3808626882,26
1039290561,26
3808626884,26
1255487171,26
3808626886,26
1255487174,26
1255487176,26
3809744583,26
3809744584,26
1255487177,26
3808626887,26
3808626893,26
1731235534,26
3808626895,26
3808626896,26
1255487187,26
21990614,26
3808626902,26
3808626904,26
3808626905,26
25477335,26
25477339,26
1731235545,26
728370399,26
8210567392,26
3808626913,26
3808626914,26
8210567395,26
8210567396,26
3808626912,26
1039290594,26
1731235557,26
1731235558,26
8210567401,26
8210567402,26
3808626923,26
3808626922,26
6574794989,26
3805378111,26
3808626929,26
3805378112,26
4333847283,26
3808626934,26
3808626935,26
3629217345,26
1255320311,26
3805378113,26
3808626940,26
3808626941,26
4317211389,26
3805378114,26
3629217346,26
3808626945,26
3629217347,26
3808626947,26
3629217348,26
251757321,26
1255490314,26
3733299982,26
1255320339,26
3733299988,26
5925626143,26
4086232866,26
1255320354,26
4086232870,26
4086232871,26
1255320363,26
4316822830,26
1255320367,26
8042031957,26
8042031958,26
1271774552,26
3805122394,26
3805122396,26
2935373159,26
2935373161,26
4382350190,26
3808627061,26
4382273402,26
3808627066,26
4382273404,26
3808625835,26
3515286913,26
3988141441,26
3988141442,26
108420,26
4075008388,26
3808625837,26
249558409,26
25477301,26
1255369105,26
1255369111,26
1255369125,26
4317187494,26
1255369128,26
3808625844,26
3673602988,26
1255369135,26
3093894066,26
3809870259,26
1255369140,26
3809870261,26
3809870262,26
3809870260,26
3809870264,26
3809870265,26
3809870266,26
3809870267,26
1255369148,26
3809870269,26
3809870270,26
2560785849,26
3809870272,26
3809870273,26
4511948225,26
1255369152,26
1255369156,26
3809870277,26
3629223879,26
1255369159,26
3809870281,26
3629223881,26
3809870283,26
3629223884,26
3629223885,26
4511972302,26
3809870287,26
3809870288,26
4511972301,26
3629223890,26
3152307669,26
3808626871,26
3808625854,26
1271712946,26
2254629351,26
4316823023,26
3637436403,26
3637436404,26
3809744380,26
3809744381,26
3809744383,26
2278320131,27
108838,27
108845,28
5124166975,28
1777728708,29
108871,29
20626317,29
20626318,29
4866475733,29
3796774902,29
4866475736,29
5124166971,29
5124166973,29
18395806,29
108903,30
25496777,30
245200970,30
4211515569,30
663363473,30
8972511964,30
109408,31
894485202,31
470727954,31
1236791504,31
109411,32
20626311,32
3796814729,32
2012970414,32
4866475738,32
20626312,33
20626315,33
20626316,33
7572522510,33
7572522511,33
7572522512,33
7572522513,33
7572522523,33
6509584413,33
109734,33
7572522540,33
1536948536,33
7572522556,33
2504847039,33
4866475729,33
4866475730,33
4866475734,33
1852996954,33
1536948578,33
109412,33
2504822135,33
1536948474,33
1536948477,33
109414,34
9030029183,34
109728,35
25476134,35
5564754892,35
5931509715,35
5931509718,35
30056310,35
5564410334,35
302013676,36
109766,36
302013678,36
373402354,37
109780,37
18468953,38
9514602150,38
9514602151,38
9514602152,38
9514602153,38
5047029672,38
4922952364,38
4922952370,38
109785,38
6166157035,39
24952268,39
3887941009,39
3887941010,39
6446269173,39
1556260024,39
109788,39
6446256190,39
1723340785,40
1723340842,40
110141,40
435104742,40
1685281025,41
1685281029,41
4823246342,41
1685281031,41
4823246344,41
1685281032,41
1685281035,41
5609643663,41
5609643664,41
1685281041,41
5609643665,41
25498004,41
1685281045,41
1685281046,41
1685281175,41
1141415192,41
5609643670,41
25498010,41
1685281053,41
1686463389,41
1685281056,41
1686463392,41
1685281058,41
1685281061,41
1686463397,41
1685281063,41
1685281064,41
1684835241,41
1141415215,41
1686463794,41
1685281075,41
1685281076,41
1685281077,41
1141415220,41
1685281079,41
110143,41
1685281087,41
1686463428,41
1150003270,41
1684835016,41
1150003530,41
1309067472,41
1685281104,41
1685281123,41
5609643623,41
1685281003,41
1685281260,41
1685281006,41
1493658224,41
1685281010,41
1685281011,41
1685281013,41
1685281017,41
1685281020,41
1685281021,41
1233327202,42
1787108647,42
1787108648,42
1787108649,42
1787108650,42
110238,42
1707790096,43
21392273,43
2293833763,43
5374174119,43
470727722,43
3972566713,43
3972566716,43
9949142599,43
5880186827,43
5880186829,43
5880186830,43
5880186833,43
237908,43
4822267094,43
21563479,43
21563481,43
21563489,43
1707790074,43
1707790076,43
6866779798,44
6866779799,44
6866779802,44
4530012699,44
6866779804,44
4530012700,44
4530012702,44
6866779806,44
4530012703,44
6866779809,44
6866779810,44
6866779817,44
6866779818,44
2632761651,44
282708,44
4316306161,44
4316306163,44
4316306164,44
1761598585,44
25438595,45
25438732,45
25438638,45
282719,45
24661273,46
8807431546,46
2961540,46
24950109,46
1547013655,47
27458331,47
3215687074,47
1547013667,47
4402594986,47
1566269741,47
27458353,47
5342236721,47
4402629177,47
4402629178,47
4402629180,47
5342236739,47
5342236740,47
1566270021,47
1312454086,47
5335245254,47
5335245256,47
5335245257,47
1566270409,47
692162510,47
27481039,47
27481040,47
27481041,47
692162514,47
27481044,47
3708234964,47
30056280,47
471488472,47
4807512540,47
4807512541,47
692162527,47
2961891,47
1550763620,47
5768339816,47
5768339817,47
30057965,47
1547013743,47
367121266,47
692162559,47
10572785,48
8972511963,48
25496748,48
21583342,48
8785568224,49
8785567914,49
8972441580,49
10572786,49
1985084095,49
1813618432,50
8989843465,50
20460681,50
25497611,50
20460686,50
20460687,50
25497872,50
20460690,50
10607127,50
10607128,50
20460697,50
20460696,50
2118622487,50
2118622488,50
6871422361,50
6506796188,50
6871422360,50
1813618463,50
1813618465,50
1813618461,50
5238523291,50
7553479208,50
5041784489,50
7553479212,50
1596655149,50
1596655148,50
1596655155,50
1813618484,50
5041784501,50
1813618358,50
25473207,50
1596655157,50
5041784633,50
5041784634,50
1813618228,50
1813618229,50
1813618365,50
1813618493,50
1596655161,50
1326821569,50
8868824899,50
8868824900,50
8868824901,50
2755124807,50
256766536,50
256766537,50
1813618376,50
435104715,50
435104712,50
435104717,50
8868824911,50
8868824912,50
256766545,50
2755124815,50
1366095187,50
8868824913,50
1366095189,50
8868824914,50
5238528591,50
1813618393,50
10004388708,50
10004388710,50
25497978,50
1813618288,50
632447859,50
25497979,50
25497845,50
5242049139,50
1813618424,50
1813618426,50
372050299,50
1813618429,50
1813618431,50
435104736,51
435104738,51
435104732,51
10607132,51
435104735,51
5470932256,52
5468301555,52
5470932252,52
10607629,52
1721713699,53
672061444,53
2902624645,53
2406484455,53
1312188714,53
1721713677,53
672061646,53
1717643505,53
1717643512,53
10677374,53
10677376,54
2642857203,54
5473274959,54
10677377,55
1401416203,55
25248118,55
1360122880,56
4462680068,56
7840712839,56
1832248457,56
1832248458,56
5642519054,56
4462680078,56
5374174224,56
5642519055,56
5642519056,56
5642519060,56
595709975,56
5642519066,56
14672924,56
5642519068,56
5642519069,56
5573994014,56
5573994016,56
5573994020,56
1832129958,56
1832129960,56
5374174120,56
1832129962,56
7203717550,56
5839165751,56
1360122937,56
25151180,56
4512763345,56
4512763347,56
5839155672,56
1360122841,56
5460658138,56
1360122860,56
5573931376,56
5573931377,56
1360122866,56
5573931380,56
5573931381,56
5573931384,56
529722111,56
21307200,57
18393873,57
18395288,58
1717643537,58
25161370,58
1717643530,58
8869472263,59
20460684,59
10577984012,59
3320754320,59
3320754322,59
1723315608,59
3247825561,59
3247825562,59
25498015,59
5938625442,59
3247824558,59
250550447,59
7636278191,59
7636278193,59
4401149234,59
7636278195,59
7636278196,59
7636278198,59
7636278199,59
7636278200,59
7636278201,59
8898783674,59
18398282,59
4807521484,59
1309067471,59
3741131600,59
3741131606,59
7636244314,59
5006781409,59
149451622,59
632438506,59
1169109485,59
8869472239,59
8869472242,59
20458277,60
250549587,60
4618510643,60
1312188692,60
4618510644,60
2990651904,61
2990651905,61
5067002882,61
2990651906,61
2990651908,61
2990651909,61
2990651910,61
2990651911,61
2990651912,61
2990651907,61
2990651914,61
2990651918,61
1758552592,61
2990651920,61
973128722,61
2990651921,61
1758552597,61
5040168489,61
5040168491,61
5040168496,61
2990716984,61
2990716985,61
2990716986,61
256766532,61
256766533,61
2990717001,61
1150003289,61
1759454305,61
5041784423,61
1758552682,61
6978555518,61
5609643647,61
1150003329,61
6978555522,61
2987752071,61
20460680,61
1684710025,61
2990780039,61
2987752074,61
2987752075,61
2987752073,61
5609643658,61
5269670540,61
1759454351,61
5733998227,61
5733998228,61
28800660,61
28800663,61
819132568,61
1684710044,61
1759454378,61
2990664881,61
1758554291,61
244128951,61
748941508,61
1759454429,61
6978557152,61
748941573,61
748941577,61
8975833905,61
6978563378,61
8975833911,61
1150003532,61
1684781421,61
3739049327,61
1150003571,61
1684781436,61
25497981,61
25497985,61
2990806410,61
2990806411,61
3739049356,61
2990806415,61
968499092,61
3739049365,61
3739049366,61
1684781470,61
316763559,61
6816821193,61
1758552522,61
1150003147,61
1758552524,61
1758552521,61
1759454163,61
1758552541,61
1758552547,61
1758552555,61
5067002862,61
1758552559,61
5067002867,61
5060405441,62
2480657186,62
5060405443,62
5060405444,62
5060405445,62
5060405446,62
20460691,62
20625793,63
2528484782,63
5905807279,63
5905807278,63
10544409928,63
10544409929,63
10544409930,63
25474005,63
10544409948,63
10544409950,63
25474015,63
10544409954,63
25474019,63
10544409957,63
10544409958,63
10544409959,63
10544409960,63
10544409961,63
10544409963,63
10544409964,63
10544409966,63
10544409967,63
5976760444,63
5976760446,63
3616299208,64
20626282,64
8675201272,64
4777897926,64
25067398,65
4085778920,65
7824747306,65
20626301,65
1536948431,65
6446301329,65
4085778930,65
5146186589,65
5146186590,65
5146186591,65
20626304,66
2941549929,66
2941549928,66
3519324894,66
5124166978,67
20626307,67
7572833352,68
7572833353,68
20626314,68
20965801,69
2398924898,69
5177397824,70
8755805313,70
3328228994,70
4367041960,70
25524297,70
4367041962,70
21392267,70
10241310755,71
21392276,71
2343269909,71
25509526,71
4156336278,71
6606135977,72
6606135979,72
6606135983,72
21392279,72
6218501761,73
21523714,73
3145798533,73
4726152844,73
3215685153,73
5641663538,73
5342236723,73
5342236724,73
5641663539,73
4430996023,73
5342236728,73
5342229818,73
5342236733,73
5342236734,73
5342236743,73
5342236744,73
10599654857,73
6465896907,73
6465896909,73
471488469,73
4688513242,73
6218501723,73
6218501724,73
6218501725,73
4688513244,73
4688513245,73
6218501730,73
6218501736,73
6218501737,73
1678283242,73
1678283247,73
4552504560,73
6218501745,73
6218501746,73
4552504562,73
2203268985,73
6218501758,73
6218501759,73
2934288512,74
251892353,74
10596794785,74
27459970,74
5165786242,74
5165786245,74
21523718,74
21523719,74
4138224462,74
4138224463,74
5335233113,74
252729234,74
5009060057,74
4726152859,74
4726152860,74
2934288510,74
1014649631,74
4462680070,75
9201323528,75
21563788,75
6978443788,75
4462680076,75
4208239642,75
21686572,75
21686574,75
3972566705,75
3972566714,75
4462683090,75
5839163740,75
5788363874,75
5788363878,75
5907366887,75
5788363880,75
9203541611,75
9203541612,75
9236477422,75
6828921212,75
21583366,76
4017328647,76
2586616722,76
8785567909,76
6863550501,76
1419565097,76
7223668012,76
4691514032,76
4691514035,76
33141178,76
1148276284,76
5006063176,76
5006063180,76
25378129,76
7223704403,76
7223704404,76
21578454,76
25498458,76
8785568222,76
8785568223,76
4691460850,76
4691460851,76
21578456,77
21578457,77
4378043649,78
21685483,78
4378043661,78
4378043662,78
1837610895,78
1837610896,78
4378043667,78
1163955034,78
269547420,78
4076095841,79
4378043682,79
4370333637,79
1360122917,79
21685484,79
21685485,79
4076095791,79
1609966643,79
4076095797,79
25500246,79
4076095834,79
1609966653,79
1832129794,80
1832129785,80
25496847,80
1832129776,80
1832129778,80
4077495826,80
21685497,80
1684437690,80
1684437692,80
1832129789,80
21693787,81
25500239,81
4556931604,82
21990622,82
475396929,83
21990627,83
475396924,83
5565443389,84
21990629,84
5565443390,85
250327618,85
21990630,85
250327591,85
1718566880,86
1718566886,86
21990631,86
21990632,86
8869464392,86
5042033643,86
8869464378,86
6116290274,87
24659947,87
6948380395,87
6948380400,87
6948380401,87
24949780,87
9693920800,88
9693920796,88
9693920797,88
24660863,88
5046314043,89
25632860,89
24951854,89
10544113920,90
10544113922,90
24952195,90
10544113923,90
3887940999,90
2528522518,90
6867581464,90
6867581465,90
2528522524,90
694824861,90
2528483741,90
2528522528,90
2528522530,90
6985465124,90
6985465127,90
6985465130,90
6985465133,90
2528522542,90
2528484781,90
2528522547,90
2528522549,90
6886012733,90
2038033986,90
1556324684,90
3385387604,90
3385387606,90
3385387607,90
3385356250,90
4117882857,90
25532273,90
1689387896,90
1689387903,90
5087519104,91
25066338,91
25161347,91
5087519106,91
25066412,91
5090420611,92
25161348,92
5090420613,92
5090420614,92
5090420940,92
5090420941,92
25066419,92
8807429660,92
1718390753,93
1717650794,93
25066451,93
25066453,93
25161369,93
25066666,94
25066687,94
25067264,95
25067265,95
2566132610,95
2566132611,95
25067397,95
5146186503,95
5146186504,95
5146186505,95
950703626,95
5146186507,95
25161356,95
25505685,95
25161373,95
7824747295,95
25067298,95
7824747302,95
25067305,95
6967585840,95
6967585841,95
6967585842,95
6967585843,95
1827389620,95
6967585845,95
1782727992,95
6446304190,95
5201625535,95
5201625537,95
5201625539,95
5201625541,95
25505606,95
700774224,95
25505634,95
5146186468,95
5146186470,95
4085778919,95
4085778927,95
4085778933,95
5146186489,95
25161371,96
28800667,96
10306429312,97
10306429318,97
2278320167,97
10306423498,97
4166634955,97
10306423499,97
1556260011,97
4166634961,97
4166634962,97
5340811825,97
6446292564,97
25265077,97
3887941013,97
25265080,97
2278320154,97
4085783099,97
2059790748,97
25471090,98
2036181339,98
1309180610,99
1309180612,99
1723389067,99
7792756412,99
7792756414,99
25471135,99
1309180608,100
7447637305,100
25471289,100
3691462888,100
25471274,100
2755124947,100
2755124949,100
25632854,100
7447565847,100
7447565849,100
7447637306,100
25471263,100
2036185421,101
25472215,101
2294047355,102
25472324,102
7271474843,102
321255907,102
4675821921,103
4675821924,103
4675821925,103
4675821931,103
4675821932,103
762080111,103
4675821944,103
25472379,103
10196915587,104
10196915588,104
10196915589,104
32921737,104
32921738,104
10196915593,104
4675822093,104
4675822094,104
4675822095,104
4675821968,104
4675822097,104
761831057,104
4675822099,104
4675822100,104
270110481,104
270109325,104
751837591,104
270109327,104
270109326,104
1617647900,104
1617647901,104
270112540,104
270112539,104
751837736,104
25472428,104
1401849779,104
751837622,104
270109370,104
1617647931,104
1617647934,104
1419544126,104
270110142,104
4665352260,104
4665352261,104
4665352262,104
761830981,104
4665352264,104
2134066506,104
761830987,104
9566848716,104
761830989,104
1419544142,104
26374230,104
26374231,104
761831000,104
26374232,104
751837654,104
761831004,104
761831007,104
270110053,104
270110054,104
321255911,104
321255910,104
4781199338,104
761831019,104
761831023,104
751837551,104
6483733489,104
6483733493,104
25472890,104
761831037,104
25472545,105
4665353643,105
4665353644,105
1617596591,105
25473048,105
25472800,106
2940401398,106
1954751920,106
4948630427,107
4948630428,107
25472885,107
1684781486,107
4665353660,108
25473004,108
4665353662,108
1311962080,109
25473200,109
25473199,109
1813618304,110
1759454211,110
5060388105,110
5060388107,110
1759454222,110
5060388110,110
1150003472,110
5060388115,110
1759454104,110
1311962012,110
1401893666,110
3739049382,110
3739049383,110
1401893675,110
25473202,110
25473204,110
25473205,110
875789647,110
1150003197,110
5904615699,111
3999987604,111
5904615708,111
2528483742,111
5574049698,111
5574049700,111
5574049702,111
5574049703,111
4085387943,111
4085387945,111
5574049707,111
5574049709,111
5574049717,111
5574049718,111
5574049719,111
4085600696,111
4229228089,111
4085600698,111
9683633717,111
9683633718,111
6779394887,111
585148380,111
9683400934,111
9683400938,111
713363180,111
4136124526,111
4166219502,111
8031801454,111
5574051321,111
25473279,111
9135848928,112
25473281,112
9135845216,112
8497605091,112
4777885221,112
4773889323,112
5904615691,112
5904615694,112
3733791671,112
25475417,112
585130362,112
1547392771,113
1547013574,113
9694091976,113
9694091978,113
25475053,113
9694091983,113
9694091984,113
1547013588,113
1547013592,113
1547392927,113
25475072,114
8064065323,114
8064065324,114
1547657099,114
25496910,114
1547657104,114
585180151,114
6332695639,114
277337783,114
4529839800,114
7236131862,114
6332695642,114
25475328,115
680069473,115
9700060290,115
9700060291,115
9700060292,115
1155552322,115
1155552319,115
1990912136,115
1951242857,115
680069483,115
3385332654,115
9683686963,115
1990912115,115
4832472797,115
1137777343,115
9690878337,116
9699961628,116
1312471202,116
1796137508,116
6266867111,116
6266867113,116
6266867114,116
1312471234,116
9690974277,116
283061836,116
25475661,116
1233350862,116
675734610,116
675734613,116
1402070363,116
25475419,116
1402070364,116
675734622,116
25475550,116
1402070365,116
25475561,116
1233350889,116
6696695781,117
10579930791,117
10579930792,117
8783914189,117
8783914190,117
8604055550,117
8604055549,117
25475678,117
25475688,118
25475690,118
9820538027,118
25475691,118
25499095,118
7075087299,119
25475752,119
25475754,119
1493229962,119
6239229422,119
6239229423,119
6272993491,119
28728208,120
25477106,120
1668135492,120
28728205,120
8632535522,121
1312188614,121
306439304,121
2545230474,121
8632535532,121
306439310,121
8632535535,121
25477149,121
25477150,121
3741078112,122
25477154,122
1312319838,122
306439338,122
306439329,123
25477156,123
25477197,124
2402557839,124
28419328,125
3528738438,125
3528738439,125
3528738440,125
9080098310,125
9080098315,125
5257738380,125
5257738381,125
5257738382,125
5257738383,125
5257738384,125
5257738385,125
5257738386,125
5257738387,125
5257738388,125
2934411667,125
3528710291,125
9030037139,125
1014803736,125
6995618979,125
2935392676,125
3528711722,125
27459116,125
9080098316,125
27459120,125
5160943793,125
5160943794,125
5160943795,125
5160943796,125
5160943797,125
5174828980,125
5160943798,125
5160943800,125
5160943799,125
8042031930,125
5160943803,125
1039322041,125
3682538298,125
5160943806,125
5160943807,125
5160943808,125
5160943804,125
28418497,125
4144358216,125
4144358217,125
302013776,125
3073173585,125
5174825175,125
5174825176,125
5174825178,125
5174825180,125
251757533,125
5174825181,125
5174825183,125
27459165,125
2914561272,125
2914561274,125
25477371,125
249679102,125
819157946,126
25477858,126
3661703766,126
819157975,126
1832052008,127
25495542,127
1832129783,127
25495617,128
25495618,128
350437608,128
5976672308,128
1816038230,128
25495769,128
10543800252,128
8645592520,129
8645592521,129
25495858,129
25495639,129
25495640,129
25495648,130
5014591895,130
25495646,130
1953202903,130
25495819,131
6354294763,131
25495820,131
1832052016,131
1834657466,131
6354294779,131
1834657469,131
350628799,131
350377994,132
25495822,132
350437528,132
25495838,132
25496100,132
25496617,132
25495852,132
269550896,132
25495857,132
4689775161,132
4275398714,132
4275398716,132
4275398720,132
4275398721,132
4275398723,132
4275394254,132
269550684,132
759123955,132
269550331,132
269550332,132
7279228683,133
25496773,133
1985084135,134
1985084137,134
25496781,134
25496783,134
25496787,134
25496788,134
8972441125,135
8972441126,135
438170475,135
8972441579,135
5265830862,135
25496815,135
25496785,135
8972511962,135
1958800795,135
25496800,136
1816038214,136
323260106,136
5014591889,136
1816038199,136
25496825,137
5060391418,137
321255925,137
5060391821,137
25496850,138
25496851,138
4730978983,138
9690974273,139
9690974274,139
4920098344,139
4920098349,139
25496920,139
25497603,140
1547657140,140
2480657188,141
25632678,141
2480657190,141
1954751914,141
25497968,141
25497970,141
2135411292,141
2135411293,141
5711517570,142
5711517571,142
4703559689,142
25497997,142
5479654172,142
1723388957,142
5479654175,142
1723388960,142
5479654177,142
2331184930,142
2331184932,142
25498021,142
2331184935,142
1723388970,142
1723388974,142
1723388976,142
1723388979,142
1723388981,142
1723388986,142
1723388988,142
5006916678,142
446765895,142
446765900,142
5479655630,142
5479655634,142
4703542485,142
4703542486,142
390073175,142
6525670236,142
6525670237,142
2135411294,142
2135389151,142
2135411296,142
2135411297,142
6525670242,142
5479655652,142
5479655662,142
6374802559,142
25498016,143
6569580040,143
25498018,144
3725817386,144
6374802579,144
6374802582,144
6374802583,144
7792756672,145
7792756674,145
7792756676,145
7792756680,145
7792756713,145
25498026,145
5711517569,146
5711517565,146
25499655,146
25505679,147
9988193967,147
25505607,147
6606135968,148
25509513,148
9197589233,148
9197589238,148
316763584,149
25632865,149
316763586,149
25632864,149
5046627553,149
316763600,149
1215563891,149
5046627642,149
25632859,149
5046627645,149
25632862,149
1141487746,150
1150003224,150
1150003238,150
1150003247,150
8784212017,150
5060405427,150
8784177716,150
5060405429,150
5060405430,150
5060405434,150
1150003264,150
1150003155,150
1141487712,150
1150003170,150
5067002851,150
25632870,150
5067002855,150
1150003563,150
1141487723,150
1150003195,150
429346241,151
4534184514,151
4534184515,151
429346238,151
4223357836,151
27460210,151
429346236,151
27459198,151
4430996033,152
27459971,152
3906588452,152
3247933381,152
2934288518,152
3906588454,152
6288147785,152
6288147786,152
4195103055,152
27459729,152
2934288530,152
6218501757,152
27460198,153
843376594,153
2870261844,153
27459830,153
6995618971,153
3906588446,153
302013672,154
302013674,154
3081980920,154
3081980922,154
27480956,154
27480958,154
27480957,155
347542742,155
347542743,155
27480960,156
9678821156,156
28193265,157
3170676207,157
249679365,158
3168378376,158
28418580,158
249679407,158
7817166393,158
249679418,158
249679420,158
7817166397,158
5924603458,158
1042862659,158
5924603460,158
7817166407,158
7899973206,158
28418138,158
28418141,158
28418144,158
8500636794,158
1042862718,158
4344245890,158
4344245892,158
4344245893,158
4344245894,158
27460250,158
7817162919,158
472493763,158
4089885900,158
302013659,158
3892081373,158
302013662,158
3892081377,158
3892081378,158
9080123621,158
3892081382,158
1014803686,158
6969936104,158
6969936102,158
6969936106,158
1014803691,158
6969936108,158
3892081384,158
6969936110,158
6969936109,158
302013682,158
302013683,158
6969936114,158
302013685,158
6969936117,158
6969936115,158
1014803704,158
302013688,158
6969936116,158
3894948091,158
3894948093,158
3894948098,158
3894948099,158
3894948100,158
670103313,158
670103314,158
3068267824,158
3068267825,158
2140124982,158
2140124983,158
249679168,158
5768339777,158
2140124996,158
4949004105,158
4949004106,158
302013777,158
4948602211,158
3014236566,158
3014236567,158
3014236569,158
3014236570,158
3068270504,158
3068270516,158
249558964,158
3068270518,158
3186593720,158
3186593722,158
249559005,158
5106520280,159
429346251,159
3632577084,159
28418909,159
3984132032,160
4116809027,160
3984132036,160
3984132037,160
302013708,160
4422013486,160
249679343,160
4089885902,160
28418929,160
1238259337,161
4530011788,161
4530012690,161
4530012691,161
1731235606,161
4530012695,161
4530012696,161
1150003480,161
3197339673,161
3197339674,161
3197339676,161
4530012705,161
4530012706,161
4530012707,161
1731235492,161
4530012711,161
288193455,161
4729385030,161
4729385031,161
1150003547,161
1731225566,161
1150003423,161
5565486432,161
5565486434,161
28728187,161
5565487612,161
1401908258,162
250550183,162
28800661,162
28800662,162
250550174,162
8869464371,163
28800668,163
250550053,164
8869464390,164
5041945479,164
250550024,164
250550023,164
5041945480,164
873809385,164
8869464398,164
8869464407,164
1343823416,164
1343823418,164
28800670,164
5046314074,165
5046314077,165
28800671,165
3375451561,166
30056255,166
707377287,167
30056330,167
4920098350,167
4619022513,167
4619022514,167
1550763708,167
3830043581,167
6218468163,167
6218468164,167
1547013699,167
1547013704,167
9704122317,167
1550763732,167
3830029915,167
1547392865,167
5580861156,167
1547013604,167
6600283121,167
1547013754,167
32825440,168
843376569,168
843376643,168
4155841827,168
32825442,169
843376588,169
32921724,170
761830999,170
761830991,170
32921728,171
32921729,171
32921731,171
4697525030,171
4697525032,171
1401849768,171
26374229,171
32921748,172
32921743,172
149431715,173
2168949324,173
2168949325,173
3741131607,173
3741131608,173
149451620,174
1493662967,174
354886099,175
213668839,175
1685276643,176
250549700,176
250549699,176
255700677,176
213672005,176
250327619,176
8868010217,176
213668842,176
2642612586,176
213668844,176
8868010221,176
2642612585,176
213670986,176
2642878644,176
250327576,176
8868010202,176
250327547,176
8868010204,176
7815533545,177
7815533546,177
249558966,177
1736734053,178
1238249900,178
1238249901,178
1238249904,178
7900221108,178
249560091,178
7900221087,178
250326914,179
18469132,179
1401416208,179
8868010160,179
8868010162,179
250327159,179
354886082,180
250549670,180
1310663631,180
3114645200,180
3114645201,180
250327037,180
250550400,181
973101839,181
3550836102,182
1039290567,182
3550836104,182
5242815659,182
251757452,182
251757615,182
251757458,182
1039322102,182
1419603573,183
270110143,183
1563638022,184
690295047,184
283062189,184
673420216,184
1233353464,184
1233353467,184
302013666,185
302013668,185
6431923714,186
6431923715,186
5471345385,186
308837357,186
9804471701,186
9804471702,186
25496854,186
9846850972,186
9846850973,186
9846850974,186
316763595,187
316763589,187
316763590,187
1832129838,188
338474279,188
4275394255,189
350377999,189
1707790105,189
6828921210,189
6828921211,189
1686463489,190
1686463523,190
3739049325,190
1686463503,190
1686463471,190
1686463505,190
1686463476,190
1686463510,190
390073208,190
7882485394,191
10308697502,191
469785734,191
471488499,192
1493722803,192
1547013711,192
2137096880,193
473257581,193
8814668131,194
473259748,194
8814668133,194
8814668135,194
8814668136,194
8814668137,194
8814668138,194
2197518969,194
473262660,195
473262822,195
1561411396,196
585201189,196
697044225,197
707377382,197
1609966639,198
7946378609,198
4370333651,198
4370333652,198
4370333653,198
748799641,198
4370333657,198
748941552,199
748941556,199
748941560,199
796809545,200
8497605078,200
249467025,201
806373533,201
6446218920,202
811035012,202
6446229925,202
835390893,203
835390894,203
835390887,203
1141415202,204
1150003340,204
1757440607,204
1150003503,204
1150003141,205
5609643622,205
1150003479,205
5609643652,206
5609643653,206
5609643656,206
1150003213,206
5609643662,206
5609643672,206
1684835097,206
5609643673,206
5609643674,206
5609643675,206
5609643676,206
5609643682,206
5609643685,206
5609643686,206
5609643687,206
6816821186,206
1684835019,206
1684835152,206
1684835156,206
6014333809,206
1684835062,206
1150003400,207
1731225575,207
1726730080,208
1835355973,208
1835356006,208
1726730120,208
1835355944,208
1163954922,208
1726730123,208
1835356013,208
1835355953,208
1726730167,208
1835355961,208
1726730043,208
1163955119,209
1401870341,209
1163955037,209
5353114285,209
1233353642,210
1233353631,210
1987381555,211
1237876710,211
1237876703,211
1255491496,212
1255369133,212
4511972303,212
1255491504,212
4511972304,212
1255491506,212
1255487160,213
1255487172,213
1255487166,213
1722268388,214
3093897990,214
4749090120,214
2387232554,214
2387232559,214
1722268367,214
5565455858,214
1280491924,214
1280491926,214
1722268381,214
3741117630,214
2402557599,214
1939632514,215
2923703875,215
1939632519,215
1312335310,215
3870640530,215
5238500306,215
5238500308,215
5238500312,215
5238500313,215
1326821568,216
3830441923,216
1731225580,217
3794876751,217
3197339664,217
3197339666,217
3197339667,217
3197339668,217
3197333559,217
1327865950,217
2454119184,218
1547013589,218
8807410151,218
1556097120,219
8807410149,219
5905897286,219
1547013705,219
1556097111,219
1556097098,220
1951372909,220
10306429333,220
1556097245,220
1951372927,220
1556097177,221
5905896973,221
1556097166,221
1556097306,222
1556097431,222
4169714272,223
7911282826,223
10306429323,223
1556097387,223
6446229933,223
1556097326,223
10306429327,223
8675201264,223
10306429328,223
3887941007,223
4169714270,223
4169714271,223
1587318992,224
1587318999,224
1817617689,225
1596648669,225
1596648671,225
1617532088,226
4697287185,226
4696544876,226
4663312759,226
1617596593,227
3328228993,227
1617532092,227
1617596606,227
6866592992,228
6866516262,228
2453947051,228
1637578547,228
1637578516,228
6866516278,228
1637578522,228
1637578551,229
1637578535,229
1668135493,230
3197339661,230
3197339662,230
3170676206,230
5565475799,230
1668135486,230
1685281036,231
1685281022,231
1707790024,232
1707790026,232
4650375494,233
1707790055,233
1707790057,233
4650375504,233
4650375505,233
1707790067,233
4650375508,233
4658088539,233
1955520890,233
3972566715,233
6978459068,234
5177352922,234
1707790099,234
5177352932,234
1731235480,235
1728472241,235
1731235489,235
1810130458,236
4077495964,236
1816038215,237
1832665997,237
1832666001,237
7279239795,237
1816038195,237
4158000323,238
1816959492,238
4142725558,238
1817617691,239
1817617692,239
1832129809,240
4462680082,240
1832129796,240
1832228100,241
1832228080,241
1832228112,241
1832228144,241
1832228083,241
1832228115,241
1832228120,241
1832228159,241
1882379248,242
10090013713,242
10090013714,242
2306288080,242
4823243100,242
3247578846,242
3987750688,243
5269678593,243
1951190474,243
1968744210,244
3992885062,244
4697288399,244
1990694620,245
1990694647,245
2502545024,246
9619940387,246
1990912102,246
1990912134,246
4117896490,246
2502545041,246
9683400946,246
9678366518,246
9678523000,246
8031800090,246
5574051323,246
8031800092,246
8031800094,246
2141364708,247
2141364732,247
2341656968,248
4697287177,248
4697287178,248
3265436691,248
4696545402,248
4696568110,248
8620105277,248
8620105279,248
4697288390,248
4085747017,248
367102039,248
4166662874,248
4166662878,248
3265436260,248
4174200048,248
4696544885,248
4696545399,248
4175081593,248
4175081594,248
3911044734,248
2453947049,249
4211515634,249
2576893629,249
2496836291,250
2496836303,250
3247589712,251
6569580044,251
6569580045,251
2531863975,251
2531863977,252
2531863978,252
10539068564,253
2665239972,253
10539068565,253
10539068590,253
6995618977,254
2872704413,254
2872704414,254
2935373301,255
3809870263,255
3739049344,256
2990721387,256
5992797788,256
2990721390,257
2990721391,257
3739049346,258
2990732269,258
3073173576,259
9080098298,259
9080098299,259
6116290280,260
5473274252,260
5473274253,260
5473274254,260
5473274256,260
5473274257,260
5473274259,260
5473274260,260
3139655930,260
3139655933,260
5473273470,260
3158794148,261
5473272900,261
5473272902,261
3158794151,261
5473272904,261
5473273067,261
5473273068,261
4534858543,261
5473272882,261
5473272983,261
5473272984,261
5473272667,261
5473272700,261
3272782432,262
1547013738,262
3272782431,262
3578315456,263
3586606037,263
3987750692,264
5977954180,264
9673189926,264
6110164649,264
7900888467,264
3850146457,264
6446292562,265
3887941012,265
4089885905,266
6294214898,266
6294214897,266
4369519260,267
4369519219,267
4369519227,267
4369519206,267
4554237017,268
5009054889,268
5009054892,268
4696545403,269
4697287188,269
4781199345,270
4781199346,270
4781199348,270
4781199350,270
4781199352,270
4781199354,270
4781199355,270
6374802572,271
5006965588,271
5006965589,271
5060405461,272
1954751918,272
5095547184,273
5095547180,273
5095547181,273
5095547182,273
5468301601,274
10607626,274
5468301602,274
5473273795,275
5473273796,275
5473273798,275
5473273803,275
5473273805,275
5473273616,275
5473273791,275
5473273788,276
5473273789,276
5473273790,276
5475684676,277
5475684680,277
5475684684,277
5475684621,277
5475675316,277
5733997920,278
5733997919,278
5927671120,279
5927671121,279
6525701529,280
4142725557,280
6525701539,281
6525701540,281
6525701530,281
6525701533,281
6525701535,281
6606148797,282
6606148798,282
6855696495,283
6855696496,283
6855696497,283
6855696502,283
6855696503,283
6855696504,283
6855696506,283
6918421504,284
6918421508,284
6918421509,284
6918421511,284
6918421512,284
6918421513,284
7553887392,285
8869435266,285
8869435267,285
8869435272,285
8869435273,285
8869435257,285
7792756538,286
7792756539,286
7792756540,286
8357847937,287
8357847938,287
8357847939,287
8357847927,287
8357847928,287
8357847929,287
8357847930,287
8357847931,287
8357847932,287
8357847933,287
8357847934,287
8515091587,288
8515091588,288
8515091590,288
25532494,289
8807410150,289
9524817681,290
9524817682,290
10306423508,291
10306429309,291
10306429310,291
10306429319,291
