node_id,cluster_id
4076126468,0
1816959492,0
25509527,0
6525701529,0
6525701530,0
6525701533,0
25509534,0
25509533,0
6525701535,0
6525701539,0
6525701540,0
4142725557,0
4142725558,0
4158000323,0
7946372941,0
5516594509,0
1401849810,0
1596648673,0
1832129762,0
104318,0
6369329155,1
1678452753,1
6369329170,1
1726730272,1
1726730281,1
1678452780,1
1726730292,1
1678452789,1
1678452788,1
1726730295,1
1678452793,1
10539589691,1
10539589692,1
1726730303,1
10539589696,1
1726730307,1
10539589701,1
10539589704,1
10539589706,1
10539589707,1
2398924877,1
2398924886,1
1726730326,1
1726730329,1
4379801694,1
2398924896,1
25503841,1
2398924898,1
25503845,1
25503848,1
4379801706,1
25503851,1
25503856,1
1726730354,1
25503860,1
25503862,1
25503863,1
25503865,1
25503867,1
25503869,1
4696545406,1
5342251136,1
25503873,1
25503876,1
25503880,1
25503885,1
419350669,1
5342251151,1
5177397419,1
368044217,1
490946748,1
419350723,1
10309140683,1
10309140686,1
1938819302,1
490946813,1
10309153022,1
10309153023,1
10309153025,1
10309153027,1
1536948492,1
2005131543,1
10309472541,1
10309472542,1
10309472543,1
10309472544,1
10309472547,1
10309472548,1
10309472553,1
4076095791,1
4076095797,1
2140432704,1
237911,1
4076095834,1
473266524,1
4076095841,1
8755808618,1
1955520879,1
8755808627,1
25504128,1
25504129,1
5207476609,1
5207476608,1
473264514,1
5207476613,1
25504134,1
5207476611,1
5207476616,1
25504143,1
25504144,1
10572178,1
10572179,1
10572180,1
1668112790,1
1668112792,1
20965798,1
20965799,1
20965800,1
20965801,1
747893184,1
10541894095,1
10541894097,1
864817628,1
8785484288,1
490947077,1
747893264,1
268124704,1
3267461666,1
1777740337,1
490947124,1
5177397822,1
5177397823,1
5177397825,1
5177397826,1
5177397828,1
10539856459,1
3696548432,1
3696548437,1
25500246,1
3696548438,1
3696548440,1
3267461729,1
1905779367,1
1905779369,1
25471681,1
8785457870,1
8785457871,1
2620105428,1
4175059691,1
25471732,1
25471740,1
1649365762,1
1649365764,1
473268999,1
25500427,1
4089236236,1
10309458701,1
1649365780,1
1649365789,1
1649365797,1
4643337000,1
473264937,1
1649365800,1
4627491632,1
1649365810,1
1163954995,1
4643337012,1
1649365816,1
1649365820,1
4627491645,1
4627491650,1
1777742666,1
1163955034,1
473269102,1
25500535,1
4240028578,1
4240028580,1
4643337143,1
10310609849,1
4643337146,1
10310609852,1
10310609879,1
10310609881,1
10310609887,1
10310609894,1
25504753,1
1360122917,1
1609966639,1
1609966643,1
1609966653,1
7179983946,1
7179983947,1
4150883407,1
4150883409,1
8755805288,1
10539068534,1
8755805305,1
8755805306,1
7827997819,1
10539068544,1
473267328,1
10539068550,1
107667,1
107668,1
10539068565,1
10539068564,1
7607080091,1
7607080092,1
1239549084,1
5009054881,1
107684,1
107685,1
107686,1
10539068590,1
5009054894,1
5009054898,1
419632307,1
10539068598,1
473265346,1
4197401800,1
4197401802,1
10539648210,1
4197401811,1
4197401813,1
2360681703,1
21685483,1
21685484,1
21685485,1
2360681709,1
2360681711,1
2360681713,1
2360681716,1
4378043649,1
4378043661,1
4378043662,1
4378043667,1
4378043682,1
1268903266,1
7946378606,1
7946378609,1
7946378610,1
6509684096,1
4158223748,1
3763565957,1
3763565959,1
3763565961,1
3763565962,1
748885408,1
2665239972,1
2665239978,1
4166634960,1
4627445215,1
4627445239,1
4627445240,1
4627445241,1
956233215,1
956233216,1
4627445252,1
4627445253,1
4627445254,1
8620105223,1
4627445257,1
4627445260,1
4627445261,1
473265708,1
8620105262,1
10539712057,1
10539712058,1
1828402758,1
1828402774,1
25577057,1
473265762,1
4696544883,1
748799641,1
3972566710,1
7613626042,1
7613626044,1
7613626045,1
7613626046,1
7613626047,1
1214922433,1
7613626050,1
1707790023,1
1707790024,1
1707790026,1
7613626059,1
7613626060,1
7613626066,1
7613626070,1
4034060007,1
4034060015,1
4329502449,1
4034060018,1
2265065203,1
4034060017,1
2265065207,1
8868824844,1
4379801357,1
6137798425,1
4076095262,1
4085767970,1
4085767974,1
7610670890,1
4085767979,1
7610670892,1
4085767983,1
4085767989,1
25470782,1
7610670912,1
7610670913,1
7610670919,1
7610670920,1
4530339698,1
4530339699,1
104319,1
5114681227,1
5114681230,1
1837610895,1
1837610896,1
1813794712,1
1813794713,1
269547420,1
1726730162,1
1726730165,1
4370333637,1
25470928,1
4370333651,1
4370333652,1
4370333653,1
4370333657,1
104320,2
1215563904,2
373364228,2
1401870341,2
1649365894,2
1401870340,2
1726730375,2
3229825163,2
5475684621,2
6369329166,2
3229825166,2
8868824851,2
8868824852,2
3229825173,2
5475684758,2
8868824855,2
8868824856,2
8868824857,2
5475684763,2
107681,2
20965794,2
20965797,2
107687,2
18397096,2
20965803,2
5353114285,2
1163955119,2
269549104,2
269549105,2
5475675316,2
1163955128,2
1163955130,2
5475684676,2
5475684680,2
10263444809,2
5475684684,2
441958994,2
1163955037,2
21693793,2
21693795,2
5475684848,2
1649365878,2
1215563895,2
1771426174,2
25504770,3
1311962122,3
470729237,3
8807429660,3
5046005789,3
5046005790,3
8807429662,3
8807429663,3
8807429661,3
7926506525,3
7926506531,3
6509584414,3
24951853,3
1678155318,3
1678452790,3
1678452792,3
1678452795,3
25067068,3
1678452796,3
1678452797,3
10311362114,3
10311362115,3
1828402760,3
250549835,3
470729292,3
1828402763,3
3474115151,3
24658003,3
24658007,3
18468951,3
24658010,3
5046314074,3
5046314077,3
18468958,3
18468961,3
6369390690,3
18468962,3
6369390692,3
3704225378,3
10311362150,3
10311362148,3
6369390696,3
10311362153,3
10311362154,3
5976850023,3
6369390700,3
5976850024,3
1718328435,3
7610670710,3
107641,3
1718328442,3
107643,3
107644,3
107646,3
10677375,3
25161345,3
25161346,3
25161347,3
25161348,3
25161349,3
25161350,3
25161351,3
25161352,3
25161353,3
4962956931,3
21565570,3
9611081868,3
25161357,3
25161365,3
25161367,3
25161368,3
25161371,3
28800667,3
28800668,3
28800671,3
28800672,3
4922952353,3
7610670751,3
18395811,3
7610670752,3
25066666,3
4922952363,3
4922952365,3
4922952366,3
7553887409,3
1268892338,3
4922952371,3
4922952372,3
4922952373,3
4922952374,3
3656358067,3
7610670771,3
3664398009,3
7610670769,3
3664398007,3
25066684,3
10311362236,3
3664398006,3
25066687,3
25066694,3
8785457865,3
8785457866,3
8785457867,3
5090420940,3
5090420941,3
1707790029,3
10311178960,3
10311178961,3
1684511955,3
10311178964,3
1938819283,3
1938819284,3
10311178967,3
10311178970,3
1268892379,3
1707790044,3
367105757,3
1938819294,3
10311362270,3
10311362271,3
10311362272,3
10311178978,3
1938819301,3
7553887464,3
10311178985,3
1163954922,3
1707790062,3
10311178991,3
1938819317,3
1938819320,3
4866623226,3
4866623228,3
1938819325,3
1938819326,3
4866623230,3
1938819328,3
1938819330,3
25067266,3
1938819335,3
1835355913,3
2387194123,3
8807441166,3
2387194127,3
2387194128,3
18393873,3
1835355922,3
2387194131,3
2387194133,3
8807441176,3
1835355929,3
8807441177,3
1835355931,3
8807441178,3
8807441179,3
25066784,3
1835355936,3
8869464354,3
1401926435,3
1835355940,3
2387194149,3
2387194150,3
8869464357,3
1835355944,3
1268900644,3
8869464362,3
1835355946,3
2387194156,3
1726730029,3
4866552622,3
4866552623,3
4866552625,3
1726730033,3
8869464371,3
1835355953,3
1835355955,3
4866651961,3
1835355961,3
1726730043,3
1835355964,3
1835355965,3
21307200,3
4866651969,3
1726730049,3
1835355972,3
1835355973,3
1268900678,3
5046447437,3
25066333,3
25505629,3
1726730080,3
25066337,3
25066338,3
1726730082,3
24950117,3
1835356006,3
316763500,3
316763501,3
1046306670,3
1046334318,3
1835356013,3
1655418222,3
1793420652,3
1793420660,3
1268892533,3
316763513,3
1268892541,3
25505662,3
8438226815,3
5087519104,3
104321,3
104322,3
5087519106,3
8869435268,3
6369361794,3
5090420614,3
5090420613,3
9024139143,3
9024139144,3
5090420611,3
1852996996,3
1726730120,3
1726730123,3
5043864464,3
8869435281,3
25504145,3
25504146,3
25504148,3
25504149,3
8869435286,3
8869435287,3
8869435288,3
3664405913,3
25504150,3
316763548,3
1311962016,3
6055863205,3
4729448869,3
6055863211,3
25066412,3
10310609841,3
10310609842,3
25066419,3
1726730167,3
1777727945,3
1777727947,3
1777727949,3
1777727950,3
10310609872,3
1777727958,3
1777727960,3
1777727961,3
1777727962,3
10310609885,3
7223709662,3
1725360097,3
5046005730,3
5046005731,3
7223709668,3
7223709669,3
7223709667,3
5976850019,3
4085778922,3
2466442731,3
4085778924,3
317380078,3
5046005743,3
4085778928,3
5046005745,3
25504755,3
25504756,3
2466442741,3
4085778934,3
2466442743,3
2012969972,3
4830306810,3
25504763,3
2334502396,3
4830306813,3
25475072,4
4715264001,4
4715264002,4
843376643,4
4715264004,4
3809744451,4
4715264006,4
4715264007,4
6014302222,4
2278320142,4
6014302224,4
6014302225,4
3197339666,4
3136311315,4
3136311316,4
24662037,4
3197339667,4
3197339668,4
3197339664,4
3197339673,4
2278320154,4
3197339674,4
3197339676,4
1150003237,4
2278320167,4
3197333544,4
25532464,4
5342236723,4
5342236724,4
2218344503,4
5342236728,4
3197333559,4
3629223994,4
3629223995,4
250327100,4
5342236733,4
5342236734,4
2218344510,4
1390303296,4
3629223996,4
9690974277,4
4729385030,4
5342236743,4
5342236744,4
4729385031,4
25477197,4
2870261844,4
1327865950,4
1211381855,4
32825440,4
1327865952,4
32825442,4
1327865953,4
1327865956,4
1327865957,4
7151566952,4
25477224,4
7151566955,4
25477228,4
5473273966,4
5473273967,4
5473273968,4
25067636,4
2934268024,4
1719529597,4
2934288510,4
1719529599,4
2934288512,4
2961540,4
2934288518,4
2961549,4
27459729,4
2934288530,4
2129578132,4
2961557,4
2129578133,4
25067670,4
1150003354,4
2129578142,4
3809870263,4
1312471202,4
10542989479,4
3334162601,4
2929119403,4
3334162604,4
2929119405,4
3808626859,4
3808626860,4
3808626862,4
3808626865,4
10542989484,4
3808626868,4
3808626869,4
25477301,4
3808626871,4
3808626872,4
1150003385,4
806373565,4
3808626878,4
1233350847,4
1233350848,4
1039290561,4
1312471234,4
4688513218,4
3808626882,4
4688513221,4
3808626886,4
3808626887,4
3808626884,4
1150003400,4
4688513226,4
4688513227,4
3808626893,4
1233350862,4
4688513230,4
4688513231,4
3808626895,4
3808626896,4
25067728,4
25067727,4
4688513237,4
3808626902,4
3809870273,4
5106520280,4
5009060057,4
2969438426,4
4688513242,4
4688513244,4
4688513245,4
4688513240,4
3153656028,4
3808626912,4
3808626905,4
1039290594,4
1312471267,4
8210567396,4
3808626914,4
707377382,4
3153656030,4
3808626913,4
1233350889,4
8210567401,4
3808626922,4
3808626923,4
3809870277,4
8210567402,4
6574794989,4
3808626929,4
27459830,4
3808626934,4
3808626935,4
1939558651,4
3808626940,4
3808626941,4
1939558655,4
3808626945,4
3808626947,4
1939558661,4
1939558663,4
3136301320,4
3136301321,4
1939558666,4
1939558667,4
3136301324,4
3136301325,4
1939558672,4
3136301328,4
1150003480,4
1939558681,4
2528522522,4
6463234329,4
1939558684,4
1939558687,4
5925626143,4
3139705124,4
1939558697,4
1939558700,4
1987381555,4
8043350334,4
5816744255,4
8043350335,4
27459905,4
2622222657,4
2622222658,4
2622222659,4
5223919938,4
473258313,4
2622222668,4
4195103055,4
3794876751,4
4195103059,4
25069911,4
25475419,4
1150003547,4
25067871,4
1312188768,4
8814668131,4
8814668133,4
8814668135,4
5565466174,4
8814668136,4
8814668137,4
25067883,4
8814668138,4
5565466175,4
25248112,4
25248113,4
25248114,4
25248115,4
25248117,4
25248118,4
25248119,4
25248120,4
3808627061,4
25248122,4
25248123,4
25248124,4
25248125,4
25248126,4
25248127,4
25248128,4
9690878337,4
27459970,4
27459971,4
25248129,4
25248130,4
5473274242,4
10306429318,4
10306429312,4
10306429319,4
25067914,4
4075008388,4
1255369105,4
1255369111,4
1312264600,4
25067929,4
3932064154,4
3932064156,4
5065949596,4
5065949598,4
2059790748,4
25067936,4
10596794785,4
1150003423,4
250325411,4
1255369125,4
1255369128,4
1255369135,4
3809870259,4
1255369140,4
3809870261,4
3809870262,4
3809870260,4
3809870264,4
3809870265,4
3809870266,4
3809870267,4
4224123324,4
3809870269,4
1255369148,4
3809870270,4
259252667,4
5340811707,4
3809870272,4
9690915267,4
32838084,4
25070019,4
2538458895,4
5340811717,4
1255369156,4
1255369159,4
5340811720,4
9690915275,4
6465896907,4
6465896909,4
9690915278,4
5340811719,4
3809870281,4
3809870283,4
3809870287,4
10543014346,4
3809870288,4
1312188886,4
10543014362,4
10543014363,4
25475550,4
10543014367,4
10543014371,4
10543014372,4
10543014373,4
10543014374,4
2254629351,4
8807410152,4
25475561,4
1678283242,4
8807410154,4
10543014380,4
10543014377,4
8807410158,4
1678283247,4
10543014379,4
4085778929,4
10543014386,4
4085778931,4
10543014388,4
10543014387,4
10543014390,4
28193265,4
5565487612,4
338319877,4
1401416203,4
1365887500,4
5116226063,4
4530012690,4
4530012691,4
906172949,4
4530012695,4
4317178392,4
4530012696,4
473219610,4
4530012705,4
4530012706,4
4530012707,4
1796137508,4
4530012711,4
295977520,4
5340811825,4
4430996023,4
4430996024,4
25477335,4
4430996027,4
3632577084,4
4430996028,4
4430996029,4
4085783099,4
4534184512,4
4430996033,4
4534184514,4
4534184515,4
4085783105,4
4085783107,4
3272782406,4
4085783106,4
4085783103,4
57786953,4
1668135492,4
4430996044,4
25475661,4
25477339,4
25475663,4
25475664,4
1493676622,4
1779589718,4
5238587992,4
5335233113,4
5238587994,4
5335233115,4
5905893980,4
2218340965,4
27460198,4
250327660,4
5904585328,4
27460210,4
10306429310,4
5049840244,4
2197518969,4
5473274493,4
5473274494,4
25475712,4
251892353,4
27460226,4
5473274501,4
5473274502,4
5473274503,4
5473274506,4
5473274507,4
5473274508,4
6458938003,4
1271804564,4
5473274519,4
6458938008,4
6458938007,4
6458938011,4
5473274525,4
5473274528,4
5473274529,4
3136301730,4
3136301731,4
5473274532,4
5473274533,4
5473274534,4
5473274531,4
6458938017,4
5473274540,4
6463230640,4
1418752689,4
3715515059,4
25475770,4
5473273372,4
2496836291,4
1401459399,4
1401459400,4
10306423498,4
1401459403,4
10306423499,4
2496836303,4
10306423508,4
24660697,4
4333847283,4
1255320311,4
3805378113,4
2622212860,4
4317211389,4
2622212862,4
3805378114,4
2622212865,4
251757321,4
1255490314,4
2622212878,4
3733299982,4
1255320339,4
3733299988,4
2622212885,4
5141625621,4
2622212887,4
7906964248,4
2622212889,4
7906964249,4
5141625623,4
9699961628,4
5141625625,4
5141625630,4
1014649631,4
2622212895,4
2622212897,4
1255320354,4
5141625635,4
5141625629,4
8429812517,4
5141625637,4
2622212903,4
5096270631,4
251892523,4
28418859,4
1255320363,4
1255320367,4
2622212914,4
4534858546,4
4534858548,4
4136137525,4
3471375905,4
4136137527,4
5141625655,4
4136137529,4
4136137530,4
6032044857,4
475396924,4
28418877,4
2622212925,4
2622212927,4
475396929,4
2622212930,4
6032044865,4
2622212933,4
2622212937,4
6032044874,4
2622212939,4
473258826,4
2622212941,4
4138224462,4
4138224463,4
2622212942,4
5141625681,4
8042031957,4
5473274710,4
27460439,4
4167762776,4
8042031958,4
4167762778,4
5473272665,4
5473272666,4
28418909,4
5473274717,4
6265654111,4
5473272668,4
5141625696,4
5141625698,4
5141625699,4
5473274724,4
5473274725,4
109414,4
4866976614,4
109416,4
28418921,4
3381130090,4
3381130092,4
4382350190,4
28728187,4
1237883773,4
24660863,4
3930921860,4
3145798533,4
4223357836,4
28728205,4
28728208,4
4223357841,4
28728210,4
1733389217,4
24951721,4
3673602988,4
288193455,4
3093894066,4
25265077,4
25265080,4
3637449663,4
1733389249,4
4511972301,4
4511972302,4
25066457,4
1733389278,4
1312932849,4
5473274866,4
5473274867,4
3632581622,4
585180151,4
1733389314,4
5473274891,4
1255369152,4
5473274896,4
251892754,4
1722621701,4
1719663634,4
7236131862,4
24949783,4
3735886877,4
5473274911,4
250549282,4
1733389349,4
1733389353,4
3076574254,4
3076574255,4
5641663538,4
5641663539,4
5473272894,4
5473272895,4
107584,4
107585,4
107586,4
107587,4
107588,4
5473272899,4
5473272897,4
5473272896,4
1722621711,4
5473274957,4
5473274959,4
675734610,4
675734613,4
107606,4
6332695639,4
3141817429,4
5473274969,4
6332695642,4
3272712566,4
1727515734,4
675734622,4
4383581281,4
1233327202,4
250549348,4
5141216792,4
107626,4
107627,4
3808625773,4
5473274990,4
107632,4
107634,4
3808625778,4
3808625780,4
107637,4
3808625782,4
4861365369,4
4861365370,4
3808625786,4
5473275004,4
4861365372,4
3808625785,4
3808625791,4
10677376,4
10677377,4
5165786242,4
3808626904,4
3808625796,4
5165786245,4
10306429309,4
8515091591,4
4861365383,4
7623861385,4
1271712905,4
4749094023,4
3808625804,4
4749094026,4
1271712911,4
3808625809,4
5473272978,4
1271712914,4
3061197976,4
1271712920,4
1271712922,4
6995618971,4
2793874587,4
7553887392,4
6995618977,4
1271712931,4
4867087524,4
1271712934,4
3808625831,4
109737,4
3808625835,4
4867087532,4
3808625837,4
1556260011,4
4867087535,4
1728472241,4
1271712946,4
3808625843,4
3808625844,4
3932064957,4
3808625853,4
3808625855,4
1271712957,4
3808625854,4
3708234955,4
3708234956,4
3708234957,4
4089885906,4
25068755,4
251892950,4
21990614,4
21990620,4
1719661631,4
728370399,4
21990624,4
21990625,4
302013666,4
21990627,4
302013668,4
2642857191,4
377490664,4
2642857197,4
5473273069,4
2642857199,4
4552504560,4
5473273072,4
4552504562,4
2642857203,4
5473273071,4
5473273070,4
697044225,4
21523714,4
1951616261,4
21523718,4
21523719,4
1951616268,4
5334381837,4
4155841810,4
4155841811,4
1787108626,4
1951616276,4
4155841816,4
24661273,4
4155841818,4
4155841820,4
24950050,4
4155841827,4
5141228834,4
1787108647,4
1787108648,4
1787108649,4
1787108650,4
24950061,4
4316822830,4
24950064,4
24950065,4
5473273139,4
5473273140,4
5473273141,4
5473273142,4
5342229818,4
25068862,4
1951616319,4
2577040703,4
5473273154,4
1951616322,4
6288147785,4
6288147786,4
5094718794,4
25070924,4
25496910,4
5094718798,4
24950101,4
24950102,4
24950104,4
24950105,4
1271774552,4
1402070363,4
1402070364,4
1402070365,4
24950107,4
24950110,4
357999964,4
24950111,4
24950112,4
24950109,4
24950113,4
24950114,4
24950115,4
7911267685,4
7911267688,4
7911267686,4
2935373159,4
2935373161,4
1731235480,4
8807431534,4
3141814027,4
8807431536,4
8807431541,4
8807431546,4
3988141441,4
3988141442,4
3515286913,4
1678245252,4
8807431559,4
8807431560,4
249558409,4
1678226827,4
5473273227,4
3887941012,4
3887941013,4
2872704413,4
2872704414,4
1678226846,4
3375451555,4
4317187494,4
6266867111,4
835390887,4
6266867113,4
6266867114,4
3375451561,4
3375451563,4
3375451565,4
24661419,4
3375451566,4
1779881392,4
835390894,4
835390893,4
25544110,4
2560785849,4
429346236,4
429346238,4
1689605567,4
429346241,4
429346242,4
429346243,4
429346244,4
4511948225,4
1312454087,4
10599654857,4
429346251,4
4166634955,4
429346253,4
1312454094,4
5473273295,4
4166634957,4
4166634961,4
4166634962,4
252601811,4
2374491605,4
3152307669,4
5473273305,4
10543014339,4
10543014340,4
5141216742,4
5141216745,4
5141216746,4
5565466177,4
5473273326,4
4316823023,4
3170676207,4
10543014343,4
5473273332,4
2935373301,4
3809744380,4
3809744381,4
3809744383,4
3809744384,4
3809744385,4
3809744386,4
3809744387,4
3809744389,4
3809744390,4
722208263,4
3809744392,4
30078473,4
5933145606,4
3809744395,4
3809744396,4
5141216782,4
25069071,4
3809744398,4
3809744400,4
5141216785,4
3809744403,4
3809744404,4
5473273364,4
5141216790,4
5473273363,4
5473273368,4
5141216787,4
3809744401,4
8807429659,4
9693920796,4
25071133,4
9693920797,4
5473273373,4
25071136,4
3215685153,4
25071137,4
25071139,4
2003007012,4
9693920800,4
25071142,4
5473273376,4
5473273379,4
722208297,4
25071145,4
4453606953,4
3809744419,4
3809744423,4
4453606958,4
1532087855,4
3809744426,4
2929116721,4
5924603442,4
3809744433,4
3809744431,4
3809744432,4
3809744430,4
5473273399,4
3809744434,4
3809744439,4
5924603450,4
3809744443,4
3809744444,4
3809744436,4
3809744446,4
3805378111,4
3805378112,4
3629217345,4
3629217346,4
3629217347,4
3629217348,4
3805378117,4
3805378116,4
3805378119,4
3805378120,4
3805378121,4
3805378122,4
3805378123,4
283061836,4
3805378124,4
3809744453,4
6018098767,4
5565466183,4
5473273425,4
6446292562,4
6446292564,4
5473273429,4
1678227031,4
5473273433,4
6446292570,4
6218501723,4
6218501724,4
6218501725,4
5473273435,4
6446292571,4
6446292572,4
5473273441,4
6218501730,4
6218501736,4
6218501737,4
6218501739,4
6218501740,4
5473273451,4
6218501742,4
6218501745,4
6218501746,4
5473273457,4
6218501748,4
6218501751,4
10013517434,4
6218501757,4
27459198,4
6218501758,4
6218501759,4
6218501761,4
1238259337,4
1497452171,4
4726152844,4
25069197,4
4530011788,4
25161360,4
25161361,4
4726152850,4
5473273490,4
4726152852,4
4726152853,4
25161363,4
25161362,4
1497452184,4
4726152857,4
4726152858,4
4726152859,4
4726152860,4
5473273499,4
110238,4
5473273500,4
1569312412,4
25161375,4
1951372959,4
1731235489,4
1731235492,4
6110164647,4
7824803495,4
7824803497,4
9030284973,4
3809744558,4
9030284975,4
9030284977,4
1493722804,4
3809744565,4
277337783,4
4529839800,4
9030284983,4
1255487162,4
3809744571,4
3809744572,4
1731235511,4
3471375913,4
1255487171,4
2387226309,4
1255487174,4
3809744583,4
1255487176,4
1255487177,4
3809744584,4
1731235534,4
25069265,4
1255487187,4
1731235545,4
7644741343,4
5580861151,4
7644741345,4
7644741346,4
5580861153,4
7644741348,4
5473273571,4
1731235557,4
1731235558,4
8210567392,4
473259748,4
5104314096,4
8210567395,4
7223365368,4
7223365372,4
24659709,4
2378843907,4
5473273604,4
5473273605,4
2538458886,4
2538458887,4
742399752,4
2538458889,4
2538458888,4
5473273607,4
5473273612,4
2538458893,4
5473273611,4
5473273613,4
5473273610,4
2538458897,4
2538458898,4
2538458899,4
2538458894,4
3987750677,4
5473273615,4
2538458903,4
2538458904,4
2538458905,4
5473273621,4
5473273623,4
5473273622,4
1722621718,4
3906588446,4
3139677982,4
3906588448,4
3809744406,4
4086232866,4
8064065315,4
8064065316,4
3906588452,4
3906588454,4
4086232870,4
9216868136,4
9216868137,4
2920433449,4
8064065323,4
8064065324,4
9216868141,4
3809744409,4
9216868143,4
4086232871,4
9216868145,4
3809744412,4
30056255,4
3809744414,4
4629462859,4
3809744415,4
3809744416,4
30056277,4
5473273606,4
3809744417,4
3100169049,4
5141354330,4
5141354331,4
3809744418,4
3805122396,4
3805122394,4
3809744421,4
5227220846,4
2203268985,4
4382273402,4
8869435257,4
4382273404,4
9030029183,4
8869435266,4
104323,4
8869435267,4
108420,4
8869435272,4
8869435273,4
25067400,4
1547657099,4
5565486432,4
2402557839,4
1547657104,4
252729234,4
5565486434,4
7911231384,4
5104314264,4
5104314266,4
5104314268,4
5104314269,4
5104314270,4
5104314272,4
5104314275,4
5104314276,4
25532332,4
3808627066,4
843376569,4
3247933381,4
25067461,4
25067463,4
3629223879,4
3629223881,4
843376588,4
3629223885,4
24661966,4
843376591,4
3629223884,4
25067473,4
843376594,4
3629223890,4
471488469,4
25067479,4
25532377,4
1731225566,4
1237876703,4
25532384,4
2218362849,4
843376610,4
5141625653,4
1237876710,4
1731225575,4
5141625654,4
1731235606,4
1731225580,4
1312454055,4
25477106,4
3637436403,4
3637436404,4
1782714747,4
5104314358,4
4715263991,4
4715263992,4
4715263993,4
4715263995,4
1731225596,4
4715263998,4
585124778,5
1951242858,5
107614,5
1864047135,5
5141876996,6
5141876999,6
5198585559,6
5198585557,6
5198585558,6
107638,6
5198585560,6
5198585561,6
5198585562,6
25067324,6
21583366,7
4017328647,7
8785484298,7
350377994,7
350377999,7
8785484306,7
2343269909,7
4689775126,7
8785484312,7
8785484313,7
2293833763,7
25496100,7
25495589,7
10241310755,7
6863550501,7
25496617,7
470727722,7
1419565097,7
25496622,7
25496623,7
4689775161,7
4275398714,7
4275398716,7
1148276284,7
4275398720,7
4275398721,7
4275398723,7
5006063174,7
9949142599,7
5006063176,7
21563463,7
5006063180,7
21563479,7
269550681,7
21563481,7
4658088539,7
269550684,7
26374237,7
26374236,7
21563489,7
5736692333,7
25475182,7
5736692334,7
21563504,7
21563503,7
21563507,7
21563508,7
2294047355,7
2294047375,7
4156336278,7
25509526,7
350437528,7
7271474841,7
7271474843,7
6769325725,7
7271474850,7
7271474852,7
8785567909,7
107692,7
107693,7
4691514032,7
4691514035,7
3972566713,7
4530270906,7
3972566715,7
3972566716,7
269550783,7
269550786,7
1617596621,7
4275394254,7
4275394255,7
1617596626,7
1617596627,7
4822267094,7
21578454,7
21578456,7
21578457,7
1020211942,7
1617596646,7
1707790055,7
1707790057,7
4691460850,7
4691460851,7
1707790067,7
269550330,7
269550331,7
269550332,7
269550333,7
1707790074,7
1617596669,7
1707790076,7
25475330,7
25475331,7
25475332,7
25495822,7
1707790096,7
1617596693,7
1707790105,7
25495838,7
1617596711,7
1617596714,7
25495852,7
7223668012,7
25495854,7
269550896,7
25495857,7
269550898,7
25472324,7
4650375494,7
1617647944,7
1617647945,7
762080077,7
4650375504,7
25378129,7
4650375505,7
7223704403,7
237908,7
7223704404,7
4650375508,7
25498458,7
323262310,7
762080105,7
6828921210,7
6828921211,7
1955520890,7
762080145,7
21392273,7
2586616722,7
21392276,7
5374174119,7
33141178,7
762080190,7
8373690819,7
5880186827,7
5880186829,7
5880186830,7
5880186833,7
269589467,7
7223695325,7
7223695326,7
8785568222,7
8785568223,7
321255907,7
759123955,7
1832227873,8
343669793,8
343669796,8
343669798,8
25496624,8
5976672308,8
1832227893,8
25495617,8
25495618,8
25495639,8
25495640,8
25495646,8
25495648,8
6724775012,8
6724775018,8
1832248428,8
1832248430,8
1832227968,8
1832227972,8
338472586,8
338472589,8
25495697,8
25495698,8
6279388821,8
6279388822,8
6279388824,8
2458257563,8
1832227996,8
1364161197,8
5265953455,8
1832228016,8
5265953457,8
5265953459,8
1834657466,8
1834657469,8
1832228035,8
1832228039,8
323260106,8
1953202903,8
25495769,8
25496800,8
350437608,8
2458303223,8
1832129783,8
25496825,8
25495807,8
25495819,8
25495820,8
1832129807,8
1707790107,8
1832129821,8
8975700260,8
1832052008,8
1832129835,8
1832052016,8
25495858,8
1816038199,8
1816038214,8
1832129869,8
1832129873,8
1832129878,8
1816038230,8
1832129881,8
1832129884,8
1832129888,8
108389,8
108391,8
1832129917,8
5060391821,8
5014591889,8
5014591895,8
1832129947,8
1832129951,8
10543800252,8
350628799,8
350628804,8
8645592520,8
8645592521,8
1364172237,8
1832240590,8
1832240598,8
6354294763,8
1364168178,8
1364168180,8
321255925,8
25495542,8
5060391418,8
6354294779,8
25497619,9
5095890460,9
5503142966,9
5503142969,9
5503142970,9
9820537917,9
9820537921,9
1736685635,9
9820537932,9
9820537933,9
1326821457,9
4297243218,9
1816777816,9
9576827482,9
25475674,9
1816777820,9
25475678,9
775984737,9
9820537954,9
9820537955,9
775984738,9
9820537957,9
4729480806,9
4729480807,9
25475692,9
25475693,9
25475694,9
1736685679,9
1816705135,9
4571244660,9
4571244663,9
9820537981,9
9820537982,9
1816705152,9
9820537992,9
9820537993,9
1599652492,9
1816705168,9
1816777873,9
9820538002,9
1816777874,9
9820538004,9
1599652497,9
9820538006,9
1816705175,9
1816705177,9
4297243292,9
4298971293,9
1816705180,9
4297243295,9
1816705183,9
4297243298,9
9820538020,9
9820538021,9
4158004390,9
9820538022,9
4297243301,9
1816705193,9
4297243306,9
10579930792,9
10579930791,9
25475752,9
25475754,9
4571238068,9
4571238069,9
1938953406,9
1326821568,9
5353127105,9
3257317059,9
1938953413,9
748797126,9
1816705227,9
8783914189,9
6828863694,9
8783914190,9
1816609486,9
6828863697,9
1816705235,9
6272993491,9
1938953431,9
1938953433,9
748797145,9
1816705242,9
1816609498,9
1938953437,9
1816705246,9
1816705250,9
748797155,9
21990638,9
4158122222,9
9805100783,9
4158122223,9
25497340,9
4298970364,9
4298970368,9
4298970372,9
4298970376,9
4298970380,9
4298970384,9
4298970388,9
1664571164,9
3107212073,9
355416887,9
355416892,9
355416911,9
4297242961,9
1601797458,9
355416920,9
355416921,9
1664571227,9
109403,9
1664571229,9
1664571236,9
4297054053,9
4297242983,9
108393,9
108406,9
1145174402,9
1493229962,9
1145174413,9
1145174417,9
1261120402,9
1145174418,9
9693963681,9
1145174435,9
1145174437,9
9693963688,9
710657963,9
1261120430,9
7947041713,9
4142725554,9
1813618616,9
3830441923,9
7075087299,9
3830441937,9
25499093,9
435104726,9
435104727,9
435104728,9
435104729,9
6696695781,9
1145174501,9
1145174508,9
422573549,9
1913216493,9
6239229422,9
6239229423,9
25497595,9
8604055549,9
8604055550,9
25499808,10
390073160,10
5306194265,10
25632684,10
5973397966,10
3586606039,10
3586606038,10
25634199,10
3586606040,10
108409,10
20626290,11
2278320131,11
108838,11
108842,12
2141364732,12
2141364708,12
108845,13
5124166975,13
1777728708,14
108871,14
20626317,14
20626318,14
4866475733,14
3796774902,14
4866475736,14
5124166971,14
5124166973,14
18395806,14
108903,15
25496777,15
245200970,15
4211515569,15
663363473,15
8972511964,15
109408,16
894485202,16
470727954,16
1236791504,16
20626311,17
20626312,17
3796814729,17
20626315,17
20626316,17
7572522510,17
7572522511,17
7572522512,17
7572522513,17
7572522523,17
6509584413,17
109734,17
7572522540,17
2012970414,17
1536948536,17
7572522556,17
2504847039,17
4866475729,17
4866475730,17
4866475734,17
4866475738,17
1852996954,17
1536948578,17
109411,17
109412,17
2504822135,17
1536948474,17
1536948477,17
25497603,18
1547013655,18
1547013667,18
25476134,18
4920098350,18
5342236721,18
4402629177,18
4402629178,18
4402629180,18
1547013699,18
5342236740,18
5342236739,18
1566270021,18
1547013704,18
3830029915,18
1547013730,18
1550763620,18
1547013743,18
1547013754,18
5976760444,18
5976760446,18
1547013760,18
707377287,18
109728,18
4402594986,18
4619022513,18
4619022514,18
1550763708,18
9694091976,18
9694091978,18
9694091983,18
9694091984,18
1550763732,18
3708234964,18
5580861156,18
1547392771,18
27458331,18
1566269741,18
27458353,18
6218468163,18
6218468164,18
10544409928,18
10544409929,18
10544409930,18
30056280,18
10544409948,18
10544409950,18
1547392865,18
10544409954,18
10544409957,18
10544409958,18
10544409959,18
10544409960,18
10544409961,18
5768339817,18
10544409963,18
10544409964,18
5768339816,18
10544409966,18
10544409967,18
367121266,18
30056310,18
20625793,18
30056330,18
1547392927,18
3215687074,18
5905807278,18
5905807279,18
2528484782,18
1547657140,18
3830043581,18
1547013574,18
1312454086,18
5335245256,18
5335245257,18
1566270409,18
5335245254,18
5564754892,18
9704122317,18
692162510,18
27481039,18
27481040,18
27481041,18
692162514,18
5931509715,18
1547013588,18
25474005,18
5931509718,18
27481044,18
1547013592,18
471488472,18
4807512540,18
4807512541,18
5564410334,18
25474015,18
692162527,18
2961891,18
1547013604,18
25474019,18
25475053,18
30057965,18
6600283121,18
692162559,18
249679365,19
9080098310,19
3168378376,19
9080098315,19
9080098316,19
28418580,19
3528711722,19
27459116,19
4422013486,19
249679407,19
251757615,19
27459120,19
7817166393,19
249679418,19
249679420,19
7817166397,19
5924603458,19
1042862659,19
5924603460,19
3081980922,19
7817166407,19
3073173576,19
3073173585,19
7899973206,19
28418138,19
28418141,19
27459165,19
28418144,19
8500636794,19
1042862718,19
4344245890,19
4344245892,19
4344245893,19
4344245894,19
3528738439,19
3528738440,19
3528738438,19
5257738380,19
5257738381,19
5257738382,19
5257738383,19
5257738384,19
5257738385,19
5257738386,19
5257738387,19
5257738388,19
9030037139,19
3528710291,19
27460250,19
6995618979,19
7817162919,19
5242815659,19
5160943793,19
5160943794,19
5160943795,19
5160943796,19
5160943797,19
5160943798,19
5160943799,19
5160943800,19
5160943803,19
5160943804,19
5160943806,19
5160943807,19
5160943808,19
6969936109,19
472493763,19
109766,19
1039290567,19
6969936102,19
4089885900,19
4089885902,19
4089885905,19
347542742,19
347542743,19
5174825175,19
5174825176,19
5174825178,19
302013659,19
5174825180,19
3892081373,19
302013662,19
5174825183,19
5174825181,19
3892081377,19
3892081378,19
9080123621,19
1014803686,19
3892081382,19
302013672,19
3892081384,19
302013674,19
1014803691,19
302013676,19
6969936106,19
302013678,19
6969936104,19
6969936110,19
6969936108,19
302013682,19
302013683,19
6969936114,19
302013685,19
6969936117,19
6969936115,19
302013688,19
1014803704,19
2914561272,19
25477371,19
3894948091,19
3894948093,19
249679102,19
2914561274,19
28419328,19
3894948098,19
3894948099,19
3894948100,19
302013708,19
6969936116,19
670103313,19
670103314,19
1014803736,19
3068267824,19
3068267825,19
2140124982,19
2140124983,19
3682538298,19
8042031930,19
249679168,19
5768339777,19
4116809027,19
2140124996,19
4144358216,19
4949004105,19
4949004106,19
4144358217,19
302013776,19
302013777,19
4948602211,19
28418929,19
27480956,19
27480957,19
27480958,19
6294214897,19
6294214898,19
3550836102,19
3550836104,19
251757452,19
251757458,19
2934411667,19
3014236566,19
3014236567,19
3014236569,19
3014236570,19
2935392676,19
3068270504,19
249558964,19
3068270516,19
249558966,19
3068270518,19
3186593720,19
5174828980,19
3186593722,19
1039322041,19
3984132032,19
28418497,19
3984132036,19
3984132037,19
249559005,19
251757533,19
7815533545,19
7815533546,19
249679343,19
1039322102,19
3081980920,19
9080098298,19
9080098299,19
2990651904,20
2990651905,20
5067002882,20
1759454211,20
2990651908,20
2990651909,20
2990651910,20
2990651906,20
2990651912,20
8989843465,20
2990651914,20
25497611,20
2990651911,20
1150003213,20
1759454222,20
2990651918,20
1758552592,20
2990651920,20
973128722,20
2990651921,20
1758552597,20
10607127,20
10607128,20
1150003224,20
1150003238,20
7553479208,20
5040168489,20
5040168491,20
1596655148,20
1596655149,20
7553479212,20
1150003247,20
5040168496,20
8784212017,20
1596655155,20
1813618228,20
1813618229,20
1596655157,20
8784177716,20
2990716984,20
1596655161,20
2990716986,20
2990716985,20
1150003264,20
256766532,20
256766533,20
2755124807,20
256766536,20
256766537,20
2990717001,20
2755124815,20
5238528591,20
256766545,20
1150003289,20
1759454299,20
2135411292,20
2135411293,20
1141487712,20
1759454305,20
4369519206,20
5041784423,20
25632870,20
1758552682,20
1141487723,20
1813618288,20
4369519219,20
5242049139,20
4369519227,20
6978555518,20
5609643647,20
1813618304,20
1150003329,20
6978555522,20
1141487746,20
5609643652,20
5609643653,20
2990780039,20
2987752071,20
20460681,20
2987752074,20
2987752075,20
2987752073,20
1684710025,20
20460686,20
20460687,20
20460680,20
5269670540,20
20460690,20
20460691,20
28800660,20
1759454351,20
5733998227,20
28800663,20
20460696,20
20460697,20
819132568,20
5733998228,20
1684710044,20
6506796188,20
4369519260,20
28800664,20
5609643675,20
5609643672,20
5609643676,20
5609643682,20
5609643685,20
5609643686,20
5609643687,20
5041784489,20
1759454378,20
25473199,20
25473200,20
2990664881,20
25473202,20
1758554291,20
25473204,20
25473205,20
1813618358,20
25473207,20
5041784501,20
244128951,20
5060405429,20
5060405427,20
5060405430,20
1813618365,20
5060405434,20
1326821569,20
5060405441,20
5060405443,20
5060405444,20
5060405445,20
5060405446,20
748941508,20
1813618376,20
1684835019,20
109780,20
1813618393,20
1759454429,20
6978557152,20
748941552,20
373402354,20
748941556,20
25497845,20
1684835062,20
1813618424,20
748941560,20
1813618426,20
1813618429,20
1813618431,20
1813618432,20
748941573,20
5060388105,20
748941577,20
5060388107,20
5060388110,20
1150003472,20
25497872,20
5060388115,20
2118622487,20
2118622488,20
1684835097,20
1813618461,20
1813618463,20
1813618465,20
1401893666,20
2480657186,20
2480657188,20
2480657190,20
1401893675,20
8975833905,20
6978563378,20
1813618484,20
8975833911,20
5041784633,20
5041784634,20
1813618493,20
8868824899,20
8868824900,20
8868824901,20
1150003532,20
875789647,20
8868824911,20
8868824913,20
8868824914,20
1366095187,20
8868824912,20
1366095189,20
1684835152,20
1684835156,20
10004388708,20
10004388710,20
1150003563,20
1684781421,20
3739049327,20
25497968,20
6014333809,20
25497970,20
632447859,20
1150003571,20
25472885,20
25497978,20
372050299,20
25497979,20
25497981,20
1684781436,20
25497985,20
25497990,20
2990806410,20
2990806411,20
3739049356,20
2990806415,20
968499092,20
3739049365,20
3739049366,20
1759454104,20
6871422361,20
6871422360,20
5238523291,20
1311962012,20
4948630427,20
1684781470,20
4948630428,20
5609643656,20
3739049382,20
3739049383,20
316763559,20
25632678,20
1954751914,20
5609643658,20
1684781486,20
5609643662,20
6816821186,20
435104712,20
1758552521,20
1758552522,20
435104715,20
1150003147,20
435104717,20
1758552524,20
6816821193,20
1759454163,20
1150003155,20
1758552541,20
1311962080,20
2990651907,20
1150003170,20
1758552547,20
5067002851,20
5067002855,20
1758552555,20
5067002862,20
1758552559,20
5609643673,20
5067002867,20
5609643674,20
1150003195,20
1150003197,20
18468953,21
9514602150,21
9514602151,21
9514602152,21
9514602153,21
5047029672,21
4922952364,21
4922952370,21
109785,21
4841764865,22
811035012,22
7911282826,22
10306429323,22
5905896973,22
1556097166,22
3887941007,22
10306429327,22
3887941009,22
3887941010,22
10306429328,22
1556097177,22
6446229925,22
6446218920,22
6446229933,22
1556097326,22
1556260024,22
6446256190,22
5905897286,22
1547013705,22
24952268,22
1556097111,22
109788,22
4169714270,22
4169714271,22
4169714272,22
1556097120,22
8807410149,22
6166157035,22
1556097387,22
8675201264,22
6446269173,22
435104742,23
1723340842,23
1723340785,23
25472789,23
110141,23
4823246342,24
8869472263,24
4823246344,24
10577984012,24
1343823416,24
1343823418,24
110143,24
2923703875,24
1150003270,24
18398282,24
5992797788,24
1757440607,24
5609643623,24
1493658224,24
20460684,24
1150003340,24
5609643663,24
3320754320,24
5609643665,24
3320754322,24
5609643664,24
5609643670,24
3247825561,24
3247825562,24
28800670,24
3247824558,24
250550447,24
3741117629,24
1684835016,24
4807521484,24
1309067471,24
1309067472,24
632438506,24
1685281003,24
1685281006,24
1685281010,24
1685281011,24
1685281013,24
1493662967,24
1685281017,24
1685281020,24
1685281021,24
1685281025,24
1685281029,24
1685281031,24
250550024,24
250550023,24
1685281032,24
1685281035,24
1685281041,24
1685281044,24
1685281045,24
1685281046,24
1141415192,24
1685281053,24
1685281056,24
1685281058,24
1141415202,24
1685281061,24
250550053,24
1685281063,24
1685281064,24
1141415215,24
1150003503,24
4401149234,24
1686463794,24
1685281075,24
1685281076,24
1685281077,24
1685281079,24
1141415220,24
1685281087,24
8869464390,24
1150003530,24
8869464398,24
1685281104,24
3741131600,24
3741131606,24
8869464407,24
7636244314,24
1685281123,24
149451620,24
149451622,24
2990721387,24
2990721390,24
2990721391,24
3739049344,24
1939632514,24
1939632519,24
5041945479,24
5041945480,24
3870640530,24
25498004,24
1685281175,24
1723315608,24
25498010,24
1686463389,24
25498015,24
1686463392,24
5938625442,24
1686463397,24
1684835241,24
7636278191,24
7636278193,24
7636278195,24
7636278196,24
7636278198,24
7636278199,24
7636278200,24
7636278201,24
8898783674,24
1686463428,24
8898783685,24
1312335310,24
5238500306,24
5238500308,24
5238500312,24
5238500313,24
5006781409,24
873809385,24
1685281260,24
1169109485,24
8869472239,24
8869472242,24
6866779798,25
6866779799,25
6866779802,25
4530012699,25
6866779804,25
4530012700,25
4530012702,25
6866779806,25
4530012703,25
6866779809,25
6866779810,25
6866779817,25
6866779818,25
2632761651,25
282708,25
4316306161,25
4316306163,25
4316306164,25
1761598585,25
25438595,26
25438732,26
25438638,26
282719,26
1832665997,27
1832666001,27
1958800795,27
8972441125,27
8972441126,27
25496748,27
25496750,27
1816038195,27
1816038215,27
5265830862,27
25496785,27
8972511962,27
8972511963,27
438170475,27
8972441579,27
21583342,27
25496815,27
10572785,27
7279239795,27
8785568224,28
8785567914,28
8972441580,28
10572786,28
1985084095,28
435104736,29
25471135,29
1309180610,29
2755124962,29
435104738,29
1309180612,29
7792756412,29
1723389067,29
435104732,29
10607132,29
7792756414,29
435104735,29
1360122880,30
6431923714,30
6431923715,30
4462680068,30
7840712839,30
1832248457,30
1832248458,30
10607629,30
4462680078,30
5642519054,30
5642519055,30
5374174224,30
25496850,30
25496851,30
5642519056,30
9804471701,30
9804471702,30
25496854,30
595709975,30
25496857,30
5642519066,30
5642519060,30
5470932252,30
9846850973,30
9846850974,30
9846850972,30
5470932256,30
5573994014,30
5573994016,30
5642519068,30
5573994020,30
5642519069,30
1832129958,30
4730978983,30
5374174120,30
1832129960,30
1832129962,30
14672924,30
7203717550,30
5839165751,30
1360122937,30
25151180,30
4512763345,30
4512763347,30
5839155672,30
1360122841,30
5460658138,30
5471345385,30
1360122860,30
308837357,30
5573931376,30
5573931377,30
1360122866,30
5468301555,30
5573931380,30
5573931381,30
5573931384,30
529722111,30
1721713699,31
672061444,31
2902624645,31
2406484455,31
1312188714,31
1721713677,31
672061646,31
1717643505,31
1717643512,31
10677374,31
1717643530,32
1717643537,32
18395287,32
18395288,32
25161370,32
250326914,33
18469130,33
18469132,33
1401416208,33
8868010160,33
8868010162,33
250327159,33
20458277,34
250549587,34
4618510643,34
1312188692,34
4618510644,34
20625800,35
710521820,35
585201189,35
1561411396,35
6918421504,36
6918421508,36
6918421509,36
4777897926,36
6918421511,36
3616299208,36
6918421512,36
20626282,36
1556097098,36
6918421513,36
1951372909,36
10306429333,36
1556097431,36
8675201272,36
1556097306,36
1556097245,36
1951372927,36
25067264,37
25067265,37
2566132610,37
2566132611,37
25067397,37
25067398,37
5146186503,37
5146186504,37
5146186505,37
950703626,37
5146186507,37
25161356,37
6446301329,37
25505685,37
25161373,37
7824747295,37
25067298,37
7824747302,37
25067305,37
7824747306,37
6967585840,37
6967585841,37
6967585842,37
6967585843,37
1827389620,37
6967585845,37
1782727992,37
6446304190,37
5201625535,37
5201625537,37
5201625539,37
5201625541,37
25505606,37
1536948431,37
700774224,37
5146186589,37
5146186590,37
5146186591,37
25505634,37
5146186468,37
5146186470,37
4085778919,37
4085778920,37
1990694638,37
4085778927,37
4085778930,37
4085778933,37
5146186489,37
20626301,37
20626304,38
2941549929,38
2941549928,38
3519324894,38
5124166978,39
20626307,39
7572833352,40
7572833353,40
20626314,40
5177397824,41
8755805313,41
3328228994,41
4367041960,41
25524297,41
4367041962,41
21392267,41
6606135977,42
6606135979,42
6606135983,42
21392279,42
4462680066,43
1832129796,43
4462680070,43
9201323528,43
1832129800,43
21563788,43
6978443788,43
4462680076,43
1832129809,43
4462680082,43
1832129815,43
4208239642,43
338474279,43
21686572,43
21686574,43
1832129838,43
3972566705,43
3972566714,43
9203541581,43
4462683090,43
5839163740,43
5788363874,43
5788363878,43
5907366887,43
5788363880,43
9203541611,43
9203541612,43
9236477422,43
6828921212,43
1832129794,44
1832129785,44
25496847,44
1832129776,44
1832129778,44
4077495826,44
21685497,44
1684437690,44
1684437692,44
1832129789,44
21693787,45
25500239,45
25477858,46
4556931604,46
3661703766,46
819157975,46
819157946,46
21990622,46
1718566880,47
21990628,47
21990629,47
1718566886,47
21990631,47
21990632,47
8869464392,47
5042033643,47
8869464378,47
5565443389,47
5565443390,48
250327618,48
21990630,48
250327591,48
6116290274,49
24659947,49
6948380395,49
6948380400,49
6948380401,49
24949780,49
5046314043,50
25632860,50
24951854,50
10544113920,51
10544113922,51
24952195,51
10544113923,51
3887940999,51
2528522518,51
6867581464,51
6867581465,51
2528522524,51
694824861,51
2528483741,51
2528522528,51
2528522530,51
6985465124,51
6985465127,51
6985465130,51
6985465133,51
2528522542,51
2528484781,51
2528522547,51
2528522549,51
6886012733,51
2038033986,51
1556324684,51
3385387604,51
3385387606,51
3385387607,51
3385356250,51
4117882857,51
25532273,51
1689387896,51
1689387903,51
1718390753,52
1717650794,52
25066451,52
25066453,52
25161369,52
1309180608,53
7447637305,53
25471289,53
3691462888,53
25471274,53
25471090,53
2836220819,53
2755124947,53
2755124949,53
25632854,53
7447565847,53
7447565849,53
7447637306,53
2036181339,53
25471263,53
2036185421,54
25472215,54
4675821921,55
25472545,55
3328228993,55
4675821944,55
762080069,55
4675821925,55
4675821924,55
4665353643,55
4665353644,55
4675821932,55
4675821931,55
762080111,55
1617596591,55
1617596593,55
25473048,55
25472379,55
1617532092,55
1617596606,55
10196915587,56
10196915588,56
10196915589,56
32921737,56
32921738,56
10196915593,56
4675822093,56
4675822094,56
4675822095,56
4675821968,56
4675822097,56
761831057,56
4675822099,56
4675822100,56
270110481,56
270109325,56
751837591,56
1617647896,56
270109326,56
1617647900,56
1617647901,56
270112540,56
270112539,56
270109327,56
751837736,56
25472428,56
1401849779,56
751837622,56
270109370,56
1617647931,56
1617647934,56
1419544126,56
270110143,56
270110142,56
4665352260,56
4665352261,56
4665352262,56
761830981,56
4665352264,56
2134066506,56
761830987,56
9566848716,56
761830989,56
1419544142,56
26374230,56
26374231,56
761831000,56
26374232,56
751837654,56
761831004,56
761831007,56
270110053,56
270110054,56
321255911,56
321255910,56
4781199338,56
761831019,56
761831023,56
751837551,56
6483733489,56
6483733493,56
1419603573,56
25472890,56
761831037,56
25472800,57
149431715,57
2168949324,57
2168949325,57
1954751920,57
2940401398,57
3741131607,57
3741131608,57
4665353660,58
1617532091,58
25473004,58
4665353662,58
25475328,59
25473281,59
690295042,59
9700060290,59
9700060292,59
9700060291,59
1563638022,59
690295047,59
1990912136,59
5904615691,59
5904615694,59
5904615699,59
3999987604,59
5904615708,59
2528483742,59
1233353631,59
1321466104,59
5574049698,59
5574049700,59
4777885221,59
5574049702,59
4085387943,59
5574049703,59
4085387945,59
1233353642,59
4773889323,59
5574049707,59
5574049709,59
3385332654,59
283062189,59
1233353464,59
1233353640,59
9683686963,59
5574049717,59
9683633717,59
5574049718,59
4085600696,59
4229228089,59
4085600698,59
9683633718,59
5574049719,59
3733791671,59
673420216,59
1137777343,59
1155552319,59
1155552322,59
6779394887,59
796809545,59
8497605078,59
25475417,59
585148380,59
4832472797,59
9135848928,59
9135845216,59
680069473,59
8497605091,59
9683400934,59
1951242857,59
9683400938,59
680069483,59
713363180,59
4136124526,59
4166219502,59
8031801454,59
1990912115,59
696477560,59
5574051321,59
585130362,59
1233353467,59
25473279,59
5711517570,60
5711517571,60
4703559689,60
25497997,60
5479654172,60
1723388957,60
5479654175,60
1723388960,60
5479654177,60
2331184930,60
2331184932,60
25498021,60
2331184935,60
1723388970,60
9820538027,60
25632683,60
1723388974,60
1723388976,60
1723388979,60
1723388981,60
1723388986,60
1723388988,60
5006916678,60
446765895,60
446765900,60
5479655630,60
5479655634,60
4703542485,60
4703542486,60
25499095,60
390073175,60
6525670236,60
6525670237,60
2135411294,60
2135389151,60
2135411296,60
2135411297,60
6525670242,60
5479655652,60
25475688,60
25475690,60
25475691,60
5479655662,60
1723388925,60
6374802559,60
8632535522,61
1312188614,61
306439304,61
2545230474,61
8632535532,61
306439310,61
8632535535,61
25477149,61
25477150,61
3741078112,62
25477154,62
1312319838,62
306439338,62
306439329,63
25477156,63
7279228683,64
317930380,64
25496773,64
1985084135,65
1985084137,65
25496781,65
25496783,65
25496787,65
25496788,65
9690974273,66
9690974274,66
4920098344,66
4920098349,66
25496920,66
25497986,67
6374802555,67
25498016,68
6569580040,68
3247578847,68
6374804385,69
25498018,69
3725817386,69
6374802579,69
6374802582,69
6374802583,69
7792756672,70
7792756674,70
7792756676,70
7792756680,70
7792756713,70
25498026,70
5711517569,71
5711517565,71
25499655,71
25505679,72
9988193967,72
25505607,72
6606135968,73
25509513,73
9197589233,73
9197589238,73
25544108,74
1493613087,74
316763584,75
25632865,75
316763586,75
25632864,75
5046627553,75
316763589,75
316763590,75
316763595,75
316763600,75
1215563891,75
5046627638,75
25632855,75
5046627642,75
25632859,75
5046627645,75
25632862,75
27480960,76
9678821156,76
1736734053,76
1238249900,76
1238249901,76
1238249904,76
7900221108,76
249560091,76
7900221087,76
1401908258,77
1401908260,77
250550183,77
28800661,77
28800662,77
250550174,77
32921724,78
761830999,78
761830991,78
32921728,79
32921729,79
32921731,79
4697525030,79
4697525032,79
1401849768,79
26374229,79
32921748,80
32921743,80
354886099,81
213668839,81
250327576,82
2642878644,82
250549699,82
250549700,82
255700677,82
213672005,82
250327619,82
250327624,82
213670986,82
8868010202,82
8868010204,82
1685276643,82
8868010217,82
213668842,82
2642612586,82
213668844,82
8868010221,82
2642612585,82
250327547,82
354886082,83
250549670,83
1310663631,83
3114645200,83
3114645201,83
250327037,83
250550400,84
973101839,84
1686463489,85
1686463523,85
3739049325,85
1686463503,85
1686463471,85
1686463505,85
1686463476,85
1686463510,85
390073208,85
7882485394,86
10308697502,86
469785734,86
471488499,87
1493722803,87
1493722806,87
1547013711,87
2137096880,88
4305235825,88
473257581,88
473262660,89
473262822,89
249467025,90
806373533,90
4922952361,91
1046306167,91
1046307276,92
4922952367,92
1569300062,93
1144619335,93
1150003141,94
5609643622,94
1150003479,94
1255487172,95
1255491496,95
1255369133,95
4511972303,95
4511972304,95
1255491504,95
1255491506,95
1255487160,95
1255487166,95
1722268388,96
3093897990,96
4749090120,96
2387232554,96
2387232559,96
1722268367,96
5565455858,96
1280491924,96
1280491926,96
1722268381,96
3741117630,96
2402557599,96
3272782432,97
8807410150,97
8807410151,97
1547013738,97
25532494,97
2454119184,97
1547013589,97
2454091736,97
3272782431,97
1587318992,98
1587318999,98
1817617689,99
1817617691,99
1817617692,99
1596648669,99
1596648671,99
1617532088,100
4697287185,100
4696544876,100
4663312759,100
6866592992,101
6866516262,101
2453947049,101
2453947051,101
4211515634,101
1637578547,101
1637578516,101
6866516278,101
1637578522,101
2576893629,101
1637578551,102
1637578535,102
1668135493,103
3197339661,103
3197339662,103
3170676206,103
5565475799,103
1668135486,103
1685281036,104
1685281022,104
6978459068,105
5177352922,105
1707790099,105
5177352932,105
1810130458,106
4077495964,106
1832228100,107
1832228080,107
1832228112,107
1832228144,107
1832228083,107
1832228115,107
1832228120,107
1832228159,107
6855696495,108
1882379248,108
10090013713,108
10090013714,108
2306288080,108
6855696496,108
6855696497,108
6855696502,108
6855696503,108
6855696504,108
6855696506,108
4823243100,108
3247578846,108
3987750688,109
5269678593,109
5977954180,109
3987750692,109
9673189926,109
2612458244,109
6110164649,109
1951190474,109
7900888467,109
3850146457,109
1968744210,110
3992885062,110
4697288399,110
1990694620,111
1990694647,111
2502545024,112
9619940387,112
1990912102,112
1990912134,112
4117896490,112
2502545041,112
9683400946,112
9683400950,112
9678366518,112
9678523000,112
8031800090,112
5574051323,112
8031800092,112
8031800094,112
2341656968,113
4697287177,113
4697287178,113
3265436691,113
4697287188,113
4696545402,113
4696568110,113
8620105277,113
8620105279,113
4697288390,113
4085747017,113
367102039,113
4166662874,113
4166662878,113
3265436260,113
4174200048,113
4696544885,113
4696545399,113
4175081593,113
4175081594,113
4696545403,113
3911044734,113
3247589712,114
6569580044,114
6569580045,114
2531863975,114
2531863977,115
2531863978,115
3739049346,116
2990732269,116
6116290280,117
5473274252,117
5473274253,117
5473274254,117
5473274256,117
5473274257,117
5473274259,117
5473274260,117
3139655930,117
3139655933,117
5473273470,117
3158794148,118
5473272900,118
5473272902,118
3158794151,118
5473272904,118
5473273067,118
5473273068,118
4534858543,118
5473272882,118
5473272983,118
5473272984,118
5473272667,118
5473272700,118
3578315456,119
3586606037,119
4554237017,120
5009054889,120
5009054892,120
4781199345,121
4781199346,121
4781199348,121
4781199350,121
4781199352,121
4781199354,121
4781199355,121
6374802572,122
5006965588,122
5006965589,122
5060405461,123
1954751918,123
5095547184,124
5095547180,124
5095547181,124
5095547182,124
5468301601,125
10607626,125
5468301602,125
5473273795,126
5473273796,126
5473273798,126
5473273803,126
5473273805,126
5473273616,126
5473273791,126
5473273788,127
5473273789,127
5473273790,127
5733997920,128
5733997919,128
5927671120,129
5927671121,129
5947858320,130
5947858321,130
6606148802,131
6606148797,131
6606148798,131
7792756538,132
7792756539,132
7792756540,132
7792756543,132
8357847937,133
8357847938,133
8357847939,133
8357847927,133
8357847928,133
8357847929,133
8357847930,133
8357847931,133
8357847932,133
8357847933,133
8357847934,133
8515091587,134
8515091588,134
8515091590,134
9524817681,135
9524817682,135
