node_id,cluster_id
1596648673,0
1832129762,0
4076126468,0
7946372941,0
5516594509,0
1401849810,0
25509527,0
25509533,0
104318,0
4378043649,1
6369329155,1
25500427,1
8868824844,1
4378043661,1
4378043662,1
1837610895,1
1837610896,1
6369329170,1
4378043667,1
748799641,1
269547420,1
4076095262,1
4378043682,1
1360122917,1
20965798,1
20965799,1
20965800,1
20965801,1
1609966639,1
4076095791,1
1609966643,1
4076095797,1
1609966653,1
4370333637,1
2398924877,1
4370333651,1
4370333652,1
4370333653,1
2398924886,1
25500246,1
4370333657,1
4076095834,1
1163955034,1
2398924896,1
4076095841,1
2398924898,1
21685483,1
21685484,1
21685485,1
7946378606,1
7946378609,1
7946378610,1
104319,1
104320,2
1215563904,2
373364228,2
1401870341,2
1649365894,2
3229825163,2
5475684621,2
3229825166,2
6369329166,2
8868824851,2
8868824852,2
3229825173,2
5475684758,2
8868824855,2
8868824856,2
8868824857,2
5475684763,2
20965794,2
20965797,2
107687,2
18397096,2
20965803,2
5353114285,2
1163955119,2
5475675316,2
1163955130,2
5475684676,2
5475684680,2
10263444809,2
5475684684,2
441958994,2
1163955037,2
21693795,2
5475684848,2
1649365878,2
1215563895,2
1771426174,2
25504770,3
1311962122,3
470729237,3
5046005789,3
5046005790,3
8807429662,3
8807429663,3
8807429661,3
7926506525,3
7926506531,3
6509584414,3
24951853,3
1678155318,3
1678452790,3
1678452792,3
1678452795,3
25067068,3
1678452796,3
1678452797,3
10311362114,3
10311362115,3
1828402760,3
1828402763,3
470729292,3
3474115151,3
24658003,3
24658007,3
18468951,3
24658010,3
5046314074,3
5046314077,3
18468958,3
18468961,3
6369390690,3
18468962,3
6369390692,3
3704225378,3
10311362150,3
10311362148,3
6369390696,3
10311362153,3
10311362154,3
5976850023,3
6369390700,3
5976850024,3
1718328435,3
7610670710,3
107641,3
1718328442,3
107643,3
107644,3
107646,3
10677375,3
25161345,3
25161346,3
4962956931,3
21565570,3
25161349,3
25161350,3
25161351,3
25161352,3
25161353,3
9611081868,3
25161357,3
25161365,3
25161367,3
25161368,3
25161371,3
28800667,3
28800671,3
28800672,3
4922952353,3
7610670751,3
18395811,3
7610670752,3
25066666,3
4922952363,3
4922952365,3
4922952366,3
7553887409,3
7610670769,3
4922952371,3
4922952372,3
4922952373,3
4922952374,3
3656358067,3
7610670771,3
3664398009,3
1268892338,3
3664398007,3
25066684,3
10311362236,3
3664398006,3
25066687,3
25066694,3
8785457865,3
8785457866,3
8785457867,3
1707790029,3
10311178960,3
10311178961,3
1684511955,3
10311178964,3
1938819284,3
1938819283,3
10311178967,3
10311178970,3
1268892379,3
1707790044,3
367105757,3
1938819294,3
10311362271,3
10311362270,3
10311362272,3
10311178978,3
1938819301,3
7553887464,3
10311178985,3
1163954922,3
1707790062,3
10311178991,3
1938819317,3
1938819320,3
4866623226,3
4866623228,3
1938819325,3
1938819326,3
4866623230,3
1938819328,3
1938819330,3
25067266,3
1938819335,3
1835355913,3
2387194123,3
8807441166,3
2387194127,3
2387194128,3
18393873,3
1835355922,3
2387194131,3
2387194133,3
8807441176,3
1835355929,3
8807441177,3
1835355931,3
8807441178,3
8807441179,3
25066784,3
1835355936,3
8869464354,3
1401926435,3
1835355940,3
2387194149,3
2387194150,3
8869464357,3
1835355944,3
1268900644,3
1835355946,3
2387194156,3
1726730029,3
4866552622,3
4866552623,3
4866552625,3
1726730033,3
1835355953,3
1835355955,3
4866651961,3
1835355961,3
1726730043,3
1835355964,3
1835355965,3
21307200,3
1726730049,3
4866651969,3
1835355972,3
1835355973,3
1268900678,3
5046447437,3
25066333,3
25505629,3
1726730080,3
25066337,3
1726730082,3
24950117,3
1835356006,3
316763500,3
316763501,3
1046306670,3
1046334318,3
1835356013,3
1793420652,3
1655418222,3
1793420660,3
1268892533,3
316763513,3
1268892541,3
25505662,3
8438226815,3
104321,3
104322,3
6369361794,3
8869435268,3
1852996996,3
9024139143,3
9024139144,3
1726730120,3
1726730123,3
5043864464,3
8869435281,3
25504145,3
25504146,3
25504148,3
25504149,3
8869435286,3
8869435287,3
8869435288,3
3664405913,3
25504150,3
316763548,3
1311962016,3
6055863205,3
4729448869,3
6055863211,3
10310609841,3
10310609842,3
1726730167,3
1777727945,3
1777727947,3
1777727949,3
1777727950,3
10310609872,3
1777727958,3
1777727960,3
1777727961,3
1777727962,3
10310609885,3
7223709662,3
1725360097,3
5046005730,3
5046005731,3
7223709668,3
7223709669,3
7223709667,3
5976850019,3
4085778922,3
2466442731,3
4085778924,3
317380078,3
5046005743,3
4085778928,3
5046005745,3
25504755,3
25504756,3
2466442741,3
4085778934,3
2466442743,3
2012969972,3
4830306810,3
25504763,3
2334502396,3
4830306813,3
25475072,4
4715264001,4
4715264002,4
4715264004,4
4715264006,4
4715264007,4
722208263,4
6014302222,4
6014302224,4
6014302225,4
7236131862,4
1796137508,4
722208297,4
1532087855,4
295977520,4
5924603442,4
5924603450,4
4534184512,4
9690974277,4
283061836,4
25475661,4
25475663,4
25475664,4
675734610,4
675734613,4
6332695639,4
6332695642,4
675734622,4
5904585328,4
10013517434,4
25475712,4
7623861385,4
1312471202,4
6110164647,4
277337783,4
4529839800,4
1233350847,4
1233350848,4
1312471234,4
1233350862,4
2969438426,4
7644741343,4
7644741345,4
7644741346,4
7644741348,4
377490664,4
1233350889,4
3987750677,4
9699961628,4
8064065315,4
8064065316,4
8429812517,4
9216868136,4
9216868137,4
8064065323,4
8064065324,4
9216868141,4
9216868143,4
9216868145,4
4136137529,4
4136137530,4
25496910,4
27460439,4
4167762776,4
4167762778,4
25475419,4
1402070363,4
1402070364,4
1402070365,4
6265654111,4
1237883773,4
9690878337,4
104323,4
1547657099,4
1547657104,4
4715263991,4
6266867111,4
6266867113,4
6266867114,4
9690915267,4
9690915275,4
9690915278,4
2374491605,4
25475550,4
25475561,4
1312932849,4
585180151,4
4715263992,4
4715263993,4
4715263995,4
4715263998,4
843376643,5
3136311315,5
3136311316,5
5342236723,5
5342236724,5
2218344503,5
5342236728,5
250327100,5
5342236733,5
5342236734,5
2218344510,5
5342236743,5
5342236744,5
2870261844,5
1211381855,5
32825440,5
32825442,5
5473273966,5
5473273967,5
5473273968,5
2934268024,5
2934288510,5
2934288512,5
2961540,5
2934288518,5
27459729,5
2934288530,5
2961557,5
3334162601,5
3334162604,5
4688513218,5
4688513221,5
4688513226,5
4688513227,5
4688513230,5
4688513231,5
4688513237,5
4688513240,5
5009060057,5
4688513242,5
4688513244,5
4688513245,5
1312471267,5
27459830,5
1939558651,5
1939558655,5
1939558661,5
1939558663,5
3136301320,5
3136301321,5
1939558666,5
1939558667,5
3136301324,5
3136301325,5
1939558672,5
3136301328,5
1939558681,5
2528522522,5
1939558684,5
1939558687,5
3139705124,5
1939558697,5
1939558700,5
8043350334,5
8043350335,5
27459905,5
2622222657,5
2622222658,5
2622222659,5
2622222668,5
4195103055,5
25069911,5
1312188768,5
25248112,5
25248113,5
25248114,5
25248115,5
25248117,5
25248118,5
25248119,5
25248120,5
25248122,5
25248123,5
25248124,5
25248125,5
25248126,5
25248127,5
25248128,5
25248129,5
27459970,5
27459971,5
25248130,5
5473274242,5
1312264600,5
3932064154,5
3932064156,5
10596794785,5
250325411,5
4224123324,5
25070019,5
32838084,5
6465896907,5
6465896909,5
1312188886,5
1678283242,5
1678283247,5
1401416203,5
1365887500,5
5116226063,5
4430996023,5
4430996024,5
4430996027,5
4430996028,5
4430996029,5
4430996033,5
4430996044,5
1779589718,5
5335233113,5
5335233115,5
2218340965,5
27460198,5
5473274493,5
5473274494,5
251892353,5
27460226,5
5473274501,5
5473274502,5
5473274503,5
5473274506,5
5473274507,5
5473274508,5
5473274519,5
5473274525,5
5473274528,5
5473274529,5
3136301730,5
3136301731,5
5473274532,5
5473274533,5
5473274534,5
5473274531,5
5473274540,5
3715515059,5
2622212860,5
2622212862,5
2622212865,5
2622212878,5
2622212885,5
2622212887,5
2622212889,5
1014649631,5
2622212895,5
2622212897,5
2622212903,5
28418859,5
251892523,5
2622212914,5
4534858546,5
4534858548,5
28418877,5
2622212925,5
2622212927,5
2622212930,5
2622212933,5
2622212937,5
2622212939,5
2622212941,5
4138224462,5
4138224463,5
2622212942,5
5473274710,5
5473274717,5
5473274724,5
5473274725,5
109414,5
4866976614,5
109416,5
3381130090,5
3381130092,5
3930921860,5
3145798533,5
4223357841,5
1733389217,5
24951721,5
1733389249,5
25066457,5
1733389278,5
5473274866,5
5473274867,5
3632581622,5
1733389314,5
5473274891,5
5473274896,5
251892754,5
24949783,5
5473274911,5
250549282,5
1733389349,5
1733389353,5
5641663538,5
5641663539,5
5473272894,5
5473272895,5
107584,5
107585,5
107586,5
107587,5
107588,5
5473272899,5
5473272897,5
5473272896,5
5473274957,5
5473274959,5
3141817429,5
5473274969,5
250549348,5
5473274990,5
4861365369,5
4861365370,5
5473275004,5
4861365372,5
10677376,5
10677377,5
5165786242,5
5165786245,5
8515091591,5
4861365383,5
5473272978,5
6995618971,5
2793874587,5
7553887392,5
6995618977,5
3932064957,5
3708234955,5
3708234956,5
3708234957,5
4089885906,5
25068755,5
251892950,5
21990624,5
21990625,5
2642857191,5
2642857197,5
5473273069,5
2642857199,5
4552504560,5
5473273072,5
4552504562,5
2642857203,5
5473273071,5
5473273070,5
21523714,5
21523718,5
21523719,5
5334381837,5
4155841810,5
4155841811,5
1787108626,5
4155841816,5
24661273,5
4155841818,5
4155841820,5
4155841827,5
24950061,5
5342229818,5
25068862,5
6288147785,5
6288147786,5
5094718794,5
25070924,5
5094718798,5
24950101,5
24950102,5
24950104,5
24950105,5
24950107,5
357999964,5
24950109,5
24950110,5
24950111,5
24950112,5
3141814027,5
8807431546,5
1678245252,5
8807431559,5
8807431560,5
2872704413,5
2872704414,5
3375451555,5
3375451561,5
3375451563,5
24661419,5
3375451565,5
3375451566,5
429346242,5
429346243,5
429346244,5
10599654857,5
429346253,5
252601811,5
30078473,5
25069071,5
8807429659,5
25071133,5
25071136,5
3215685153,5
25071137,5
25071139,5
2003007012,5
25071142,5
25071145,5
4453606953,5
4453606958,5
2929116721,5
6218501723,5
6218501724,5
6218501725,5
6218501730,5
6218501736,5
6218501737,5
6218501739,5
6218501740,5
5473273451,5
6218501742,5
6218501745,5
6218501746,5
5473273457,5
6218501748,5
6218501751,5
6218501757,5
6218501758,5
6218501759,5
6218501761,5
1497452171,5
4726152844,5
25069197,5
4726152850,5
5473273490,5
4726152852,5
4726152853,5
1497452184,5
4726152857,5
4726152858,5
4726152859,5
4726152860,5
5473273499,5
5473273500,5
1493722804,5
2387226309,5
25069265,5
5580861151,5
5580861153,5
5473273571,5
7223365368,5
7223365372,5
24659709,5
5473273604,5
5473273605,5
2538458886,5
2538458887,5
742399752,5
2538458889,5
2538458888,5
5473273610,5
5473273612,5
5473273613,5
2538458893,5
5473273611,5
5473273607,5
2538458897,5
2538458898,5
2538458899,5
2538458894,5
5473273615,5
2538458895,5
2538458903,5
2538458904,5
2538458905,5
5473273621,5
5473273623,5
5473273622,5
3906588446,5
3139677982,5
3906588448,5
3906588452,5
3906588454,5
2920433449,5
30056255,5
4629462859,5
30056277,5
5473273606,5
2203268985,5
8869435257,5
9030029183,5
8869435266,5
8869435267,5
8869435272,5
8869435273,5
252729234,5
843376569,5
3247933381,5
843376588,5
843376591,5
843376594,5
471488469,5
2218362849,5
843376610,5
5816744255,6
28418921,6
4136137525,6
107606,6
4136137527,6
25475770,6
1689605567,6
585124778,7
1951242858,7
107614,7
1864047135,7
5141216782,8
5141216785,8
1719663634,8
5473273363,8
5473273364,8
24662037,8
5141216787,8
5141216790,8
5473273368,8
5141216792,8
2278320154,8
473219610,8
5473273372,8
5473273373,8
5473273376,8
5473273379,8
2278320167,8
3076574254,8
3076574255,8
25532464,8
5340811825,8
5473273399,8
4085783099,8
4085783103,8
1719661631,8
4085783105,8
4085783106,8
4085783107,8
8814668133,8
3272782406,8
6018098767,8
5473273425,8
6446292562,8
6446292564,8
5473273429,8
1727515734,8
1678227031,8
5238587992,8
5473273433,8
5238587994,8
5473273435,8
6446292571,8
6446292570,8
5905893980,8
6446292572,8
5473273441,8
107626,8
107627,8
107634,8
5049840244,8
25067636,8
107637,8
2197518969,8
1719529597,8
1719529599,8
2961549,8
25161360,8
25161361,8
25161362,8
25161363,8
6458938003,8
25067670,8
6458938007,8
3061197976,8
6458938008,8
6458938011,8
1569312412,8
25161375,8
1951372959,8
4867087524,8
7824803495,8
10542989479,8
7824803497,8
109737,8
1556260011,8
4867087532,8
10542989484,8
4867087535,8
6463230640,8
1418752689,8
1401459399,8
1401459400,8
10306423498,8
1401459403,8
10306423499,8
5141625699,8
25067727,8
25067728,8
24660697,8
3153656028,8
3153656030,8
473259748,8
5104314096,8
2378843907,8
1951616261,8
1722621701,8
1951616268,8
1722621711,8
1951616276,8
5141625621,8
1722621718,8
5141625623,8
7906964248,8
6463234329,8
7906964249,8
5141625625,8
5141625629,8
5141625630,8
24950050,8
5141228834,8
5141625635,8
5141625637,8
5096270631,8
24950064,8
24950065,8
5473273139,8
5473273140,8
5473273141,8
5473273142,8
5141625655,8
5141625653,8
6032044857,8
5141625654,8
1951616319,8
2577040703,8
6032044865,8
5223919938,8
5473273154,8
1951616322,8
5104314268,8
6032044874,8
473258313,8
473258826,8
5141625681,8
5473272665,8
5473272666,8
5141354330,8
5141354331,8
5473272668,8
3100169049,8
25067871,8
5141625696,8
24950113,8
24950114,8
24950115,8
8814668131,8
7911267685,8
7911267686,8
8814668135,8
7911267688,8
8814668136,8
5141625698,8
25067883,8
8814668137,8
8814668138,8
8807431534,8
5227220846,8
8807431536,8
8807431541,8
3272712566,8
1782714747,8
10306429312,8
10306429318,8
25067400,8
25067914,8
1678226827,8
5473273227,8
3887941012,8
3887941013,8
7911231384,8
25067929,8
5104314264,8
5104314266,8
5065949596,8
2059790748,8
1678226846,8
5065949598,8
25067936,8
5104314269,8
5104314270,8
5104314275,8
5104314276,8
5104314272,8
1312454055,8
25532332,8
25544110,8
25265077,8
25265080,8
259252667,8
5340811707,8
3637449663,8
10543014339,8
10543014340,8
5340811717,8
25067461,8
1312454087,8
5340811719,8
5340811720,8
25067463,8
4166634955,8
10543014343,8
10543014346,8
24661966,8
1312454094,8
5473273295,8
4166634961,8
4166634962,8
25067473,8
4166634957,8
25067479,8
25532377,8
5473273305,8
10543014362,8
10543014363,8
10543014367,8
25532384,8
10543014371,8
10543014372,8
10543014373,8
5141216742,8
10543014374,8
8807410152,8
5141216745,8
8807410154,8
5141216746,8
10543014380,8
10543014377,8
8807410158,8
5473273326,8
10543014379,8
4085778929,8
10543014386,8
4085778931,8
5473273332,8
10543014388,8
5104314358,8
10543014387,8
10543014390,8
107632,9
6458938017,9
5141876996,10
5141876999,10
5198585559,10
5198585557,10
5198585558,10
107638,10
5198585560,10
5198585561,10
5198585562,10
25067324,10
956233216,11
8785484288,11
4627445252,11
4627445253,11
4627445254,11
490947077,11
4627445257,11
4627445260,11
4627445261,11
747893264,11
1726730272,11
1726730281,11
473265708,11
1678452780,11
1678452788,11
1678452789,11
490947124,11
1726730295,11
1726730292,11
10539712057,11
10539712058,11
10539589691,11
10539589692,11
1678452793,11
1726730303,11
10539589696,11
1726730307,11
10539589701,11
1828402758,11
10539589704,11
7179983946,11
7179983947,11
10539856459,11
10539589706,11
10539589707,11
3696548432,11
3696548437,11
3696548438,11
1828402774,11
3696548440,11
1726730329,11
1726730326,11
4379801694,11
3267461729,11
473265762,11
25503841,11
25577057,11
25503845,11
25503848,11
4379801706,11
25503851,11
25503856,11
1726730354,11
25503860,11
10539068534,11
25503862,11
25503865,11
25503867,11
7827997819,11
25503869,11
10539068544,11
25503873,11
5342251136,11
25503876,11
25503880,11
419350669,11
25503885,11
5342251151,11
107667,11
7607080091,11
7607080092,11
5009054881,11
107684,11
107685,11
107686,11
7613626042,11
7613626044,11
7613626045,11
7613626046,11
7613626047,11
25471681,11
473265346,11
419350723,11
7613626050,11
7613626059,11
7613626060,11
8785457870,11
8785457871,11
10539648210,11
7613626066,11
2620105428,11
7613626070,11
1938819302,11
4175059691,11
4329502449,11
25471732,11
25471740,11
4089236236,11
10309458701,11
1536948492,11
4379801357,11
2005131543,11
10309472541,11
10309472542,11
10309472543,11
10309472544,11
4085767970,11
10309472547,11
10309472548,11
4085767974,11
4643337000,11
473264937,11
10309472553,11
7610670890,11
7610670892,11
4085767979,11
4085767983,11
4627491632,11
1163954995,11
4643337012,11
4085767989,11
4627491645,11
25470782,11
7610670912,11
7610670913,11
4627491650,11
7610670919,11
7610670920,11
1268903266,11
4530339698,11
4530339699,11
25500535,11
5207476608,11
5207476609,11
25504128,11
473264514,11
5207476611,11
5207476613,11
25504134,11
25504129,11
5207476616,11
6509684096,11
5114681227,11
5114681230,11
25504143,11
25504144,11
10572178,11
10572179,11
10572180,11
748885408,11
4240028578,11
4240028580,11
2665239978,11
1726730162,11
1726730165,11
4643337143,11
10310609849,11
4643337146,11
10310609852,11
747893184,11
10541894095,11
25470928,11
10541894097,11
4166634960,11
10310609879,11
10310609881,11
10310609887,11
4627445215,11
10310609894,11
25504753,11
4627445239,11
4627445240,11
4627445241,11
956233215,11
8620105223,12
1678452753,12
268124704,12
3267461666,12
8620105262,12
1777740337,12
5177397822,12
5177397823,12
5177397825,12
5177397826,12
5177397828,12
4150883407,12
4150883409,12
8755805288,12
4696544883,12
8755805305,12
8755805306,12
4696545406,12
473267328,12
10539068550,12
107668,12
10539068565,12
10539068564,12
1239549084,12
1905779367,12
1905779369,12
5177397419,12
10539068590,12
5009054894,12
5009054898,12
419632307,12
10539068598,12
3972566710,12
368044217,12
490946748,12
1214922433,12
1707790023,12
1707790024,12
4197401800,12
4197401802,12
10309140683,12
1707790026,12
10309140686,12
4197401811,12
4197401813,12
2360681703,12
4034060007,12
2360681709,12
2360681711,12
4034060015,12
4034060017,12
4034060018,12
2265065203,12
2360681716,12
2360681713,12
2265065207,12
490946813,12
10309153022,12
10309153023,12
10309153025,12
1649365762,12
10309153027,12
1649365764,12
473268999,12
1649365780,12
6137798425,12
1649365789,12
1649365797,12
1649365800,12
1649365810,12
1649365816,12
1649365820,12
2140432704,12
1777742666,12
237911,12
473266524,12
8755808618,12
473269102,12
1955520879,12
8755808627,12
4158223748,12
3763565957,12
3763565959,12
3763565961,12
3763565962,12
1668112790,12
1813794712,12
1813794713,12
1668112792,12
2665239972,12
864817628,12
107681,13
21693793,13
1401870340,13
1726730375,13
269549104,13
269549105,13
1163955128,13
21583366,14
4017328647,14
8785484298,14
350377994,14
350377999,14
8785484306,14
2343269909,14
4689775126,14
8785484312,14
8785484313,14
2293833763,14
25496100,14
10241310755,14
6863550501,14
25496617,14
470727722,14
1419565097,14
25496622,14
25496623,14
4689775161,14
4275398714,14
4275398716,14
1148276284,14
4275398720,14
4275398721,14
4275398723,14
5006063174,14
9949142599,14
5006063176,14
21563463,14
5006063180,14
21563479,14
269550681,14
21563481,14
269550684,14
26374237,14
26374236,14
21563489,14
5736692333,14
25475182,14
5736692334,14
21563504,14
21563503,14
21563507,14
21563508,14
2294047355,14
2294047375,14
4156336278,14
25509526,14
350437528,14
7271474841,14
7271474843,14
6769325725,14
7271474850,14
7271474852,14
8785567909,14
107692,14
107693,14
4691514032,14
4691514035,14
3972566713,14
4530270906,14
3972566716,14
269550783,14
269550786,14
1617596621,14
4275394254,14
4275394255,14
1617596626,14
1617596627,14
4822267094,14
21578454,14
1020211942,14
1617596646,14
4691460850,14
4691460851,14
269550330,14
269550331,14
269550332,14
269550333,14
1707790074,14
1617596669,14
1707790076,14
25475330,14
25475331,14
25475332,14
25495822,14
1707790096,14
1617596693,14
1707790105,14
25495838,14
1617596711,14
1617596714,14
25495852,14
7223668012,14
25495854,14
269550896,14
25495857,14
269550898,14
25472324,14
1617647944,14
1617647945,14
762080077,14
25378129,14
7223704403,14
237908,14
7223704404,14
25498458,14
323262310,14
762080105,14
6828921210,14
6828921211,14
762080145,14
21392273,14
2586616722,14
21392276,14
5374174119,14
33141178,14
762080190,14
8373690819,14
5880186827,14
5880186829,14
5880186830,14
5880186833,14
269589467,14
7223695325,14
7223695326,14
8785568222,14
8785568223,14
321255907,14
759123955,14
1832227968,15
1832227972,15
338472586,15
25495819,15
25495820,15
338472589,15
5060391821,15
1832129807,15
5014591889,15
6279388821,15
6279388822,15
5014591895,15
6279388824,15
2458257563,15
1832129947,15
1832129821,15
1832227996,15
1832129951,15
1832227873,15
343669793,15
8975700260,15
343669796,15
343669798,15
1832129835,15
1364161197,15
5265953455,15
1832228016,15
5265953457,15
25495858,15
5265953459,15
1832052016,15
1816038199,15
1834657466,15
1834657469,15
350628799,15
1832228035,15
350628804,15
1816038214,15
1832228039,15
8645592520,15
8645592521,15
323260106,15
1364172237,15
1832129869,15
1832240590,15
1832129873,15
1832129878,15
1953202903,15
25495640,15
1832240598,15
1832129881,15
25495639,15
1832129884,15
25495646,15
1832129888,15
25495648,15
25496800,15
6724775012,15
108389,15
6724775018,15
6354294763,15
1832248428,15
1832248430,15
1364168178,15
1364168180,15
321255925,15
2458303223,15
25496825,15
5060391418,15
6354294779,15
1832129917,15
25495807,15
25495617,16
25495618,16
108391,16
350437608,16
25496624,16
25495697,16
25495698,16
5976672308,16
1816038230,16
25495769,16
10543800252,16
25497619,17
5095890460,17
5503142966,17
5503142969,17
5503142970,17
9820537917,17
9820537921,17
1736685635,17
9820537932,17
9820537933,17
1326821457,17
4297243218,17
1816777816,17
9576827482,17
25475674,17
1816777820,17
775984737,17
9820537954,17
9820537955,17
775984738,17
9820537957,17
4729480806,17
4729480807,17
25475692,17
25475693,17
25475694,17
1736685679,17
1816705135,17
4571244660,17
4571244663,17
9820537981,17
9820537982,17
1816705152,17
9820537992,17
9820537993,17
1599652492,17
1816705168,17
1816777873,17
9820538002,17
1816777874,17
9820538004,17
1599652497,17
9820538006,17
1816705175,17
1816705177,17
4297243292,17
4298971293,17
1816705180,17
4297243295,17
1816705183,17
4297243298,17
9820538020,17
9820538021,17
4158004390,17
9820538022,17
4297243301,17
1816705193,17
4297243306,17
25475752,17
25475754,17
4571238068,17
4571238069,17
1938953406,17
1326821568,17
5353127105,17
3257317059,17
1938953413,17
748797126,17
1816705227,17
6828863694,17
1816609486,17
6828863697,17
1816705235,17
6272993491,17
1938953431,17
1938953433,17
748797145,17
1816705242,17
1816609498,17
1938953437,17
1816705246,17
1816705250,17
748797155,17
21990638,17
4158122222,17
9805100783,17
4158122223,17
25497340,17
4298970364,17
4298970368,17
4298970372,17
4298970376,17
4298970380,17
4298970384,17
4298970388,17
1664571164,17
3107212073,17
355416887,17
355416892,17
355416911,17
4297242961,17
1601797458,17
355416920,17
355416921,17
1664571227,17
109403,17
1664571229,17
1664571236,17
4297054053,17
4297242983,17
108393,17
108406,17
1145174402,17
1493229962,17
1145174413,17
1145174417,17
1261120402,17
1145174418,17
9693963681,17
1145174435,17
1145174437,17
9693963688,17
710657963,17
1261120430,17
7947041713,17
4142725554,17
1813618616,17
3830441923,17
7075087299,17
3830441937,17
25499093,17
435104726,17
435104727,17
435104728,17
435104729,17
1145174501,17
1145174508,17
422573549,17
1913216493,17
6239229422,17
6239229423,17
25497595,17
25499808,18
390073160,18
5306194265,18
25632684,18
5973397966,18
3586606039,18
3586606038,18
25634199,18
3586606040,18
108409,18
3809744384,19
3809744385,19
3809744386,19
3809744387,19
3809744389,19
5933145606,19
3809744390,19
3809744392,19
338319877,19
1731235511,19
3809744395,19
3809744396,19
3809744398,19
3809744400,19
3809744401,19
3809744403,19
3809744404,19
906172949,19
3809744406,19
4317178392,19
3809744409,19
3809744412,19
3735886877,19
3809744414,19
3809744415,19
3809744416,19
3809744417,19
3809744418,19
3471375905,19
3809744419,19
3809744421,19
1150003237,19
3809744423,19
3471375913,19
3809744426,19
3809744430,19
3809744431,19
3809744432,19
3809744433,19
3809744434,19
3809744436,19
3809744439,19
3629223994,19
3629223995,19
3809744444,19
3629223996,19
3809744446,19
5565466174,19
5565466175,19
5565466177,19
3809744443,19
3809744451,19
1668135492,19
3809744453,19
1390303296,19
5565466183,19
3805378119,19
3805378121,19
3805378122,19
3805378123,19
3805378124,19
25477197,19
1493676622,19
3805378120,19
57786953,19
1327865952,19
4383581281,19
1327865953,19
1233327202,19
1327865956,19
1327865957,19
25477224,19
7151566952,19
250327660,19
3808625773,19
25477228,19
3808625778,19
3808625780,19
3808625782,19
3808625785,19
3808625786,19
3808625791,19
3808625796,19
4749094023,19
1271712905,19
4749094026,19
3808625804,19
1271712911,19
3808625809,19
1271712914,19
2129578132,19
2129578133,19
1271804564,19
1271712920,19
1150003354,19
1271712922,19
2129578142,19
110238,19
1271712931,19
1271712934,19
3808625831,19
3808626859,19
3808626860,19
9030284973,19
3809744558,19
9030284975,19
3808626862,19
9030284977,19
3808626865,19
3808625843,19
3808626868,19
3809744565,19
3808626869,19
9030284983,19
3808626872,19
1150003385,19
1255487162,19
3809744571,19
3809744572,19
806373565,19
1271712957,19
3808625855,19
3808625853,19
3808626878,19
3808626882,19
2496836291,19
3808626884,19
1039290561,19
3808626886,19
1255487174,19
1255487176,19
3809744583,19
1255487171,19
3809744584,19
1255487177,19
3808626893,19
3808626887,19
2496836303,19
3808626895,19
3808626896,19
1731235534,19
1255487187,19
21990614,19
3808626902,19
3808626904,19
3808626905,19
25477335,19
25477339,19
1731235545,19
728370399,19
8210567392,19
3808626913,19
3808626914,19
8210567395,19
8210567396,19
3808626912,19
1039290594,19
21990627,19
302013668,19
8210567401,19
8210567402,19
3808626923,19
3808626922,19
6574794989,19
3805378111,19
1731235558,19
3808626929,19
1731235557,19
3805378112,19
4333847283,19
3808626934,19
3808626935,19
3629217345,19
1255320311,19
3805378113,19
3808626940,19
3808626941,19
4317211389,19
3805378114,19
3629217346,19
3808626945,19
3629217347,19
3808626947,19
3805378116,19
3629217348,19
251757321,19
1255490314,19
3805378117,19
3733299982,19
1255320339,19
3733299988,19
5925626143,19
4086232866,19
1255320354,19
4086232870,19
4086232871,19
1787108647,19
1787108648,19
1787108649,19
1255320363,19
1787108650,19
4316822830,19
1255320367,19
475396924,19
475396929,19
302013666,19
8042031957,19
8042031958,19
1271774552,19
3805122394,19
3805122396,19
2935373159,19
2935373161,19
4382350190,19
3808627061,19
4382273402,19
3808627066,19
4382273404,19
3808625835,19
3515286913,19
3988141441,19
3988141442,19
108420,19
4075008388,19
3808625837,19
249558409,19
28728205,19
2402557839,19
28728208,19
1255369105,19
25477301,19
1255369111,19
1255369125,19
4317187494,19
835390887,19
1255369128,19
3808625844,19
3673602988,19
835390893,19
835390894,19
1255369135,19
3093894066,19
3809870259,19
1255369140,19
3809870261,19
3809870262,19
3809870260,19
3809870264,19
3809870265,19
3809870266,19
3809870267,19
1255369148,19
3809870269,19
3809870270,19
2560785849,19
3809870272,19
3809870273,19
4511948225,19
1255369152,19
1255369156,19
3809870277,19
3629223879,19
1255369159,19
3809870281,19
3629223881,19
3809870283,19
3629223884,19
3629223885,19
4511972302,19
3809870287,19
3809870288,19
4511972301,19
3629223890,19
3152307669,19
3808626871,19
3808625854,19
2929119403,19
1271712946,19
2254629351,19
2929119405,19
3170676207,19
4316823023,19
28193265,19
25477106,19
3637436403,19
3637436404,19
3809744380,19
3809744381,19
3809744383,19
20626290,20
2278320131,20
108838,20
108842,21
2141364732,21
2141364708,21
108845,22
5124166975,22
1777728708,23
108871,23
20626317,23
20626318,23
4866475733,23
3796774902,23
4866475736,23
5124166971,23
5124166973,23
18395806,23
108903,24
25496777,24
245200970,24
4211515569,24
663363473,24
8972511964,24
109408,25
894485202,25
470727954,25
1236791504,25
20626311,26
20626312,26
3796814729,26
20626315,26
20626316,26
7572522510,26
7572522511,26
7572522512,26
7572522513,26
7572522523,26
6509584413,26
109734,26
7572522540,26
2012970414,26
1536948536,26
7572522556,26
2504847039,26
4866475729,26
4866475730,26
4866475734,26
4866475738,26
1852996954,26
1536948578,26
109411,26
109412,26
2504822135,26
1536948474,26
1536948477,26
1547013760,27
692162510,27
707377287,27
30056330,27
1547013655,27
27458331,27
109728,27
3215687074,27
1547013667,27
25476134,27
4402594986,27
1566269741,27
4920098350,27
4619022513,27
4619022514,27
27458353,27
5342236721,27
4402629177,27
4402629178,27
1550763708,27
3830043581,27
4402629180,27
6218468163,27
6218468164,27
1547013699,27
5342236740,27
5342236739,27
1547013704,27
5335245256,27
1566270021,27
1312454086,27
5564754892,27
9704122317,27
5335245257,27
27481039,27
1566270409,27
27481040,27
692162514,27
5931509715,27
1550763732,27
3708234964,27
5931509718,27
27481044,27
27481041,27
471488472,27
30056280,27
3830029915,27
4807512540,27
4807512541,27
5564410334,27
692162527,27
1547392865,27
2961891,27
5580861156,27
1547013604,27
1550763620,27
5768339816,27
5768339817,27
30057965,27
5335245254,27
1547013743,27
6600283121,27
367121266,27
30056310,27
1547013754,27
692162559,27
302013676,28
109766,28
302013678,28
2990651904,29
2990651905,29
5067002882,29
1759454211,29
2990651908,29
2990651909,29
2990651910,29
2990651906,29
2990651912,29
8989843465,29
2990651914,29
25497611,29
2990651911,29
1150003213,29
1759454222,29
2990651918,29
1758552592,29
2990651920,29
973128722,29
2990651921,29
1758552597,29
10607127,29
10607128,29
1150003224,29
1150003238,29
7553479208,29
5040168489,29
5040168491,29
1596655148,29
1596655149,29
7553479212,29
1150003247,29
5040168496,29
8784212017,29
1596655155,29
1813618228,29
1813618229,29
1596655157,29
8784177716,29
2990716984,29
1596655161,29
2990716985,29
2990716986,29
1150003264,29
256766532,29
256766533,29
2755124807,29
256766536,29
256766537,29
2990717001,29
2755124815,29
5238528591,29
256766545,29
1150003289,29
1141487712,29
1759454305,29
25632870,29
5041784423,29
1758552682,29
1141487723,29
1813618288,29
5242049139,29
6978555518,29
5609643647,29
1813618304,29
1150003329,29
6978555522,29
1141487746,29
5609643652,29
5609643653,29
2990780039,29
2987752071,29
20460681,29
2987752074,29
2987752075,29
2987752073,29
1684710025,29
20460686,29
20460687,29
20460680,29
5269670540,29
20460690,29
20460691,29
28800660,29
1759454351,29
5733998227,29
28800663,29
20460696,29
20460697,29
819132568,29
5733998228,29
1684710044,29
6506796188,29
28800664,29
5609643675,29
5609643672,29
5609643676,29
5609643682,29
5609643674,29
5609643685,29
5609643686,29
5609643687,29
5041784489,29
1759454378,29
25473199,29
25473200,29
2990664881,29
25473202,29
1758554291,29
25473204,29
25473205,29
1813618358,29
25473207,29
5041784501,29
244128951,29
5060405429,29
5060405427,29
5060405430,29
1813618365,29
5060405434,29
1326821569,29
5060405441,29
5060405443,29
5060405444,29
5060405445,29
5060405446,29
748941508,29
1813618376,29
1684835019,29
109780,29
1813618393,29
1759454429,29
6978557152,29
748941552,29
373402354,29
748941556,29
25497845,29
1684835062,29
1813618424,29
748941560,29
1813618426,29
1813618429,29
1813618431,29
1813618432,29
748941573,29
5060388105,29
748941577,29
5060388107,29
5060388110,29
1150003472,29
25497872,29
5060388115,29
2118622487,29
2118622488,29
1684835097,29
1813618461,29
1813618463,29
1813618465,29
1401893666,29
2480657186,29
1401893675,29
8975833905,29
6978563378,29
1813618484,29
8975833911,29
5041784633,29
5041784634,29
1813618493,29
8868824899,29
8868824900,29
8868824901,29
1150003532,29
875789647,29
8868824911,29
8868824913,29
8868824914,29
1366095187,29
8868824912,29
1366095189,29
1684835152,29
1684835156,29
10004388708,29
10004388710,29
1150003563,29
1684781421,29
3739049327,29
6014333809,29
632447859,29
1150003571,29
25472885,29
25497978,29
372050299,29
25497979,29
25497981,29
1684781436,29
25497985,29
2990806410,29
2990806411,29
3739049356,29
2990806415,29
968499092,29
3739049365,29
3739049366,29
1759454104,29
6871422361,29
6871422360,29
5238523291,29
1311962012,29
4948630427,29
1684781470,29
4948630428,29
5609643656,29
3739049382,29
3739049383,29
316763559,29
5609643658,29
1684781486,29
5609643662,29
6816821186,29
435104712,29
1758552521,29
1758552522,29
435104715,29
1150003147,29
435104717,29
1758552524,29
6816821193,29
1759454163,29
1150003155,29
1758552541,29
1311962080,29
2990651907,29
1150003170,29
1758552547,29
5067002851,29
5067002855,29
1758552555,29
5067002862,29
1758552559,29
5609643673,29
5067002867,29
1150003195,29
1150003197,29
18468953,30
9514602150,30
9514602151,30
9514602152,30
9514602153,30
5047029672,30
4922952364,30
4922952370,30
109785,30
811035012,31
7911282826,31
10306429323,31
5905896973,31
1556097166,31
3887941007,31
10306429327,31
3887941009,31
3887941010,31
10306429328,31
1556097177,31
6446229925,31
6446218920,31
6446229933,31
1556097326,31
1556260024,31
6446256190,31
5905897286,31
1547013705,31
24952268,31
1556097111,31
109788,31
4169714270,31
4169714271,31
4169714272,31
1556097120,31
8807410149,31
6166157035,31
1556097387,31
8675201264,31
6446269173,31
435104742,32
1723340842,32
1723340785,32
25472789,32
110141,32
4823246342,33
8869472263,33
4823246344,33
10577984012,33
1343823416,33
1343823418,33
110143,33
2923703875,33
1150003270,33
18398282,33
5992797788,33
1757440607,33
5609643623,33
1493658224,33
20460684,33
1150003340,33
5609643663,33
3320754320,33
5609643665,33
3320754322,33
5609643664,33
5609643670,33
3247825561,33
3247825562,33
28800670,33
3247824558,33
250550447,33
1684835016,33
4807521484,33
1309067471,33
1309067472,33
632438506,33
1685281003,33
1685281006,33
1685281010,33
1685281011,33
1685281013,33
1493662967,33
1685281017,33
1685281020,33
1685281021,33
1685281025,33
1685281029,33
1685281031,33
250550024,33
250550023,33
1685281032,33
1685281035,33
1685281041,33
1685281044,33
1685281045,33
1685281046,33
1141415192,33
1685281053,33
1685281056,33
1685281058,33
1141415202,33
1685281061,33
250550053,33
1685281063,33
1685281064,33
1141415215,33
1150003503,33
4401149234,33
1686463794,33
1685281075,33
1685281076,33
1685281077,33
1685281079,33
1141415220,33
1685281087,33
8869464390,33
1150003530,33
8869464398,33
1685281104,33
3741131600,33
3741131606,33
8869464407,33
7636244314,33
1685281123,33
149451620,33
149451622,33
2990721387,33
2990721390,33
2990721391,33
3739049344,33
1939632514,33
1939632519,33
5041945479,33
5041945480,33
3870640530,33
25498004,33
1685281175,33
1723315608,33
25498010,33
1686463389,33
25498015,33
1686463392,33
5938625442,33
1686463397,33
1684835241,33
7636278191,33
7636278193,33
7636278195,33
7636278196,33
7636278198,33
7636278199,33
7636278200,33
7636278201,33
8898783674,33
1686463428,33
8898783685,33
1312335310,33
5238500306,33
5238500308,33
5238500312,33
5238500313,33
5006781409,33
873809385,33
1685281260,33
1169109485,33
8869472239,33
8869472242,33
6866779798,34
6866779799,34
6866779802,34
4530012699,34
6866779804,34
4530012700,34
4530012702,34
6866779806,34
4530012703,34
6866779809,34
6866779810,34
6866779817,34
6866779818,34
2632761651,34
282708,34
4316306161,34
4316306163,34
4316306164,34
1761598585,34
25438595,35
25438732,35
25438638,35
282719,35
8972441125,36
8972441126,36
438170475,36
25496748,36
8972441579,36
21583342,36
5265830862,36
25496815,36
10572785,36
25496785,36
1958800795,36
8972511962,36
8972511963,36
8785568224,37
8785567914,37
8972441580,37
10572786,37
1985084095,37
435104736,38
25471135,38
1309180610,38
435104738,38
1309180612,38
7792756412,38
1723389067,38
435104732,38
10607132,38
7792756414,38
435104735,38
1360122880,39
6431923714,39
6431923715,39
4462680068,39
7840712839,39
1832248457,39
1832248458,39
10607629,39
4462680078,39
5642519054,39
5642519055,39
5374174224,39
5642519056,39
5642519060,39
9804471701,39
9804471702,39
25496854,39
595709975,39
25496857,39
5642519066,39
5470932252,39
9846850973,39
9846850974,39
9846850972,39
5470932256,39
5573994014,39
5573994016,39
5642519068,39
5573994020,39
5642519069,39
1832129958,39
5374174120,39
1832129960,39
1832129962,39
14672924,39
7203717550,39
5839165751,39
1360122937,39
25151180,39
4512763345,39
4512763347,39
5839155672,39
1360122841,39
5460658138,39
5471345385,39
1360122860,39
308837357,39
5573931376,39
5573931377,39
1360122866,39
5468301555,39
5573931380,39
5573931381,39
5573931384,39
529722111,39
1721713699,40
672061444,40
2902624645,40
2406484455,40
1312188714,40
1721713677,40
672061646,40
1717643505,40
1717643512,40
10677374,40
1717643530,41
1717643537,41
18395287,41
18395288,41
25161370,41
250326914,42
18469130,42
18469132,42
1401416208,42
8868010160,42
8868010162,42
250327159,42
20458277,43
250549587,43
4618510643,43
1312188692,43
4618510644,43
20625793,44
25497603,44
2528484782,44
5905807279,44
5905807278,44
1547657140,44
10544409928,44
10544409929,44
10544409930,44
25474005,44
10544409948,44
10544409950,44
25474015,44
10544409954,44
25474019,44
10544409957,44
10544409958,44
10544409959,44
10544409960,44
10544409961,44
10544409963,44
10544409964,44
10544409966,44
10544409967,44
5976760444,44
5976760446,44
20625800,45
710521820,45
585201189,45
1561411396,45
6918421504,46
6918421508,46
6918421509,46
4777897926,46
6918421511,46
3616299208,46
6918421512,46
20626282,46
1556097098,46
6918421513,46
1951372909,46
10306429333,46
8675201272,46
1556097245,46
1951372927,46
25067398,47
4085778920,47
7824747306,47
20626301,47
1536948431,47
6446301329,47
4085778930,47
5146186589,47
5146186590,47
5146186591,47
20626304,48
2941549929,48
2941549928,48
3519324894,48
5124166978,49
20626307,49
7572833352,50
7572833353,50
20626314,50
5177397824,51
8755805313,51
3328228994,51
4367041960,51
25524297,51
4367041962,51
21392267,51
6606135977,52
6606135979,52
6606135983,52
21392279,52
4462680066,53
1832129796,53
4462680070,53
9201323528,53
1832129800,53
21563788,53
6978443788,53
4462680076,53
1832129809,53
4462680082,53
1832129815,53
4208239642,53
338474279,53
21686572,53
21686574,53
1832129838,53
3972566705,53
3972566714,53
9203541581,53
4462683090,53
5839163740,53
5788363874,53
5788363878,53
5907366887,53
5788363880,53
9203541611,53
9203541612,53
9236477422,53
6828921212,53
21578456,54
21578457,54
25495589,54
1832129794,55
1832129785,55
25496847,55
1832129776,55
1832129778,55
4077495826,55
21685497,55
1684437690,55
1684437692,55
1832129789,55
21693787,56
25500239,56
1238259337,57
4530011788,57
3197339664,57
3197339666,57
3197339667,57
4530012691,57
3197339668,57
4530012690,57
4530012695,57
1150003480,57
3197339673,57
3197339674,57
4530012696,57
3197339676,57
1731235480,57
1731235606,57
4530012705,57
4530012706,57
4530012707,57
1731235489,57
1731235492,57
4530012711,57
1731225596,57
288193455,57
1728472241,57
3197333559,57
4729385030,57
4729385031,57
1150003400,57
3794876751,57
1150003547,57
21990620,57
1731225566,57
1327865950,57
5565486432,57
1150003423,57
5565486434,57
1731225575,57
1731225580,57
28728187,57
5565487612,57
4556931604,58
21990622,58
5565443389,59
21990628,59
21990629,59
5565443390,60
250327618,60
21990630,60
250327591,60
1718566880,61
1718566886,61
21990631,61
21990632,61
8869464392,61
5042033643,61
8869464378,61
6116290274,62
24659947,62
6948380395,62
6948380400,62
6948380401,62
24949780,62
9693920800,63
9693920796,63
9693920797,63
24660863,63
5046314043,64
25632860,64
24951854,64
10544113920,65
10544113922,65
24952195,65
10544113923,65
3887940999,65
2528522518,65
6867581464,65
6867581465,65
2528522524,65
694824861,65
2528483741,65
2528522528,65
2528522530,65
6985465124,65
6985465127,65
6985465130,65
6985465133,65
2528522542,65
2528484781,65
2528522547,65
2528522549,65
6886012733,65
2038033986,65
1556324684,65
3385387604,65
3385387606,65
3385387607,65
3385356250,65
4117882857,65
25532273,65
1689387896,65
1689387903,65
5087519104,66
25066338,66
25161347,66
5087519106,66
5090420613,66
5090420614,66
5090420611,66
25161348,66
25066412,66
5090420940,66
5090420941,66
25066419,66
8807429660,66
1718390753,67
1717650794,67
25066451,67
25066453,67
25161369,67
25067264,68
25067265,68
2566132610,68
2566132611,68
25067397,68
5146186503,68
5146186504,68
5146186505,68
950703626,68
5146186507,68
25161356,68
25505685,68
25161373,68
7824747295,68
25067298,68
7824747302,68
25067305,68
6967585840,68
6967585841,68
6967585842,68
6967585843,68
1827389620,68
6967585845,68
1782727992,68
6446304190,68
5201625535,68
5201625537,68
5201625539,68
5201625541,68
25505606,68
700774224,68
25505634,68
5146186468,68
5146186470,68
4085778919,68
1990694638,68
4085778927,68
4085778933,68
5146186489,68
1309180608,69
7447637305,69
25471289,69
3691462888,69
25471274,69
25471090,69
2836220819,69
2755124947,69
2755124949,69
25632854,69
7447565847,69
7447565849,69
7447637306,69
2036181339,69
25471263,69
2036185421,70
25472215,70
4675821921,71
25472545,71
4675821944,71
4675821925,71
4675821924,71
4665353643,71
4665353644,71
4675821932,71
4675821931,71
762080111,71
1617596591,71
25473048,71
25472379,71
10196915587,72
10196915588,72
10196915589,72
32921737,72
32921738,72
10196915593,72
4675822093,72
4675822094,72
4675822095,72
4675821968,72
4675822097,72
761831057,72
4675822099,72
4675822100,72
270110481,72
270109325,72
751837591,72
1617647896,72
270109326,72
1617647900,72
1617647901,72
270112540,72
270112539,72
270109327,72
751837736,72
25472428,72
1401849779,72
751837622,72
270109370,72
1617647931,72
1617647934,72
1419544126,72
270110143,72
270110142,72
4665352260,72
4665352261,72
4665352262,72
761830981,72
4665352264,72
2134066506,72
761830987,72
9566848716,72
761830989,72
1419544142,72
26374230,72
26374231,72
761831000,72
26374232,72
751837654,72
761831004,72
761831007,72
270110053,72
270110054,72
321255911,72
321255910,72
4781199338,72
761831019,72
761831023,72
751837551,72
6483733489,72
6483733493,72
1419603573,72
25472890,72
761831037,72
25472800,73
149431715,73
2168949324,73
2168949325,73
1954751920,73
2940401398,73
3741131607,73
3741131608,73
4665353660,74
25473004,74
4665353662,74
25475328,75
25473281,75
9700060290,75
9700060291,75
9700060292,75
690295042,75
1563638022,75
690295047,75
1990912136,75
5904615691,75
5904615694,75
5904615699,75
3999987604,75
696477560,75
5904615708,75
2528483742,75
1233353631,75
5574049698,75
5574049700,75
4777885221,75
5574049702,75
4085387943,75
5574049703,75
4085387945,75
1233353642,75
4773889323,75
5574049707,75
5574049709,75
283062189,75
3385332654,75
1233353640,75
9683686963,75
5574049717,75
9683633717,75
5574049718,75
4085600696,75
4229228089,75
4085600698,75
9683633718,75
5574049719,75
3733791671,75
673420216,75
1137777343,75
1155552319,75
1155552322,75
6779394887,75
25475417,75
585148380,75
4832472797,75
9135848928,75
9135845216,75
680069473,75
8497605091,75
9683400934,75
1951242857,75
9683400938,75
680069483,75
713363180,75
4136124526,75
4166219502,75
8031801454,75
1990912115,75
1233353464,75
5574051321,75
585130362,75
1233353467,75
25473279,75
1547392771,76
1547013574,76
9694091976,76
9694091978,76
25475053,76
9694091983,76
9694091984,76
1547013588,76
1547013592,76
1547392927,76
6696695781,77
10579930791,77
10579930792,77
8783914189,77
8783914190,77
8604055550,77
8604055549,77
25475678,77
25475688,78
25475690,78
9820538027,78
25475691,78
25499095,78
8632535522,79
1312188614,79
306439304,79
2545230474,79
8632535532,79
306439310,79
8632535535,79
25477149,79
25477150,79
3741078112,80
25477154,80
1312319838,80
306439338,80
306439329,81
25477156,81
249679365,82
9080098310,82
3168378376,82
9080098315,82
9080098316,82
28418580,82
3528711722,82
27459116,82
251757615,82
27459120,82
249679407,82
7817166393,82
249679418,82
249679420,82
7817166397,82
5924603458,82
1042862659,82
5924603460,82
7817166407,82
3073173576,82
3073173585,82
7899973206,82
28418138,82
27459165,82
28418141,82
28418144,82
8500636794,82
1042862718,82
4344245890,82
4344245892,82
4344245893,82
3528738438,82
3528738439,82
3528738440,82
4344245894,82
5257738380,82
5257738381,82
5257738382,82
5257738383,82
5257738384,82
5257738385,82
5257738386,82
5257738387,82
5257738388,82
9030037139,82
3528710291,82
27460250,82
6995618979,82
7817162919,82
5242815659,82
5160943793,82
5160943794,82
5160943795,82
5160943796,82
5160943797,82
5160943798,82
5160943799,82
5160943800,82
5160943803,82
5160943804,82
5160943806,82
5160943807,82
5160943808,82
472493763,82
1039290567,82
4089885900,82
5174825175,82
5174825176,82
5174825178,82
302013659,82
5174825180,82
5174825181,82
3892081373,82
5174825183,82
302013662,82
3892081377,82
3892081378,82
9080123621,82
1014803686,82
3892081382,82
3892081384,82
6969936104,82
6969936106,82
6969936102,82
6969936108,82
6969936109,82
6969936110,82
1014803691,82
6969936114,82
6969936115,82
6969936116,82
302013685,82
6969936117,82
302013682,82
2914561272,82
302013688,82
2914561274,82
25477371,82
3894948091,82
3894948093,82
249679102,82
1014803704,82
28419328,82
3894948098,82
3894948099,82
3894948100,82
670103313,82
670103314,82
1014803736,82
3068267824,82
3068267825,82
2140124982,82
2140124983,82
3682538298,82
8042031930,82
249679168,82
5768339777,82
2140124996,82
4144358216,82
4144358217,82
4949004105,82
4949004106,82
302013776,82
302013777,82
4948602211,82
3550836102,82
3550836104,82
251757452,82
251757458,82
2934411667,82
3014236566,82
3014236567,82
3014236569,82
3014236570,82
2935392676,82
302013683,82
3068270504,82
3068270516,82
5174828980,82
3068270518,82
249558964,82
3186593720,82
1039322041,82
3186593722,82
28418497,82
251757533,82
249559005,82
1039322102,82
9080098298,82
9080098299,82
819157946,83
25477858,83
3661703766,83
819157975,83
1832052008,84
1707790107,84
25495542,84
1832129783,84
7279228683,85
317930380,85
25496773,85
1985084135,86
1985084137,86
25496781,86
25496783,86
25496787,86
25496788,86
25496850,87
25496851,87
4730978983,87
9690974273,88
9690974274,88
4920098344,88
4920098349,88
25496920,88
2480657188,89
25632678,89
2480657190,89
1954751914,89
25497968,89
25497970,89
2135411292,89
2135411293,89
25497986,90
6374802555,90
5711517570,91
5711517571,91
4703559689,91
25497997,91
5479654172,91
1723388957,91
5479654175,91
1723388960,91
5479654177,91
2331184930,91
2331184932,91
25498021,91
2331184935,91
1723388970,91
25632683,91
1723388974,91
1723388976,91
1723388979,91
1723388981,91
1723388986,91
1723388988,91
5006916678,91
446765895,91
446765900,91
5479655630,91
5479655634,91
4703542485,91
4703542486,91
390073175,91
6525670236,91
6525670237,91
2135411294,91
2135389151,91
2135411296,91
2135411297,91
6525670242,91
5479655652,91
5479655662,91
6374802559,91
25498016,92
6569580040,92
3247578847,92
25498018,93
3725817386,93
6374802579,93
6374802582,93
6374802583,93
7792756672,94
7792756674,94
7792756676,94
7792756680,94
7792756713,94
25498026,94
5711517569,95
5711517565,95
25499655,95
25505679,96
9988193967,96
25505607,96
6606135968,97
25509513,97
9197589233,97
9197589238,97
316763584,98
25632865,98
316763586,98
25632864,98
5046627553,98
316763600,98
1215563891,98
5046627638,98
5046627642,98
25632859,98
5046627645,98
25632862,98
429346241,99
4534184514,99
4534184515,99
429346238,99
4223357836,99
27460210,99
429346236,99
27459198,99
302013672,100
302013674,100
347542742,100
347542743,100
3081980920,100
3081980922,100
27480956,100
27480957,100
27480958,100
27480960,101
9678821156,101
1736734053,101
1238249900,101
1238249901,101
1238249904,101
7900221108,101
249560091,101
7900221087,101
5106520280,102
429346251,102
3632577084,102
28418909,102
3984132032,103
4116809027,103
3984132036,103
3984132037,103
302013708,103
4422013486,103
249679343,103
4089885902,103
28418929,103
4089885905,103
6294214898,103
6294214897,103
1401908258,104
1401908260,104
250550183,104
28800661,104
28800662,104
250550174,104
8869464371,105
28800668,105
32921724,106
761830999,106
761830991,106
32921728,107
32921729,107
32921731,107
4697525030,107
4697525032,107
1401849768,107
26374229,107
32921748,108
32921743,108
354886099,109
213668839,109
1685276643,110
250549700,110
250549699,110
255700677,110
213672005,110
250327619,110
8868010217,110
213668842,110
2642612586,110
213668844,110
8868010221,110
2642612585,110
213670986,110
2642878644,110
250327576,110
8868010202,110
250327547,110
8868010204,110
7815533545,111
7815533546,111
249558966,111
354886082,112
250549670,112
1310663631,112
3114645200,112
3114645201,112
250327037,112
250550400,113
973101839,113
316763595,114
316763589,114
316763590,114
1686463489,115
1686463523,115
3739049325,115
1686463503,115
1686463471,115
1686463505,115
1686463476,115
1686463510,115
390073208,115
7882485394,116
10308697502,116
469785734,116
471488499,117
1493722803,117
1547013711,117
2137096880,118
4305235825,118
473257581,118
473262660,119
473262822,119
697044225,120
707377382,120
796809545,121
8497605078,121
249467025,122
806373533,122
1569300062,123
1144619335,123
1150003141,124
5609643622,124
1150003479,124
1987381555,125
1237876710,125
1237876703,125
1255491496,126
1255369133,126
4511972303,126
1255491504,126
4511972304,126
1255491506,126
1255487160,127
1255487172,127
1255487166,127
1722268388,128
3093897990,128
4749090120,128
2387232554,128
2387232559,128
1722268367,128
5565455858,128
1280491924,128
1280491926,128
1722268381,128
3741117630,128
2402557599,128
3272782432,129
8807410151,129
1547013738,129
2454119184,129
1547013589,129
2454091736,129
3272782431,129
1556097306,130
1556097431,130
1587318992,131
1587318999,131
1817617689,132
1817617691,132
1817617692,132
1596648669,132
1596648671,132
1617532088,133
4697287185,133
4696544876,133
4663312759,133
1617596593,134
3328228993,134
1617532092,134
1617596606,134
6866592992,135
6866516262,135
2453947049,135
2453947051,135
4211515634,135
1637578547,135
1637578516,135
6866516278,135
1637578522,135
2576893629,135
1637578551,136
1637578535,136
1668135493,137
3197339661,137
3197339662,137
3170676206,137
5565475799,137
1668135486,137
1685281036,138
1685281022,138
4650375494,139
1707790055,139
1707790057,139
4650375504,139
4650375505,139
1707790067,139
4650375508,139
4658088539,139
1955520890,139
3972566715,139
6978459068,140
5177352922,140
1707790099,140
5177352932,140
1810130458,141
4077495964,141
1816038215,142
1832665997,142
1832666001,142
7279239795,142
1816038195,142
4158000323,143
1816959492,143
4142725558,143
1832228100,144
1832228080,144
1832228112,144
1832228144,144
1832228083,144
1832228115,144
1832228120,144
1832228159,144
1882379248,145
10090013713,145
10090013714,145
2306288080,145
4823243100,145
3247578846,145
3987750688,146
5269678593,146
5977954180,146
3987750692,146
9673189926,146
2612458244,146
6110164649,146
1951190474,146
7900888467,146
3850146457,146
1968744210,147
3992885062,147
4697288399,147
1990694620,148
1990694647,148
2502545024,149
9619940387,149
1990912102,149
1990912134,149
4117896490,149
2502545041,149
9683400946,149
9683400950,149
9678366518,149
9678523000,149
8031800090,149
5574051323,149
8031800092,149
8031800094,149
2341656968,150
4697287177,150
4697287178,150
3265436691,150
4696545402,150
4696568110,150
8620105277,150
8620105279,150
4697288390,150
4085747017,150
367102039,150
4166662874,150
4166662878,150
3265436260,150
4174200048,150
4696544885,150
4696545399,150
4175081593,150
4175081594,150
3911044734,150
3247589712,151
6569580044,151
6569580045,151
2531863975,151
2531863977,152
2531863978,152
2935373301,153
3809870263,153
3739049346,154
2990732269,154
6116290280,155
5473274252,155
5473274253,155
5473274254,155
5473274256,155
5473274257,155
5473274259,155
5473274260,155
3139655930,155
3139655933,155
5473273470,155
3158794148,156
5473272900,156
5473272902,156
3158794151,156
5473272904,156
5473273067,156
5473273068,156
4534858543,156
5473272882,156
5473272983,156
5473272984,156
5473272667,156
5473272700,156
3578315456,157
3586606037,157
4369519260,158
4369519219,158
4369519227,158
4369519206,158
4554237017,159
5009054889,159
5009054892,159
4696545403,160
4697287188,160
4781199345,161
4781199346,161
4781199348,161
4781199350,161
4781199352,161
4781199354,161
4781199355,161
6374802572,162
5006965588,162
5006965589,162
5060405461,163
1954751918,163
5095547184,164
5095547180,164
5095547181,164
5095547182,164
5468301601,165
10607626,165
5468301602,165
5473273795,166
5473273796,166
5473273798,166
5473273803,166
5473273805,166
5473273616,166
5473273791,166
5473273788,167
5473273789,167
5473273790,167
5733997920,168
5733997919,168
5927671120,169
5927671121,169
6525701529,170
4142725557,170
6525701539,171
6525701540,171
6525701530,171
6525701533,171
6525701535,171
6606148797,172
6606148798,172
6855696495,173
6855696496,173
6855696497,173
6855696502,173
6855696503,173
6855696504,173
6855696506,173
7792756538,174
7792756539,174
7792756540,174
7792756543,174
8357847937,175
8357847938,175
8357847939,175
8357847927,175
8357847928,175
8357847929,175
8357847930,175
8357847931,175
8357847932,175
8357847933,175
8357847934,175
8515091587,176
8515091588,176
8515091590,176
25532494,177
8807410150,177
9524817681,178
9524817682,178
10306423508,179
10306429309,179
10306429310,179
10306429319,179
