node_id,cluster_id
1596648673,0
1832129762,0
4076126468,0
7946372941,0
5516594509,0
1401849810,0
25509527,0
25509533,0
104318,0
2398924896,1
6369329155,1
20965798,1
20965799,1
20965800,1
25500427,1
8868824844,1
2398924877,1
7946378606,1
7946378610,1
6369329170,1
2398924886,1
4076095262,1
104319,1
104320,2
1215563904,2
373364228,2
1649365894,2
3229825163,2
3229825166,2
6369329166,2
8868824851,2
8868824852,2
3229825173,2
5475684758,2
8868824855,2
8868824856,2
8868824857,2
5475684763,2
20965794,2
20965797,2
107687,2
18397096,2
20965803,2
1163955130,2
10263444809,2
441958994,2
21693795,2
5475684848,2
1649365878,2
1215563895,2
1771426174,2
104321,3
25161346,3
25161345,3
104322,3
25161349,3
8869435268,3
5043864464,3
8869435281,3
8869435286,3
25161367,3
25161368,3
8869435287,3
8869435288,3
316763548,3
5046005789,3
5046005790,3
28800672,3
8869464354,3
8869464357,3
24951853,3
4922952366,3
4922952365,3
7553887409,3
4922952371,3
4922952372,3
4922952373,3
4922952374,3
24658003,3
1684511955,3
24658007,3
24658010,3
25066333,3
10677375,3
25066337,3
5046005730,3
5046005731,3
24950117,3
7553887464,3
316763500,3
316763501,3
1046306670,3
1046334318,3
317380078,3
5046005745,3
5046005743,3
1718328435,3
316763513,3
1718328442,3
8438226815,3
25475712,4
4715264001,4
4715264002,4
104323,4
4715264004,4
4715264006,4
4715264007,4
722208263,4
7623861385,4
6014302222,4
6014302224,4
6014302225,4
3987750677,4
8064065315,4
8064065316,4
8429812517,4
6110164647,4
9216868136,4
9216868137,4
722208297,4
9216868141,4
1532087855,4
295977520,4
9216868143,4
9216868145,4
5924603442,4
4136137529,4
5924603450,4
4136137530,4
1233350847,4
4534184512,4
1233350848,4
9690915267,4
9690915275,4
9690915278,4
25475663,4
25475664,4
2374491605,4
27460439,4
4167762776,4
2969438426,4
4167762778,4
6265654111,4
7644741343,4
7644741345,4
7644741346,4
7644741348,4
377490664,4
5904585328,4
1312932849,4
4715263991,4
4715263992,4
4715263993,4
10013517434,4
4715263995,4
1237883773,4
4715263998,4
27460226,5
3930921860,5
742399752,5
5116226063,5
4223357841,5
251892754,5
4155841811,5
4155841810,5
4155841816,5
4155841818,5
3932064154,5
4155841820,5
3932064156,5
3906588448,5
28418859,5
251892523,5
1493722804,5
4430996024,5
4430996027,5
4430996028,5
28418877,5
4430996029,5
3932064957,5
107584,5
27459905,5
107585,5
429346243,5
429346242,5
429346244,5
32838084,5
4629462859,5
4430996044,5
429346253,5
3708234957,5
843376591,5
3708234955,5
3708234956,5
4089885906,5
252601811,5
251892950,5
5580861151,5
5580861153,5
843376610,5
1312471267,5
6218501739,5
6218501740,5
6218501742,5
6218501748,5
3632581622,5
6218501751,5
8515091591,6
4726152850,6
1787108626,6
4726152852,6
4726152853,6
4726152857,6
4726152858,6
250549282,6
250325411,6
2003007012,6
4453606953,6
2920433449,6
3334162601,6
3334162604,6
3375451566,6
4453606958,6
2929116721,6
4224123324,6
250327100,6
8043350334,6
8043350335,6
107586,6
1779589718,6
1312188768,6
21990624,6
21990625,6
250549348,6
2934268024,6
1733389314,7
30078473,7
1401416203,7
1365887500,7
5473274891,7
25069071,7
5473274896,7
3136311315,7
3136311316,7
24949783,7
8807429659,7
25071133,7
5473274911,7
25071136,7
25071137,7
25071139,7
1733389349,7
25071142,7
25071145,7
1733389353,7
2218344503,7
2218344510,7
5473272894,7
5473272896,7
5473272897,7
5473272895,7
107587,7
107588,7
5473272899,7
5473274957,7
3141817429,7
5473274969,7
1211381855,7
2218340965,7
5473273451,7
5473274990,7
5473273966,7
5473273968,7
3136301320,7
5473273457,7
5473273967,7
4861365369,7
4861365370,7
5473275004,7
4861365372,7
5473274494,7
5473274493,7
10677377,7
5473274501,7
5473274502,7
5473274503,7
3136301324,7
4861365383,7
5473274506,7
1497452171,7
5473274508,7
25069197,7
5473274507,7
3136301325,7
5473273490,7
5473272978,7
2961557,7
5473274519,7
1497452184,7
3136301328,7
2793874587,7
5473273499,7
5473274525,7
5473273500,7
5473274528,7
5473274529,7
3136301730,7
5473274531,7
5473274532,7
5473274533,7
5473274534,7
3136301731,7
5473274540,7
3715515059,7
4688513218,7
4688513221,7
2387226309,7
4688513226,7
4688513227,7
4688513230,7
4688513231,7
25069265,7
25068755,7
4688513237,7
4688513240,7
5473273571,7
2642857191,7
5334381837,7
2642857197,7
5473273069,7
2642857199,7
5473273072,7
5473273071,7
5473273070,7
7223365368,7
1939558651,7
7223365372,7
24659709,7
2622212860,7
2622212862,7
1939558655,7
2622212865,7
5473273604,7
5473273605,7
5473273606,7
2538458887,7
2538458888,7
2538458889,7
5473273607,7
5473273611,7
5473273612,7
2538458893,7
5473273613,7
5473273610,7
3136301321,7
2538458897,7
2538458898,7
2538458899,7
1939558667,7
5473273615,7
1939558672,7
2538458903,7
2538458904,7
5473273621,7
2528522522,7
5473273623,7
1939558681,7
1939558684,7
5473273622,7
1939558687,7
2538458905,7
2622212895,7
2622212897,7
3139677982,7
3139705124,7
2622212903,7
1939558697,7
1939558700,7
24950061,7
4534858546,7
2622212914,7
4534858548,7
2622212925,7
2622212927,7
2622222657,7
2622222658,7
2622222659,7
2622212930,7
2622212933,7
2622212937,7
5094718794,7
2622212939,7
25070924,7
2622222668,7
2622212941,7
5094718798,7
2622212942,7
30056277,7
5473274710,7
25069911,7
24950104,7
24950102,7
24950101,7
24950107,7
357999964,7
24950105,7
24950110,7
24950111,7
24950112,7
5473274717,7
5473274724,7
5473274725,7
4866976614,7
109416,7
3381130090,7
3381130092,7
25248112,7
25248113,7
25248114,7
25248115,7
3141814027,7
25248117,7
25248118,7
25248119,7
25248120,7
25248122,7
25248123,7
25248124,7
25248125,7
25248126,7
25248127,7
25248128,7
25248129,7
25248130,7
5473274242,7
1678245252,7
8807431559,7
8807431560,7
2538458886,7
1312264600,7
2622212878,7
1733389217,7
1939558661,7
3375451555,7
24951721,7
3375451563,7
24661419,7
3375451565,7
1939558663,7
1939558666,7
2538458894,7
1733389249,7
2622212885,7
25070019,7
2538458895,7
2622212887,7
1312188886,7
2622212889,7
25066457,7
1733389278,7
2218362849,7
5473274866,7
5473274867,7
5816744255,8
28418921,8
4136137525,8
107606,8
4136137527,8
25475770,8
1689605567,8
585124778,9
1951242858,9
107614,9
1864047135,9
5473273363,10
5473273364,10
24662037,10
5473273368,10
5473273372,10
5473273373,10
5473273376,10
5473273379,10
3076574254,10
3076574255,10
25532464,10
5473273399,10
3272782406,10
6018098767,10
5473273425,10
5473273429,10
1678227031,10
5238587992,10
5473273433,10
5238587994,10
5473273435,10
5473273441,10
107626,10
107627,10
107634,10
5049840244,10
25067636,10
2961549,10
25161361,10
25161362,10
25161363,10
3061197976,10
4867087524,10
4867087532,10
4867087535,10
6463230640,10
1418752689,10
1401459399,10
1401459400,10
1401459403,10
24660697,10
3153656028,10
3153656030,10
2378843907,10
1951616261,10
1951616268,10
1951616276,10
6463234329,10
24950050,10
24950064,10
24950065,10
5473273139,10
5473273140,10
5473273141,10
5473273142,10
1951616319,10
2577040703,10
5223919938,10
5473273154,10
5473272665,10
5473272666,10
5141354330,10
5141354331,10
5473272668,10
24950113,10
24950114,10
24950115,10
8807431534,10
5227220846,10
8807431536,10
8807431541,10
3272712566,10
1782714747,10
1678226827,10
5473273227,10
5065949596,10
1678226846,10
5065949598,10
1312454055,10
25532332,10
25544110,10
259252667,10
5340811707,10
5340811717,10
1312454087,10
5340811719,10
5340811720,10
1312454094,10
5473273295,10
25532377,10
5473273305,10
25532384,10
8807410152,10
8807410154,10
8807410158,10
5473273326,10
5473273332,10
107632,11
6458938017,11
5141216782,12
5141216785,12
1719663634,12
5141216787,12
5141216790,12
5141216792,12
473219610,12
4085783103,12
1719661631,12
4085783105,12
4085783106,12
4085783107,12
1727515734,12
6446292570,12
6446292571,12
6446292572,12
5905893980,12
107637,12
1719529597,12
1719529599,12
25161360,12
25067670,12
6458938007,12
6458938008,12
6458938011,12
1569312412,12
1951372959,12
25161375,12
7824803495,12
10542989479,12
7824803497,12
109737,12
10542989484,12
25067727,12
25067728,12
5104314096,12
1722621701,12
1722621711,12
5141625621,12
1722621718,12
5141625623,12
7906964248,12
7906964249,12
5141625625,12
5141625629,12
5141625630,12
5141228834,12
5141625635,12
5141625637,12
5096270631,12
5141625653,12
5141625654,12
5141625655,12
6032044857,12
1951616322,12
473258313,12
6032044874,12
473258826,12
5141625681,12
3100169049,12
25067871,12
5141625696,12
5141625698,12
5141625699,12
7911267685,12
7911267686,12
7911267688,12
25067883,12
25067400,12
25067914,12
5104314264,12
25067929,12
5104314266,12
7911231384,12
5104314268,12
5104314269,12
5104314270,12
5104314272,12
25067936,12
5104314275,12
5104314276,12
3637449663,12
10543014339,12
10543014340,12
25067461,12
25067463,12
10543014343,12
10543014346,12
4166634957,12
25067473,12
25067479,12
10543014362,12
10543014363,12
10543014367,12
10543014371,12
10543014372,12
10543014373,12
5141216742,12
10543014374,12
5141216745,12
5141216746,12
10543014377,12
10543014380,12
10543014379,12
4085778929,12
10543014386,12
4085778931,12
10543014388,12
10543014387,12
5104314358,12
10543014390,12
5141876996,13
5141876999,13
5198585559,13
5198585557,13
5198585558,13
107638,13
5198585560,13
5198585561,13
5198585562,13
25067324,13
9024139143,14
9024139144,14
1726730120,14
1726730123,14
1835355931,14
7926506525,14
4922952353,14
7926506531,14
1835355944,14
4922952363,14
1726730029,14
1726730033,14
1835355953,14
1726730167,14
1835355961,14
1726730043,14
1726730049,14
1835355973,14
1707790029,14
18468951,14
7223709662,14
1726730080,14
18468962,14
1726730082,14
7223709668,14
7223709669,14
1835356006,14
1163954922,14
2466442731,14
1835356013,14
2466442741,14
2466442743,14
107641,14
107646,14
25504770,15
1311962122,15
470729237,15
8807429661,15
8807429662,15
8807429663,15
6509584414,15
1678155318,15
1678452790,15
1678452792,15
1678452795,15
1678452796,15
1678452797,15
10311362114,15
10311362115,15
1828402760,15
1828402763,15
470729292,15
3474115151,15
18468958,15
18468961,15
6369390690,15
5976850019,15
10311362148,15
6369390692,15
10311362150,15
5976850023,15
6369390696,15
10311362153,15
10311362154,15
5976850024,15
6369390700,15
7610670710,15
107643,15
107644,15
21565570,15
4962956931,15
25161350,15
25161351,15
25161352,15
25161353,15
9611081868,15
25161365,15
7610670751,15
7610670752,15
18395811,15
25066666,15
7610670769,15
1268892338,15
3656358067,15
7610670771,15
3664398006,15
3664398007,15
3664398009,15
10311362236,15
25066684,15
25066687,15
25066694,15
8785457865,15
8785457866,15
8785457867,15
10311178960,15
10311178961,15
1938819283,15
10311178964,15
1938819284,15
10311178967,15
10311178970,15
1268892379,15
1707790044,15
367105757,15
1938819294,15
10311362270,15
10311362271,15
10311362272,15
10311178978,15
1938819301,15
10311178985,15
1707790062,15
10311178991,15
1938819317,15
1938819320,15
4866623226,15
4866623228,15
1938819325,15
1938819326,15
4866623230,15
1938819328,15
1938819330,15
25067266,15
1938819335,15
1835355913,15
2387194123,15
8807441166,15
2387194127,15
2387194128,15
1835355922,15
2387194131,15
2387194133,15
8807441176,15
8807441177,15
8807441178,15
8807441179,15
1835355929,15
25066784,15
1835355936,15
1401926435,15
1268900644,15
2387194149,15
2387194150,15
1835355940,15
1835355946,15
2387194156,15
4866552622,15
4866552623,15
4866552625,15
1835355955,15
4866651961,15
1835355964,15
1835355965,15
4866651969,15
1835355972,15
1268900678,15
5046447437,15
25505629,15
1793420652,15
1655418222,15
1793420660,15
1268892533,15
1268892541,15
25505662,15
1852996996,15
25504145,15
25504146,15
25504148,15
25504149,15
25504150,15
3664405913,15
1311962016,15
6055863205,15
4729448869,15
6055863211,15
10310609841,15
10310609842,15
1777727945,15
1777727947,15
1777727949,15
1777727950,15
10310609872,15
1777727958,15
1777727960,15
1777727961,15
1777727962,15
10310609885,15
3704225378,15
1725360097,15
7223709667,15
4085778922,15
4085778924,15
4085778928,15
25504755,15
25504756,15
2012969972,15
4085778934,15
4830306810,15
25504763,15
4830306813,15
4627445252,16
4627445253,16
4627445254,16
4627445257,16
4627445260,16
4627445261,16
473265708,16
1678452780,16
1678452788,16
1678452789,16
10539712057,16
10539712058,16
10539589691,16
10539589692,16
10539589696,16
10539589701,16
1828402758,16
10539589704,16
7179983946,16
7179983947,16
10539856459,16
10539589706,16
10539589707,16
3696548432,16
3696548437,16
3696548438,16
1828402774,16
3696548440,16
3267461729,16
473265762,16
7827997819,16
10539068544,16
419350669,16
107667,16
5009054881,16
473265346,16
419350723,16
10539648210,16
2620105428,16
1938819302,16
4175059691,16
4089236236,16
10309458701,16
1536948492,16
10309472541,16
10309472542,16
10309472543,16
10309472544,16
4085767970,16
10309472547,16
10309472548,16
4085767974,16
473264937,16
10309472553,16
7610670890,16
7610670892,16
4085767979,16
4085767983,16
4627491632,16
4085767989,16
4627491645,16
4627491650,16
1268903266,16
5207476608,16
5207476609,16
25504128,16
473264514,16
5207476611,16
5207476613,16
6509684096,16
5207476616,16
2665239978,16
10310609849,16
10310609852,16
10541894095,16
25470928,16
10541894097,16
4166634960,16
10310609879,16
10310609881,16
10310609887,16
4627445215,16
10310609894,16
25504753,16
4627445239,16
4627445240,16
4627445241,16
8620105223,17
1678452753,17
268124704,17
3267461666,17
8620105262,17
1777740337,17
5177397822,17
5177397823,17
5177397825,17
5177397826,17
5177397828,17
4150883407,17
4150883409,17
4696544883,17
8755805305,17
4696545406,17
473267328,17
10539068550,17
107668,17
1239549084,17
1905779367,17
1905779369,17
5177397419,17
5009054894,17
5009054898,17
419632307,17
10539068598,17
3972566710,17
368044217,17
490946748,17
1214922433,17
1707790023,17
4197401800,17
4197401802,17
10309140683,17
10309140686,17
4197401811,17
4197401813,17
2360681703,17
4034060007,17
2360681709,17
2360681711,17
4034060015,17
4034060017,17
4034060018,17
2265065203,17
2360681716,17
2360681713,17
2265065207,17
490946813,17
10309153022,17
10309153023,17
10309153025,17
1649365762,17
10309153027,17
1649365764,17
473268999,17
1649365780,17
6137798425,17
1649365789,17
1649365797,17
1649365800,17
1649365810,17
1649365816,17
1649365820,17
2140432704,17
1777742666,17
237911,17
473266524,17
8755808618,17
473269102,17
1955520879,17
8755808627,17
4158223748,17
3763565959,17
3763565961,17
1668112790,17
1813794712,17
1813794713,17
1668112792,17
864817628,17
107681,18
1401870340,18
1726730375,18
269549104,18
269549105,18
1163955128,18
956233216,19
8785484288,19
490947077,19
1726730272,19
1726730281,19
1726730292,19
490947124,19
1726730295,19
1678452793,19
1726730303,19
1726730307,19
1726730326,19
1726730329,19
4379801694,19
25577057,19
25503841,19
25503845,19
25503848,19
4379801706,19
25503851,19
25503856,19
1726730354,19
25503860,19
25503862,19
25503865,19
25503867,19
25503869,19
5342251136,19
25503873,19
25503876,19
25503880,19
25503885,19
5342251151,19
7607080091,19
7607080092,19
107684,19
107685,19
107686,19
7613626042,19
7613626044,19
7613626045,19
7613626046,19
7613626047,19
25471681,19
7613626050,19
7613626059,19
7613626060,19
8785457870,19
8785457871,19
7613626066,19
7613626070,19
4329502449,19
25471732,19
25471740,19
4379801357,19
2005131543,19
4643337000,19
1163954995,19
4643337012,19
25470782,19
7610670912,19
7610670913,19
7610670919,19
7610670920,19
4530339698,19
4530339699,19
25500535,19
25504129,19
25504134,19
5114681227,19
5114681230,19
25504143,19
25504144,19
10572178,19
10572179,19
10572180,19
748885408,19
4240028578,19
4240028580,19
1726730162,19
1726730165,19
4643337143,19
4643337146,19
747893184,19
956233215,19
25475330,20
25475331,20
25475332,20
8785484298,20
2294047375,20
762080145,20
8785484306,20
1617596693,20
4689775126,20
8785484312,20
8785484313,20
7271474841,20
6769325725,20
7271474850,20
7271474852,20
1617596711,20
1617596714,20
107692,20
107693,20
25496622,20
25496623,20
269550898,20
4530270906,20
762080190,20
269550783,20
269550786,20
8373690819,20
5006063174,20
21563463,20
1617647944,20
1617647945,20
762080077,20
1617596621,20
1617596626,20
1617596627,20
269550681,20
269589467,20
26374236,20
7223695325,20
7223695326,20
26374237,20
323262310,20
1020211942,20
1617596646,20
762080105,20
5736692333,20
25475182,20
5736692334,20
21563504,20
21563503,20
21563507,20
21563508,20
269550330,20
1617596669,20
1832227968,21
1832227972,21
338472586,21
338472589,21
1832129807,21
6279388821,21
6279388822,21
6279388824,21
2458257563,21
1832129947,21
1832129821,21
1832227996,21
1832129951,21
1832227873,21
343669793,21
8975700260,21
343669796,21
343669798,21
1832129835,21
1364161197,21
5265953455,21
1832228016,21
5265953457,21
5265953459,21
1832228035,21
1832228039,21
1364172237,21
1832129869,21
1832240590,21
1832129873,21
1832129878,21
1832240598,21
1832129881,21
1832129884,21
1832129888,21
6724775012,21
108389,21
6724775018,21
1832248428,21
1832248430,21
1364168178,21
1364168180,21
2458303223,21
1832129917,21
25495807,21
25496624,22
25495698,22
108391,22
25497619,23
5095890460,23
5503142966,23
5503142969,23
5503142970,23
9820537917,23
9820537921,23
1736685635,23
9820537932,23
9820537933,23
1326821457,23
4297243218,23
1816777816,23
25475674,23
9576827482,23
1816777820,23
775984737,23
775984738,23
9820537955,23
9820537954,23
9820537957,23
4729480806,23
4729480807,23
25475692,23
25475693,23
25475694,23
1736685679,23
1816705135,23
4571244660,23
4571244663,23
9820537981,23
9820537982,23
1816705152,23
9820537992,23
9820537993,23
1599652492,23
1816705168,23
1816777873,23
9820538002,23
1816777874,23
9820538004,23
1599652497,23
9820538006,23
1816705175,23
1816705177,23
4297243292,23
4298971293,23
1816705180,23
4297243295,23
1816705183,23
4297243298,23
9820538020,23
9820538021,23
9820538022,23
4297243301,23
4158004390,23
1816705193,23
4297243306,23
4571238068,23
4571238069,23
1938953406,23
5353127105,23
3257317059,23
1938953413,23
748797126,23
1816705227,23
6828863694,23
1816609486,23
6828863697,23
1816705235,23
1938953431,23
748797145,23
1816705242,23
1816609498,23
1938953437,23
1816705246,23
1816705250,23
748797155,23
21990638,23
4158122222,23
9805100783,23
4158122223,23
4298970364,23
25497340,23
4298970368,23
4298970372,23
4298970376,23
4298970380,23
4298970384,23
4298970388,23
1664571164,23
3107212073,23
355416887,23
355416892,23
355416911,23
4297242961,23
1601797458,23
355416920,23
355416921,23
1664571227,23
109403,23
1664571229,23
1664571236,23
4297054053,23
4297242983,23
108393,23
108406,23
1145174402,23
1145174413,23
1145174417,23
1261120402,23
1145174418,23
9693963681,23
1145174435,23
1145174437,23
9693963688,23
710657963,23
1261120430,23
7947041713,23
4142725554,23
1813618616,23
3830441937,23
25499093,23
435104726,23
435104727,23
435104728,23
435104729,23
1145174501,23
1145174508,23
1913216493,23
422573549,23
25497595,23
25499808,24
390073160,24
5306194265,24
25632684,24
5973397966,24
3586606039,24
3586606038,24
25634199,24
3586606040,24
108409,24
3809744384,25
3809744385,25
3809744386,25
3809744387,25
3809744389,25
3809744390,25
338319877,25
3809744392,25
1731235511,25
3809744395,25
3809744396,25
3809744398,25
3809744400,25
3809744401,25
3809744403,25
3809744404,25
906172949,25
3809744406,25
4317178392,25
3809744409,25
3809744412,25
3735886877,25
3809744414,25
3809744415,25
3809744416,25
3809744417,25
3809744418,25
3471375905,25
3809744419,25
3809744421,25
1150003237,25
3809744423,25
3471375913,25
3809744426,25
3809744430,25
3809744431,25
3809744432,25
3809744433,25
3809744434,25
3809744436,25
3809744439,25
3809744443,25
3809744444,25
3629223996,25
3809744446,25
5565466174,25
5565466175,25
5565466177,25
1390303296,25
3809744451,25
3805378116,25
3809744453,25
3805378117,25
5565466183,25
3805378119,25
3805378121,25
3805378122,25
3805378123,25
3805378124,25
3805378120,25
1493676622,25
57786953,25
1327865952,25
4383581281,25
1327865953,25
1327865956,25
1327865957,25
25477224,25
7151566952,25
250327660,25
3808625773,25
25477228,25
3808625778,25
3808625780,25
3808625782,25
3808625785,25
3808625786,25
3808625791,25
3808625796,25
4749094023,25
1271712905,25
4749094026,25
3808625804,25
1271712911,25
3808625809,25
1271712914,25
2129578132,25
2129578133,25
1271804564,25
1271712920,25
1150003354,25
1271712922,25
2129578142,25
1271712931,25
1271712934,25
3808625831,25
3808626859,25
3808626860,25
9030284973,25
3809744558,25
9030284975,25
3808626862,25
9030284977,25
3808626865,25
3808625843,25
3808626868,25
3809744565,25
3808626869,25
9030284983,25
3808626872,25
1150003385,25
1255487162,25
3809744571,25
3809744572,25
806373565,25
1271712957,25
3808625855,25
3808625853,25
3808626878,25
3808626882,25
2496836291,25
3808626884,25
1039290561,25
3808626886,25
1255487174,25
1255487176,25
3809744583,25
1255487171,25
3809744584,25
1255487177,25
3808626893,25
3808626887,25
2496836303,25
3808626895,25
3808626896,25
1731235534,25
1255487187,25
21990614,25
3808626902,25
3808626904,25
3808626905,25
25477335,25
25477339,25
1731235545,25
728370399,25
8210567392,25
3808626913,25
3808626914,25
8210567395,25
8210567396,25
3808626912,25
1039290594,25
1731235557,25
1731235558,25
8210567401,25
8210567402,25
3808626923,25
3808626922,25
6574794989,25
3805378111,25
3808626929,25
3805378112,25
4333847283,25
3808626934,25
3808626935,25
3629217345,25
1255320311,25
3805378113,25
3808626940,25
3808626941,25
4317211389,25
3805378114,25
3629217346,25
3808626945,25
3629217347,25
3808626947,25
3629217348,25
251757321,25
1255490314,25
3733299982,25
1255320339,25
3733299988,25
5925626143,25
4086232866,25
1255320354,25
4086232870,25
4086232871,25
1255320363,25
4316822830,25
1255320367,25
8042031957,25
8042031958,25
1271774552,25
3805122394,25
3805122396,25
2935373159,25
2935373161,25
4382350190,25
3808627061,25
4382273402,25
3808627066,25
4382273404,25
3808625835,25
3515286913,25
3988141441,25
3988141442,25
108420,25
4075008388,25
3808625837,25
249558409,25
25477301,25
1255369105,25
1255369111,25
1255369125,25
4317187494,25
1255369128,25
3808625844,25
3673602988,25
1255369135,25
3093894066,25
3809870259,25
1255369140,25
3809870261,25
3809870262,25
3809870260,25
3809870264,25
3809870265,25
3809870266,25
3809870267,25
1255369148,25
3809870269,25
3809870270,25
2560785849,25
3809870272,25
3809870273,25
4511948225,25
1255369152,25
1255369156,25
3809870277,25
3629223879,25
1255369159,25
3809870281,25
3629223881,25
3809870283,25
3629223884,25
3629223885,25
4511972302,25
3809870287,25
3809870288,25
4511972301,25
3629223890,25
3152307669,25
3808626871,25
3808625854,25
1271712946,25
2254629351,25
4316823023,25
3637436403,25
3637436404,25
3809744380,25
3809744381,25
3809744383,25
2278320131,26
108838,26
108845,27
5124166975,27
1777728708,28
108871,28
20626317,28
20626318,28
4866475733,28
3796774902,28
4866475736,28
5124166971,28
5124166973,28
18395806,28
108903,29
25496777,29
245200970,29
4211515569,29
663363473,29
8972511964,29
109408,30
894485202,30
470727954,30
1236791504,30
20626311,31
20626312,31
3796814729,31
20626315,31
20626316,31
7572522510,31
7572522511,31
7572522512,31
7572522513,31
7572522523,31
6509584413,31
109734,31
7572522540,31
2012970414,31
1536948536,31
7572522556,31
2504847039,31
4866475729,31
4866475730,31
4866475734,31
4866475738,31
1852996954,31
1536948578,31
109411,31
109412,31
2504822135,31
1536948474,31
1536948477,31
109414,32
9030029183,32
109728,33
25476134,33
5564754892,33
5931509715,33
5931509718,33
30056310,33
5564410334,33
302013676,34
109766,34
302013678,34
373402354,35
109780,35
18468953,36
9514602150,36
9514602151,36
9514602152,36
9514602153,36
5047029672,36
4922952364,36
4922952370,36
109785,36
6166157035,37
24952268,37
3887941009,37
3887941010,37
6446269173,37
1556260024,37
109788,37
6446256190,37
1723340785,38
1723340842,38
110141,38
435104742,38
1685281025,39
1685281029,39
4823246342,39
1685281031,39
4823246344,39
1685281032,39
1685281035,39
1150003340,39
5609643663,39
5609643664,39
1685281041,39
5609643665,39
25498004,39
1685281045,39
1685281046,39
1685281175,39
1141415192,39
5609643670,39
25498010,39
1685281053,39
1686463389,39
1685281056,39
1686463392,39
1685281058,39
1141415202,39
1685281061,39
1686463397,39
1685281063,39
1685281064,39
1684835241,39
1141415215,39
1150003503,39
1686463794,39
1685281075,39
1685281076,39
1685281077,39
1141415220,39
1685281079,39
110143,39
1685281087,39
1686463428,39
1150003270,39
1684835016,39
1150003530,39
1309067472,39
1685281104,39
1757440607,39
1685281123,39
5609643623,39
1685281003,39
1685281260,39
1685281006,39
1493658224,39
1685281010,39
1685281011,39
1685281013,39
1685281017,39
1685281020,39
1685281021,39
1233327202,40
1787108647,40
1787108648,40
1787108649,40
1787108650,40
110238,40
1707790096,41
21392273,41
2293833763,41
5374174119,41
470727722,41
3972566713,41
3972566716,41
9949142599,41
5880186827,41
5880186829,41
5880186830,41
5880186833,41
237908,41
4822267094,41
21563479,41
21563481,41
21563489,41
1707790074,41
1707790076,41
6866779798,42
6866779799,42
6866779802,42
4530012699,42
6866779804,42
4530012700,42
4530012702,42
6866779806,42
4530012703,42
6866779809,42
6866779810,42
6866779817,42
6866779818,42
2632761651,42
282708,42
4316306161,42
4316306163,42
4316306164,42
1761598585,42
25438595,43
25438732,43
25438638,43
282719,43
24661273,44
8807431546,44
2961540,44
24950109,44
1547013655,45
27458331,45
3215687074,45
1547013667,45
4402594986,45
1566269741,45
27458353,45
5342236721,45
4402629177,45
4402629178,45
4402629180,45
5342236739,45
5342236740,45
1566270021,45
1312454086,45
5335245254,45
5335245256,45
5335245257,45
1566270409,45
692162510,45
27481039,45
27481040,45
27481041,45
692162514,45
27481044,45
3708234964,45
30056280,45
471488472,45
4807512540,45
4807512541,45
692162527,45
2961891,45
1550763620,45
5768339816,45
5768339817,45
30057965,45
1547013743,45
367121266,45
692162559,45
10572785,46
8972511963,46
25496748,46
21583342,46
8785568224,47
8785567914,47
8972441580,47
10572786,47
1985084095,47
1813618432,48
8989843465,48
20460681,48
25497611,48
20460686,48
20460687,48
25497872,48
20460690,48
10607127,48
10607128,48
20460697,48
20460696,48
2118622487,48
2118622488,48
6871422361,48
6506796188,48
6871422360,48
1813618463,48
1813618465,48
1813618461,48
5238523291,48
7553479208,48
5041784489,48
7553479212,48
1596655149,48
1596655148,48
1596655155,48
1813618484,48
5041784501,48
1813618358,48
25473207,48
1596655157,48
5041784633,48
5041784634,48
1813618228,48
1813618229,48
1813618365,48
1813618493,48
1596655161,48
1326821569,48
8868824899,48
8868824900,48
8868824901,48
2755124807,48
256766536,48
256766537,48
1813618376,48
435104715,48
435104712,48
435104717,48
8868824911,48
8868824912,48
256766545,48
2755124815,48
1366095187,48
8868824913,48
1366095189,48
8868824914,48
5238528591,48
1813618393,48
10004388708,48
10004388710,48
25497978,48
1813618288,48
632447859,48
25497979,48
25497845,48
5242049139,48
1813618424,48
1813618426,48
372050299,48
1813618429,48
1813618431,48
435104736,49
435104738,49
435104732,49
10607132,49
435104735,49
5470932256,50
10607629,50
5468301555,50
25496857,50
5470932252,50
1721713699,51
672061444,51
2902624645,51
2406484455,51
1312188714,51
1721713677,51
672061646,51
1717643505,51
1717643512,51
10677374,51
10677376,52
2642857203,52
5473274959,52
1360122880,53
6431923714,53
6431923715,53
4462680068,53
7840712839,53
1832248457,53
1832248458,53
5642519054,53
4462680078,53
5374174224,53
5642519055,53
5642519056,53
5642519060,53
9804471701,53
9804471702,53
595709975,53
25496854,53
5642519066,53
14672924,53
5642519068,53
5642519069,53
5573994014,53
5573994016,53
9846850973,53
9846850972,53
9846850974,53
5573994020,53
1832129958,53
1832129960,53
5374174120,53
1832129962,53
7203717550,53
5839165751,53
1360122937,53
25151180,53
4512763345,53
4512763347,53
5839155672,53
1360122841,53
5460658138,53
5471345385,53
1360122860,53
308837357,53
5573931376,53
5573931377,53
1360122866,53
5573931380,53
5573931381,53
5573931384,53
529722111,53
21307200,54
18393873,54
18395288,55
1717643537,55
25161370,55
1717643530,55
8869472263,56
20460684,56
10577984012,56
3320754320,56
3320754322,56
1723315608,56
3247825561,56
3247825562,56
25498015,56
5938625442,56
3247824558,56
250550447,56
7636278191,56
7636278193,56
4401149234,56
7636278195,56
7636278196,56
7636278198,56
7636278199,56
7636278200,56
7636278201,56
8898783674,56
18398282,56
4807521484,56
1309067471,56
3741131600,56
3741131606,56
7636244314,56
5006781409,56
149451622,56
632438506,56
1169109485,56
8869472239,56
8869472242,56
20458277,57
250549587,57
4618510643,57
1312188692,57
4618510644,57
2990651904,58
2990651905,58
5067002882,58
1759454211,58
2990651908,58
2990651909,58
2990651910,58
2990651906,58
2990651912,58
2990651911,58
2990651914,58
2990651907,58
1759454222,58
2990651918,58
1758552592,58
2990651920,58
973128722,58
2990651921,58
1758552597,58
5040168489,58
5040168491,58
5040168496,58
2990716984,58
2990716985,58
2990716986,58
256766532,58
256766533,58
2990717001,58
1150003289,58
1759454305,58
5041784423,58
1758552682,58
6978555518,58
5609643647,58
1813618304,58
1150003329,58
6978555522,58
2987752071,58
20460680,58
1684710025,58
2990780039,58
2987752074,58
2987752075,58
2987752073,58
5609643658,58
5269670540,58
1759454351,58
5733998227,58
5733998228,58
28800660,58
28800663,58
819132568,58
1684710044,58
1759454378,58
2990664881,58
25473202,58
1758554291,58
25473204,58
25473205,58
244128951,58
748941508,58
1759454429,58
6978557152,58
748941573,58
748941577,58
5060388105,58
5060388107,58
5060388110,58
1150003472,58
5060388115,58
1401893666,58
1401893675,58
8975833905,58
6978563378,58
8975833911,58
1150003532,58
875789647,58
1684781421,58
3739049327,58
1150003571,58
1684781436,58
25497981,58
25497985,58
2990806410,58
2990806411,58
3739049356,58
2990806415,58
968499092,58
3739049365,58
3739049366,58
1759454104,58
1311962012,58
1684781470,58
3739049382,58
316763559,58
3739049383,58
6816821193,58
1758552522,58
1150003147,58
1758552524,58
1758552521,58
1759454163,58
1758552541,58
1758552547,58
1758552555,58
5067002862,58
1758552559,58
5067002867,58
1150003197,58
5060405441,59
2480657186,59
5060405443,59
5060405444,59
5060405445,59
5060405446,59
20460691,59
20625793,60
2528484782,60
5905807279,60
5905807278,60
10544409928,60
10544409929,60
10544409930,60
25474005,60
10544409948,60
10544409950,60
25474015,60
10544409954,60
25474019,60
10544409957,60
10544409958,60
10544409959,60
10544409960,60
10544409961,60
10544409963,60
10544409964,60
10544409966,60
10544409967,60
5976760444,60
5976760446,60
4777897926,61
3616299208,61
20626282,61
1556097098,61
1951372909,61
10306429333,61
8675201272,61
1556097245,61
1951372927,61
25067398,62
4085778920,62
7824747306,62
20626301,62
1536948431,62
6446301329,62
4085778930,62
5146186589,62
5146186590,62
5146186591,62
20626304,63
2941549929,63
2941549928,63
3519324894,63
5124166978,64
20626307,64
7572833352,65
7572833353,65
20626314,65
20965801,66
2398924898,66
5177397824,67
8755805313,67
3328228994,67
4367041960,67
25524297,67
4367041962,67
21392267,67
10241310755,68
21392276,68
2343269909,68
25509526,68
4156336278,68
6606135977,69
6606135979,69
6606135983,69
21392279,69
6218501761,70
21523714,70
27459971,70
3145798533,70
2934288518,70
4726152844,70
27459729,70
2934288530,70
3215685153,70
3906588452,70
3906588454,70
5641663538,70
5342236723,70
5342236724,70
5641663539,70
4430996023,70
5342236728,70
5342229818,70
5342236733,70
5342236734,70
4430996033,70
3247933381,70
5342236743,70
5342236744,70
6288147785,70
6288147786,70
6465896907,70
10599654857,70
6465896909,70
4195103055,70
471488469,70
4688513242,70
6218501723,70
6218501724,70
6218501725,70
4688513244,70
4688513245,70
6218501730,70
6218501736,70
6218501737,70
1678283242,70
1678283247,70
4552504560,70
6218501745,70
6218501746,70
4552504562,70
2203268985,70
6218501757,70
6218501758,70
6218501759,70
2934288512,71
251892353,71
10596794785,71
27459970,71
5165786242,71
5165786245,71
21523718,71
21523719,71
4138224462,71
4138224463,71
5335233113,71
252729234,71
5009060057,71
4726152859,71
4726152860,71
2934288510,71
1014649631,71
4462680070,72
9201323528,72
21563788,72
6978443788,72
4462680076,72
4208239642,72
21686572,72
21686574,72
3972566705,72
3972566714,72
4462683090,72
5839163740,72
5788363874,72
5788363878,72
5907366887,72
5788363880,72
9203541611,72
9203541612,72
9236477422,72
6828921212,72
21583366,73
4017328647,73
2586616722,73
8785567909,73
6863550501,73
1419565097,73
7223668012,73
4691514032,73
4691514035,73
33141178,73
1148276284,73
5006063176,73
5006063180,73
25378129,73
7223704403,73
7223704404,73
21578454,73
25498458,73
8785568222,73
8785568223,73
4691460850,73
4691460851,73
21578456,74
21578457,74
4378043649,75
4378043661,75
4378043662,75
1837610895,75
1837610896,75
4378043667,75
269547420,75
4378043682,75
1360122917,75
4076095791,75
1609966643,75
4076095797,75
1609966653,75
4370333637,75
25500246,75
4076095834,75
1163955034,75
4076095841,75
21685483,75
21685484,75
21685485,75
1832129794,76
1832129785,76
25496847,76
1832129776,76
1832129778,76
4077495826,76
21685497,76
1684437690,76
1684437692,76
1832129789,76
21693787,77
25500239,77
1238259337,78
4530011788,78
4530012690,78
4530012691,78
1731235606,78
4530012695,78
4530012696,78
1150003480,78
3197339673,78
3197339674,78
3197339676,78
4530012705,78
4530012706,78
4530012707,78
1731235492,78
4530012711,78
288193455,78
4729385030,78
4729385031,78
1150003547,78
21990620,78
1731225566,78
1150003423,78
5565486432,78
5565486434,78
28728187,78
5565487612,78
4556931604,79
21990622,79
475396929,80
21990627,80
475396924,80
5565443389,81
21990629,81
5565443390,82
250327618,82
21990630,82
250327591,82
1718566880,83
1718566886,83
21990631,83
21990632,83
8869464392,83
5042033643,83
8869464378,83
6116290274,84
24659947,84
6948380395,84
6948380400,84
6948380401,84
24949780,84
9693920800,85
9693920796,85
9693920797,85
24660863,85
5046314043,86
25632860,86
24951854,86
10544113920,87
10544113922,87
24952195,87
10544113923,87
3887940999,87
2528522518,87
6867581464,87
6867581465,87
2528522524,87
694824861,87
2528483741,87
2528522528,87
2528522530,87
6985465124,87
6985465127,87
6985465130,87
6985465133,87
2528522542,87
2528484781,87
2528522547,87
2528522549,87
6886012733,87
2038033986,87
1556324684,87
3385387604,87
3385387606,87
3385387607,87
3385356250,87
4117882857,87
25532273,87
1689387896,87
1689387903,87
5087519104,88
25066338,88
25161347,88
5087519106,88
25066412,88
5090420611,89
25161348,89
5090420613,89
5090420614,89
5090420940,89
5090420941,89
25066419,89
8807429660,89
1718390753,90
1717650794,90
25066451,90
25066453,90
25161369,90
25067264,91
25067265,91
2566132610,91
2566132611,91
25067397,91
5146186503,91
5146186504,91
5146186505,91
950703626,91
5146186507,91
25161356,91
25505685,91
25161373,91
7824747295,91
25067298,91
7824747302,91
25067305,91
6967585840,91
6967585841,91
6967585842,91
6967585843,91
1827389620,91
6967585845,91
1782727992,91
6446304190,91
5201625535,91
5201625537,91
5201625539,91
5201625541,91
25505606,91
700774224,91
25505634,91
5146186468,91
5146186470,91
4085778919,91
4085778927,91
4085778933,91
5146186489,91
25161371,92
28800667,92
10306429312,93
10306429318,93
3887941012,93
3887941013,93
2278320154,93
2059790748,93
2278320167,93
1556260011,93
5340811825,93
25265077,93
25265080,93
4085783099,93
10306423498,93
4166634955,93
10306423499,93
4166634961,93
4166634962,93
6446292562,93
6446292564,93
25471090,94
2036181339,94
1309180610,95
1309180612,95
1723389067,95
7792756412,95
7792756414,95
25471135,95
1309180608,96
7447637305,96
25471289,96
3691462888,96
25471274,96
2755124947,96
2755124949,96
25632854,96
7447565847,96
7447565849,96
7447637306,96
25471263,96
2036185421,97
25472215,97
2294047355,98
25472324,98
7271474843,98
321255907,98
4675821921,99
4675821924,99
4675821925,99
4675821931,99
4675821932,99
762080111,99
4675821944,99
25472379,99
10196915587,100
10196915588,100
10196915589,100
32921737,100
32921738,100
10196915593,100
4675822093,100
4675822094,100
4675822095,100
4675821968,100
4675822097,100
761831057,100
4675822099,100
4675822100,100
270110481,100
270109325,100
751837591,100
270109327,100
270109326,100
1617647900,100
1617647901,100
270112540,100
270112539,100
751837736,100
25472428,100
1401849779,100
751837622,100
270109370,100
1617647931,100
1617647934,100
1419544126,100
270110142,100
4665352260,100
4665352261,100
4665352262,100
761830981,100
4665352264,100
2134066506,100
761830987,100
9566848716,100
761830989,100
1419544142,100
26374230,100
26374231,100
761831000,100
26374232,100
751837654,100
761831004,100
761831007,100
270110053,100
270110054,100
321255911,100
321255910,100
4781199338,100
761831019,100
761831023,100
751837551,100
6483733489,100
6483733493,100
25472890,100
761831037,100
25472545,101
4665353643,101
4665353644,101
1617596591,101
25473048,101
25472800,102
2940401398,102
1954751920,102
4948630427,103
4948630428,103
25472885,103
1684781486,103
4665353660,104
25473004,104
4665353662,104
1311962080,105
25473200,105
25473199,105
5904615699,106
3999987604,106
5904615708,106
2528483742,106
5574049698,106
5574049700,106
5574049702,106
5574049703,106
4085387943,106
4085387945,106
5574049707,106
5574049709,106
5574049717,106
5574049718,106
5574049719,106
4085600696,106
4229228089,106
4085600698,106
9683633717,106
9683633718,106
6779394887,106
585148380,106
9683400934,106
9683400938,106
713363180,106
4136124526,106
4166219502,106
8031801454,106
5574051321,106
25473279,106
9135848928,107
25473281,107
9135845216,107
8497605091,107
4777885221,107
4773889323,107
5904615691,107
5904615694,107
3733791671,107
25475417,107
585130362,107
1547392771,108
1547013574,108
9694091976,108
9694091978,108
25475053,108
9694091983,108
9694091984,108
1547013588,108
1547013592,108
1547392927,108
25475072,109
8064065323,109
8064065324,109
1547657099,109
25496910,109
1547657104,109
585180151,109
6332695639,109
277337783,109
4529839800,109
7236131862,109
6332695642,109
25475328,110
680069473,110
9700060290,110
9700060291,110
9700060292,110
1155552322,110
1155552319,110
1990912136,110
1951242857,110
680069483,110
3385332654,110
9683686963,110
1990912115,110
4832472797,110
1137777343,110
9690878337,111
9699961628,111
1312471202,111
1796137508,111
6266867111,111
6266867113,111
6266867114,111
1312471234,111
9690974277,111
283061836,111
25475661,111
1233350862,111
675734610,111
675734613,111
1402070363,111
25475419,111
1402070364,111
675734622,111
25475550,111
1402070365,111
25475561,111
1233350889,111
6696695781,112
10579930791,112
10579930792,112
8783914189,112
8783914190,112
8604055550,112
8604055549,112
25475678,112
25475688,113
25475690,113
9820538027,113
25475691,113
25499095,113
7075087299,114
25475752,114
25475754,114
1493229962,114
6239229422,114
6239229423,114
6272993491,114
28728208,115
25477106,115
1668135492,115
28728205,115
8632535522,116
1312188614,116
306439304,116
2545230474,116
8632535532,116
306439310,116
8632535535,116
25477149,116
25477150,116
3741078112,117
25477154,117
1312319838,117
306439338,117
306439329,118
25477156,118
25477197,119
2402557839,119
28419328,120
3528738438,120
3528738439,120
3528738440,120
9080098310,120
9080098315,120
5257738380,120
5257738381,120
5257738382,120
5257738383,120
5257738384,120
5257738385,120
5257738386,120
5257738387,120
5257738388,120
2934411667,120
3528710291,120
9030037139,120
1014803736,120
6995618979,120
2935392676,120
3528711722,120
27459116,120
9080098316,120
27459120,120
5160943793,120
5160943794,120
5160943795,120
5160943796,120
5160943797,120
5174828980,120
5160943798,120
5160943800,120
5160943799,120
8042031930,120
5160943803,120
1039322041,120
3682538298,120
5160943806,120
5160943807,120
5160943808,120
5160943804,120
28418497,120
3073173576,120
4144358217,120
4144358216,120
2914561274,120
302013776,120
3073173585,120
5174825175,120
5174825176,120
5174825178,120
5174825180,120
251757533,120
5174825181,120
5174825183,120
27459165,120
25477371,120
2914561272,120
9080098298,120
9080098299,120
249679102,120
819157946,121
25477858,121
3661703766,121
819157975,121
1832052008,122
1707790107,122
25495542,122
1832129783,122
25495617,123
25495618,123
350437608,123
5976672308,123
1816038230,123
25495769,123
10543800252,123
8645592520,124
8645592521,124
25495858,124
25495639,124
25495640,124
25495648,125
5014591895,125
25495646,125
1953202903,125
25495819,126
6354294763,126
25495820,126
1832052016,126
1834657466,126
6354294779,126
1834657469,126
350628799,126
350377994,127
25495822,127
350437528,127
25495838,127
25496100,127
25496617,127
25495852,127
269550896,127
25495857,127
4689775161,127
4275398714,127
4275398716,127
4275398720,127
4275398721,127
4275398723,127
4275394254,127
269550684,127
759123955,127
269550331,127
269550332,127
7279228683,128
25496773,128
1985084135,129
1985084137,129
25496781,129
25496783,129
25496787,129
25496788,129
8972441125,130
8972441126,130
438170475,130
8972441579,130
5265830862,130
25496815,130
25496785,130
8972511962,130
1958800795,130
25496800,131
1816038214,131
323260106,131
5014591889,131
1816038199,131
25496825,132
5060391418,132
321255925,132
5060391821,132
25496850,133
25496851,133
4730978983,133
9690974273,134
9690974274,134
4920098344,134
4920098349,134
25496920,134
25497603,135
1547657140,135
2480657188,136
25632678,136
2480657190,136
1954751914,136
25497968,136
25497970,136
2135411292,136
2135411293,136
25497986,137
6374802555,137
5711517570,138
5711517571,138
4703559689,138
25497997,138
5479654172,138
1723388957,138
5479654175,138
1723388960,138
5479654177,138
2331184930,138
2331184932,138
25498021,138
2331184935,138
1723388970,138
1723388974,138
1723388976,138
1723388979,138
1723388981,138
1723388986,138
1723388988,138
5006916678,138
446765895,138
446765900,138
5479655630,138
5479655634,138
4703542485,138
4703542486,138
390073175,138
6525670236,138
6525670237,138
2135411294,138
2135389151,138
2135411296,138
2135411297,138
6525670242,138
5479655652,138
5479655662,138
6374802559,138
25498016,139
6569580040,139
25498018,140
3725817386,140
6374802579,140
6374802582,140
6374802583,140
7792756672,141
7792756674,141
7792756676,141
7792756680,141
7792756713,141
25498026,141
5711517569,142
5711517565,142
25499655,142
25505679,143
9988193967,143
25505607,143
6606135968,144
25509513,144
9197589233,144
9197589238,144
316763584,145
25632865,145
316763586,145
25632864,145
5046627553,145
316763600,145
1215563891,145
5046627642,145
25632859,145
5046627645,145
25632862,145
1141487746,146
1150003224,146
1150003238,146
1150003247,146
8784212017,146
5060405427,146
8784177716,146
5060405429,146
5060405430,146
5060405434,146
1150003264,146
1150003155,146
1141487712,146
1150003170,146
5067002851,146
25632870,146
5067002855,146
1150003563,146
1141487723,146
1150003195,146
429346241,147
4534184514,147
4534184515,147
429346238,147
4223357836,147
27460210,147
429346236,147
27459198,147
27460198,148
843376594,148
2870261844,148
27459830,148
6995618971,148
3906588446,148
302013672,149
302013674,149
3081980920,149
3081980922,149
27480956,149
27480958,149
27480957,150
347542742,150
347542743,150
27480960,151
9678821156,151
28193265,152
3170676207,152
249679365,153
3168378376,153
28418580,153
249679407,153
7817166393,153
249679418,153
249679420,153
7817166397,153
5924603458,153
1042862659,153
5924603460,153
7817166407,153
7899973206,153
28418138,153
28418141,153
28418144,153
8500636794,153
1042862718,153
4344245890,153
4344245892,153
4344245893,153
4344245894,153
27460250,153
7817162919,153
472493763,153
4089885900,153
302013659,153
3892081373,153
302013662,153
3892081377,153
3892081378,153
9080123621,153
3892081382,153
1014803686,153
6969936104,153
6969936102,153
6969936106,153
1014803691,153
6969936108,153
3892081384,153
6969936110,153
6969936109,153
302013682,153
302013683,153
6969936114,153
302013685,153
6969936117,153
6969936115,153
1014803704,153
302013688,153
6969936116,153
3894948091,153
3894948093,153
3894948098,153
3894948099,153
3894948100,153
670103313,153
670103314,153
3068267824,153
3068267825,153
2140124982,153
2140124983,153
249679168,153
5768339777,153
2140124996,153
4949004105,153
4949004106,153
302013777,153
4948602211,153
3014236566,153
3014236567,153
3014236569,153
3014236570,153
3068270504,153
3068270516,153
249558964,153
3068270518,153
3186593720,153
3186593722,153
249559005,153
5106520280,154
429346251,154
3632577084,154
28418909,154
3984132032,155
4116809027,155
3984132036,155
3984132037,155
302013708,155
4422013486,155
249679343,155
4089885902,155
28418929,155
1401908258,156
250550183,156
28800661,156
28800662,156
250550174,156
8869464371,157
28800668,157
250550053,158
8869464390,158
5041945479,158
250550024,158
250550023,158
5041945480,158
873809385,158
8869464398,158
8869464407,158
1343823416,158
1343823418,158
28800670,158
5046314074,159
5046314077,159
28800671,159
3375451561,160
30056255,160
707377287,161
30056330,161
4920098350,161
4619022513,161
4619022514,161
1550763708,161
3830043581,161
6218468163,161
6218468164,161
1547013699,161
1547013704,161
9704122317,161
1550763732,161
3830029915,161
1547392865,161
5580861156,161
1547013604,161
6600283121,161
1547013754,161
32825440,162
843376569,162
843376643,162
4155841827,162
32825442,163
843376588,163
32921724,164
761830999,164
761830991,164
32921728,165
32921729,165
32921731,165
4697525030,165
4697525032,165
1401849768,165
26374229,165
32921748,166
32921743,166
149431715,167
2168949324,167
2168949325,167
3741131607,167
3741131608,167
149451620,168
1493662967,168
354886099,169
213668839,169
1685276643,170
250549700,170
250549699,170
255700677,170
213672005,170
250327619,170
8868010217,170
213668842,170
2642612586,170
213668844,170
8868010221,170
2642612585,170
213670986,170
2642878644,170
250327576,170
8868010202,170
250327547,170
8868010204,170
7815533545,171
7815533546,171
249558966,171
1736734053,172
1238249900,172
1238249901,172
1238249904,172
7900221108,172
249560091,172
7900221087,172
250326914,173
18469132,173
1401416208,173
8868010160,173
8868010162,173
250327159,173
354886082,174
250549670,174
1310663631,174
3114645200,174
3114645201,174
250327037,174
250550400,175
973101839,175
3550836102,176
1039290567,176
3550836104,176
5242815659,176
251757452,176
251757615,176
251757458,176
1039322102,176
1419603573,177
270110143,177
1563638022,178
690295047,178
283062189,178
673420216,178
1233353464,178
1233353467,178
302013666,179
302013668,179
316763595,180
316763589,180
316763590,180
1832129838,181
338474279,181
4275394255,182
350377999,182
1707790105,182
6828921210,182
6828921211,182
1686463489,183
1686463523,183
3739049325,183
1686463503,183
1686463471,183
1686463505,183
1686463476,183
1686463510,183
390073208,183
7882485394,184
10308697502,184
469785734,184
471488499,185
1493722803,185
1547013711,185
2137096880,186
473257581,186
8814668131,187
473259748,187
8814668133,187
8814668135,187
8814668136,187
8814668137,187
8814668138,187
2197518969,187
473262660,188
473262822,188
1561411396,189
585201189,189
697044225,190
707377382,190
1609966639,191
7946378609,191
4370333651,191
4370333652,191
4370333653,191
748799641,191
4370333657,191
748941552,192
748941556,192
748941560,192
796809545,193
8497605078,193
249467025,194
806373533,194
6446218920,195
811035012,195
6446229925,195
2929119405,196
835390893,196
835390894,196
835390887,196
1150003141,197
5609643622,197
1150003479,197
5609643652,198
5609643653,198
5609643656,198
1150003213,198
5609643662,198
5609643672,198
1684835097,198
5609643673,198
5609643674,198
5609643675,198
5609643676,198
5609643682,198
5609643685,198
5609643686,198
5609643687,198
6816821186,198
1684835019,198
1684835152,198
1684835156,198
6014333809,198
1684835062,198
1150003400,199
1731225575,199
1163955119,200
1401870341,200
1163955037,200
5353114285,200
1233353640,201
1233353642,201
1233353631,201
1987381555,202
1237876710,202
1237876703,202
1255491496,203
1255369133,203
4511972303,203
1255491504,203
4511972304,203
1255491506,203
1255487160,204
1255487172,204
1255487166,204
1722268388,205
3093897990,205
4749090120,205
2387232554,205
2387232559,205
1722268367,205
5565455858,205
1280491924,205
1280491926,205
1722268381,205
3741117630,205
2402557599,205
1939632514,206
2923703875,206
1939632519,206
1312335310,206
3870640530,206
5238500306,206
5238500308,206
5238500312,206
5238500313,206
1326821568,207
3830441923,207
1731225580,208
3794876751,208
3197339664,208
3197339666,208
3197339667,208
3197339668,208
3197333559,208
1327865950,208
2454119184,209
1547013589,209
8807410151,209
1556097120,210
8807410149,210
5905897286,210
1547013705,210
1556097111,210
1556097177,211
5905896973,211
1556097166,211
1556097306,212
1556097431,212
4169714272,213
7911282826,213
10306429323,213
1556097387,213
6446229933,213
1556097326,213
10306429327,213
8675201264,213
10306429328,213
3887941007,213
4169714270,213
4169714271,213
1587318992,214
1587318999,214
1817617689,215
1596648669,215
1596648671,215
1617532088,216
4697287185,216
4696544876,216
4663312759,216
1617596593,217
3328228993,217
1617532092,217
1617596606,217
6866592992,218
6866516262,218
2453947051,218
1637578547,218
1637578516,218
6866516278,218
1637578522,218
1637578551,219
1637578535,219
1668135493,220
3197339661,220
3197339662,220
3170676206,220
5565475799,220
1668135486,220
1685281036,221
1685281022,221
1707790024,222
1707790026,222
4650375494,223
1707790055,223
1707790057,223
4650375504,223
4650375505,223
1707790067,223
4650375508,223
4658088539,223
1955520890,223
3972566715,223
6978459068,224
5177352922,224
1707790099,224
5177352932,224
1731235480,225
1728472241,225
1731235489,225
1810130458,226
4077495964,226
1816038215,227
1832665997,227
1832666001,227
7279239795,227
1816038195,227
4158000323,228
1816959492,228
4142725558,228
1817617691,229
1817617692,229
1832129809,230
4462680082,230
1832129796,230
1832228100,231
1832228080,231
1832228112,231
1832228144,231
1832228083,231
1832228115,231
1832228120,231
1832228159,231
1882379248,232
10090013713,232
10090013714,232
2306288080,232
4823243100,232
3247578846,232
3987750688,233
5269678593,233
1951190474,233
1968744210,234
3992885062,234
4697288399,234
1990694620,235
1990694647,235
2502545024,236
9619940387,236
1990912102,236
1990912134,236
4117896490,236
2502545041,236
9683400946,236
9678366518,236
9678523000,236
8031800090,236
5574051323,236
8031800092,236
8031800094,236
2141364708,237
2141364732,237
2341656968,238
4697287177,238
4697287178,238
3265436691,238
4696545402,238
4696568110,238
8620105277,238
8620105279,238
4697288390,238
4085747017,238
367102039,238
4166662874,238
4166662878,238
3265436260,238
4174200048,238
4696544885,238
4696545399,238
4175081593,238
4175081594,238
3911044734,238
2453947049,239
4211515634,239
2576893629,239
3247589712,240
6569580044,240
6569580045,240
2531863975,240
2531863977,241
2531863978,241
10539068564,242
2665239972,242
10539068565,242
10539068590,242
6995618977,243
2872704413,243
2872704414,243
2935373301,244
3809870263,244
3739049344,245
2990721387,245
5992797788,245
2990721390,246
2990721391,246
3739049346,247
2990732269,247
6116290280,248
5473274252,248
5473274253,248
5473274254,248
5473274256,248
5473274257,248
5473274259,248
5473274260,248
3139655930,248
3139655933,248
5473273470,248
3158794148,249
5473272900,249
5473272902,249
3158794151,249
5473272904,249
5473273067,249
5473273068,249
4534858543,249
5473272882,249
5473272983,249
5473272984,249
5473272667,249
5473272700,249
3272782432,250
1547013738,250
3272782431,250
3578315456,251
3586606037,251
3987750692,252
5977954180,252
9673189926,252
6110164649,252
7900888467,252
3850146457,252
4089885905,253
6294214898,253
6294214897,253
4369519260,254
4369519219,254
4369519227,254
4369519206,254
4554237017,255
5009054889,255
5009054892,255
4696545403,256
4697287188,256
4781199345,257
4781199346,257
4781199348,257
4781199350,257
4781199352,257
4781199354,257
4781199355,257
6374802572,258
5006965588,258
5006965589,258
5060405461,259
1954751918,259
5095547184,260
5095547180,260
5095547181,260
5095547182,260
5468301601,261
10607626,261
5468301602,261
5473273795,262
5473273796,262
5473273798,262
5473273803,262
5473273805,262
5473273616,262
5473273791,262
5473273788,263
5473273789,263
5473273790,263
5475684676,264
5475684680,264
5475684684,264
5475684621,264
5475675316,264
5733997920,265
5733997919,265
5927671120,266
5927671121,266
6525701529,267
4142725557,267
6525701539,268
6525701540,268
6525701530,268
6525701533,268
6525701535,268
6606148797,269
6606148798,269
6855696495,270
6855696496,270
6855696497,270
6855696502,270
6855696503,270
6855696504,270
6855696506,270
6918421504,271
6918421508,271
6918421509,271
6918421511,271
6918421512,271
6918421513,271
7553887392,272
8869435266,272
8869435267,272
8869435272,272
8869435273,272
8869435257,272
7792756538,273
7792756539,273
7792756540,273
8357847937,274
8357847938,274
8357847939,274
8357847927,274
8357847928,274
8357847929,274
8357847930,274
8357847931,274
8357847932,274
8357847933,274
8357847934,274
8515091587,275
8515091588,275
8515091590,275
25532494,276
8807410150,276
9524817681,277
9524817682,277
10306423508,278
10306429309,278
10306429310,278
10306429319,278
