node_id,cluster_id
4076126468,0
1816959492,0
25509527,0
6525701529,0
6525701530,0
6525701533,0
25509534,0
25509533,0
6525701535,0
6525701539,0
6525701540,0
4142725557,0
4142725558,0
4158000323,0
7946372941,0
5516594509,0
1401849810,0
1596648673,0
1832129762,0
104318,0
6369329155,1
1678452753,1
6369329170,1
1726730272,1
1726730281,1
1678452780,1
1726730292,1
1678452789,1
1678452788,1
1726730295,1
1678452793,1
10539589691,1
10539589692,1
1726730303,1
10539589696,1
1726730307,1
10539589701,1
10539589704,1
10539589706,1
10539589707,1
2398924877,1
2398924886,1
1726730326,1
1726730329,1
4379801694,1
2398924896,1
25503841,1
2398924898,1
25503845,1
25503848,1
4379801706,1
25503851,1
25503856,1
1726730354,1
25503860,1
25503862,1
25503863,1
25503865,1
25503867,1
25503869,1
4696545406,1
5342251136,1
25503873,1
25503876,1
25503880,1
25503885,1
419350669,1
5342251151,1
5177397419,1
368044217,1
490946748,1
419350723,1
10309140683,1
10309140686,1
1938819302,1
490946813,1
10309153022,1
10309153023,1
10309153025,1
10309153027,1
1536948492,1
2005131543,1
10309472541,1
10309472542,1
10309472543,1
10309472544,1
10309472547,1
10309472548,1
10309472553,1
4076095791,1
4076095797,1
2140432704,1
237911,1
4076095834,1
473266524,1
4076095841,1
8755808618,1
1955520879,1
8755808627,1
25504128,1
25504129,1
5207476609,1
5207476608,1
473264514,1
5207476613,1
25504134,1
5207476611,1
5207476616,1
25504143,1
25504144,1
10572178,1
10572179,1
10572180,1
1668112790,1
1668112792,1
20965798,1
20965799,1
20965800,1
20965801,1
747893184,1
10541894095,1
10541894097,1
864817628,1
8785484288,1
490947077,1
747893264,1
268124704,1
3267461666,1
1777740337,1
490947124,1
5177397822,1
5177397823,1
5177397825,1
5177397826,1
5177397828,1
10539856459,1
3696548432,1
3696548437,1
25500246,1
3696548438,1
3696548440,1
3267461729,1
1905779367,1
1905779369,1
25471681,1
8785457870,1
8785457871,1
2620105428,1
4175059691,1
25471732,1
25471740,1
1649365762,1
1649365764,1
473268999,1
25500427,1
4089236236,1
10309458701,1
1649365780,1
1649365789,1
1649365797,1
4643337000,1
473264937,1
1649365800,1
4627491632,1
1649365810,1
1163954995,1
4643337012,1
1649365816,1
1649365820,1
4627491645,1
4627491650,1
1777742666,1
1163955034,1
473269102,1
25500535,1
4240028578,1
4240028580,1
4643337143,1
10310609849,1
4643337146,1
10310609852,1
10310609879,1
10310609881,1
10310609887,1
10310609894,1
25504753,1
1360122917,1
1609966639,1
1609966643,1
1609966653,1
7179983946,1
7179983947,1
4150883407,1
4150883409,1
8755805288,1
10539068534,1
8755805305,1
8755805306,1
7827997819,1
10539068544,1
473267328,1
10539068550,1
107667,1
107668,1
10539068565,1
10539068564,1
7607080091,1
7607080092,1
1239549084,1
5009054881,1
107684,1
107685,1
107686,1
10539068590,1
5009054894,1
5009054898,1
419632307,1
10539068598,1
473265346,1
4197401800,1
4197401802,1
10539648210,1
4197401811,1
4197401813,1
2360681703,1
21685483,1
21685484,1
21685485,1
2360681709,1
2360681711,1
2360681713,1
2360681716,1
4378043649,1
4378043661,1
4378043662,1
4378043667,1
4378043682,1
1268903266,1
7946378606,1
7946378609,1
7946378610,1
6509684096,1
4158223748,1
3763565957,1
3763565959,1
3763565961,1
3763565962,1
748885408,1
2665239972,1
2665239978,1
4166634960,1
4627445215,1
4627445239,1
4627445240,1
4627445241,1
956233215,1
956233216,1
4627445252,1
4627445253,1
4627445254,1
8620105223,1
4627445257,1
4627445260,1
4627445261,1
473265708,1
8620105262,1
10539712057,1
10539712058,1
1828402758,1
1828402774,1
25577057,1
473265762,1
4696544883,1
748799641,1
3972566710,1
7613626042,1
7613626044,1
7613626045,1
7613626046,1
7613626047,1
1214922433,1
7613626050,1
1707790023,1
1707790024,1
1707790026,1
7613626059,1
7613626060,1
7613626066,1
7613626070,1
4034060007,1
4034060015,1
4329502449,1
4034060018,1
2265065203,1
4034060017,1
2265065207,1
8868824844,1
4379801357,1
6137798425,1
4076095262,1
4085767970,1
4085767974,1
7610670890,1
4085767979,1
7610670892,1
4085767983,1
4085767989,1
25470782,1
7610670912,1
7610670913,1
7610670919,1
7610670920,1
4530339698,1
4530339699,1
104319,1
5114681227,1
5114681230,1
1837610895,1
1837610896,1
1813794712,1
1813794713,1
269547420,1
1726730162,1
1726730165,1
4370333637,1
25470928,1
4370333651,1
4370333652,1
4370333653,1
4370333657,1
104320,2
1215563904,2
373364228,2
1401870341,2
1649365894,2
1401870340,2
1726730375,2
3229825163,2
5475684621,2
6369329166,2
3229825166,2
8868824851,2
8868824852,2
3229825173,2
5475684758,2
8868824855,2
8868824856,2
8868824857,2
5475684763,2
107681,2
20965794,2
20965797,2
107687,2
18397096,2
20965803,2
5353114285,2
1163955119,2
269549104,2
269549105,2
5475675316,2
1163955128,2
1163955130,2
5475684676,2
5475684680,2
10263444809,2
5475684684,2
441958994,2
1163955037,2
21693793,2
21693795,2
5475684848,2
1649365878,2
1215563895,2
1771426174,2
25504770,3
1311962122,3
470729237,3
8807429660,3
5046005789,3
5046005790,3
8807429662,3
8807429663,3
8807429661,3
7926506525,3
7926506531,3
6509584414,3
24951853,3
1678155318,3
1678452790,3
1678452792,3
1678452795,3
25067068,3
1678452796,3
1678452797,3
10311362114,3
10311362115,3
1828402760,3
1828402763,3
470729292,3
3474115151,3
24658003,3
24658007,3
18468951,3
24658010,3
5046314074,3
5046314077,3
18468958,3
18468961,3
6369390690,3
18468962,3
6369390692,3
3704225378,3
10311362150,3
10311362148,3
6369390696,3
10311362153,3
10311362154,3
5976850023,3
6369390700,3
5976850024,3
1718328435,3
7610670710,3
107641,3
1718328442,3
107643,3
107644,3
107646,3
10677375,3
25161345,3
25161346,3
25161347,3
25161348,3
25161349,3
25161350,3
25161351,3
25161352,3
25161353,3
4962956931,3
21565570,3
9611081868,3
25161357,3
25161365,3
25161367,3
25161368,3
25161371,3
28800667,3
28800671,3
28800672,3
4922952353,3
7610670751,3
18395811,3
7610670752,3
25066666,3
4922952363,3
4922952365,3
4922952366,3
7553887409,3
1268892338,3
4922952371,3
4922952372,3
4922952373,3
4922952374,3
3656358067,3
7610670771,3
3664398009,3
7610670769,3
3664398007,3
25066684,3
10311362236,3
3664398006,3
25066687,3
25066694,3
8785457865,3
8785457866,3
8785457867,3
5090420940,3
5090420941,3
1707790029,3
10311178960,3
10311178961,3
1684511955,3
10311178964,3
1938819283,3
1938819284,3
10311178967,3
10311178970,3
1268892379,3
1707790044,3
367105757,3
1938819294,3
10311362270,3
10311362271,3
10311362272,3
10311178978,3
1938819301,3
7553887464,3
10311178985,3
1163954922,3
1707790062,3
10311178991,3
1938819317,3
1938819320,3
4866623226,3
4866623228,3
1938819325,3
1938819326,3
4866623230,3
1938819328,3
1938819330,3
25067266,3
1938819335,3
1835355913,3
2387194123,3
8807441166,3
2387194127,3
2387194128,3
18393873,3
1835355922,3
2387194131,3
2387194133,3
8807441176,3
1835355929,3
8807441177,3
1835355931,3
8807441178,3
8807441179,3
25066784,3
1835355936,3
8869464354,3
1401926435,3
1835355940,3
2387194149,3
2387194150,3
8869464357,3
1835355944,3
1268900644,3
1835355946,3
2387194156,3
1726730029,3
4866552622,3
4866552623,3
4866552625,3
1726730033,3
1835355953,3
1835355955,3
4866651961,3
1835355961,3
1726730043,3
1835355964,3
1835355965,3
21307200,3
1726730049,3
4866651969,3
1835355972,3
1835355973,3
1268900678,3
5046447437,3
25066333,3
25505629,3
1726730080,3
25066337,3
25066338,3
1726730082,3
24950117,3
1835356006,3
316763500,3
316763501,3
1046306670,3
1046334318,3
1835356013,3
1655418222,3
1793420652,3
1793420660,3
1268892533,3
316763513,3
1268892541,3
25505662,3
8438226815,3
5087519104,3
104321,3
104322,3
5087519106,3
8869435268,3
6369361794,3
5090420614,3
5090420613,3
9024139143,3
9024139144,3
5090420611,3
1852996996,3
1726730120,3
1726730123,3
5043864464,3
8869435281,3
25504145,3
25504146,3
25504148,3
25504149,3
8869435286,3
8869435287,3
8869435288,3
3664405913,3
25504150,3
316763548,3
1311962016,3
6055863205,3
4729448869,3
6055863211,3
25066412,3
10310609841,3
10310609842,3
25066419,3
1726730167,3
1777727945,3
1777727947,3
1777727949,3
1777727950,3
10310609872,3
1777727958,3
1777727960,3
1777727961,3
1777727962,3
10310609885,3
7223709662,3
1725360097,3
5046005730,3
5046005731,3
7223709668,3
7223709669,3
7223709667,3
5976850019,3
4085778922,3
2466442731,3
4085778924,3
317380078,3
5046005743,3
4085778928,3
5046005745,3
25504755,3
25504756,3
2466442741,3
4085778934,3
2466442743,3
2012969972,3
4830306810,3
25504763,3
2334502396,3
4830306813,3
25475072,4
4715264001,4
4715264002,4
843376643,4
4715264004,4
3809744451,4
4715264006,4
4715264007,4
6014302222,4
6014302224,4
6014302225,4
3136311315,4
3136311316,4
24662037,4
2278320154,4
1150003237,4
2278320167,4
3197333544,4
25532464,4
5342236723,4
5342236724,4
2218344503,4
5342236728,4
3629223994,4
3629223995,4
250327100,4
5342236733,4
5342236734,4
2218344510,4
1390303296,4
3629223996,4
9690974277,4
5342236743,4
5342236744,4
25477197,4
2870261844,4
1211381855,4
32825440,4
1327865952,4
32825442,4
1327865953,4
1327865956,4
1327865957,4
7151566952,4
25477224,4
25477228,4
5473273966,4
5473273967,4
5473273968,4
25067636,4
2934268024,4
1719529597,4
2934288510,4
1719529599,4
2934288512,4
2961540,4
2934288518,4
2961549,4
27459729,4
2934288530,4
2129578132,4
2961557,4
2129578133,4
25067670,4
1150003354,4
2129578142,4
3809870263,4
1312471202,4
10542989479,4
3334162601,4
2929119403,4
3334162604,4
2929119405,4
3808626859,4
3808626860,4
3808626862,4
3808626865,4
10542989484,4
3808626868,4
3808626869,4
25477301,4
3808626871,4
3808626872,4
1150003385,4
806373565,4
3808626878,4
1233350847,4
1233350848,4
1039290561,4
1312471234,4
4688513218,4
3808626882,4
4688513221,4
3808626886,4
3808626887,4
3808626884,4
4688513226,4
4688513227,4
3808626893,4
1233350862,4
4688513230,4
4688513231,4
3808626895,4
3808626896,4
25067728,4
25067727,4
4688513237,4
3808626902,4
3809870273,4
5106520280,4
5009060057,4
2969438426,4
4688513242,4
4688513244,4
4688513245,4
4688513240,4
3153656028,4
3808626912,4
3808626905,4
1039290594,4
1312471267,4
8210567396,4
3808626914,4
3153656030,4
3808626913,4
3809870277,4
1233350889,4
8210567401,4
3808626922,4
3808626923,4
8210567402,4
6574794989,4
3808626929,4
27459830,4
3808626934,4
3808626935,4
1939558651,4
3808626940,4
3808626941,4
1939558655,4
3808626945,4
3808626947,4
1939558661,4
1939558663,4
3136301320,4
3136301321,4
1939558666,4
1939558667,4
3136301324,4
3136301325,4
1939558672,4
3136301328,4
1939558681,4
2528522522,4
6463234329,4
1939558684,4
1939558687,4
5925626143,4
3139705124,4
1939558697,4
1939558700,4
1987381555,4
8043350334,4
5816744255,4
8043350335,4
27459905,4
2622222657,4
2622222658,4
2622222659,4
5223919938,4
473258313,4
2622222668,4
4195103055,4
4195103059,4
25069911,4
25475419,4
25067871,4
1312188768,4
8814668131,4
8814668133,4
8814668135,4
5565466174,4
8814668136,4
8814668137,4
25067883,4
8814668138,4
5565466175,4
25248112,4
25248113,4
25248114,4
25248115,4
25248117,4
25248118,4
25248119,4
25248120,4
3808627061,4
25248122,4
25248123,4
25248124,4
25248125,4
25248126,4
25248127,4
25248128,4
9690878337,4
27459970,4
27459971,4
25248129,4
25248130,4
5473274242,4
10306429318,4
10306429312,4
4075008388,4
25067914,4
10306429319,4
1255369105,4
1255369111,4
1312264600,4
25067929,4
3932064154,4
3932064156,4
5065949596,4
5065949598,4
2059790748,4
25067936,4
10596794785,4
250325411,4
1255369125,4
1255369128,4
1255369135,4
3809870259,4
1255369140,4
3809870261,4
3809870262,4
3809870260,4
3809870264,4
3809870265,4
3809870266,4
3809870267,4
4224123324,4
3809870269,4
1255369148,4
3809870270,4
259252667,4
5340811707,4
3809870272,4
9690915267,4
32838084,4
25070019,4
2538458895,4
1255369156,4
1255369159,4
5340811717,4
5340811720,4
9690915275,4
6465896907,4
6465896909,4
9690915278,4
5340811719,4
3809870281,4
3809870283,4
3809870287,4
10543014346,4
3809870288,4
1312188886,4
10543014362,4
10543014363,4
25475550,4
10543014367,4
10543014371,4
10543014372,4
10543014373,4
10543014374,4
2254629351,4
8807410152,4
25475561,4
1678283242,4
8807410154,4
10543014380,4
10543014377,4
8807410158,4
1678283247,4
10543014379,4
4085778929,4
10543014386,4
4085778931,4
10543014388,4
10543014387,4
10543014390,4
28193265,4
338319877,4
1401416203,4
1365887500,4
5116226063,4
906172949,4
4317178392,4
473219610,4
1796137508,4
295977520,4
5340811825,4
4430996023,4
4430996024,4
25477335,4
4430996027,4
3632577084,4
4430996028,4
4430996029,4
4085783099,4
4534184512,4
4430996033,4
4534184514,4
4534184515,4
4085783105,4
4085783107,4
3272782406,4
4085783106,4
4085783103,4
57786953,4
1668135492,4
4430996044,4
25475661,4
25477339,4
25475663,4
25475664,4
1493676622,4
1779589718,4
5238587992,4
5335233113,4
5238587994,4
5335233115,4
5905893980,4
2218340965,4
27460198,4
250327660,4
5904585328,4
27460210,4
10306429310,4
5049840244,4
2197518969,4
5473274493,4
5473274494,4
25475712,4
251892353,4
27460226,4
5473274501,4
5473274502,4
5473274503,4
5473274506,4
5473274507,4
5473274508,4
6458938003,4
1271804564,4
5473274519,4
6458938008,4
6458938007,4
6458938011,4
5473274525,4
5473274528,4
5473274529,4
3136301730,4
3136301731,4
5473274532,4
5473274533,4
5473274534,4
5473274531,4
6458938017,4
5473274540,4
6463230640,4
1418752689,4
3715515059,4
25475770,4
2496836291,4
1401459399,4
1401459400,4
10306423498,4
1401459403,4
10306423499,4
2496836303,4
10306423508,4
24660697,4
4333847283,4
1255320311,4
3805378113,4
2622212860,4
4317211389,4
2622212862,4
3805378114,4
2622212865,4
251757321,4
1255490314,4
2622212878,4
3733299982,4
1255320339,4
3733299988,4
2622212885,4
5141625621,4
2622212887,4
7906964248,4
2622212889,4
7906964249,4
5141625623,4
9699961628,4
5141625625,4
5141625630,4
1014649631,4
2622212895,4
2622212897,4
1255320354,4
5141625635,4
5141625629,4
8429812517,4
5141625637,4
2622212903,4
5096270631,4
251892523,4
28418859,4
1255320363,4
1255320367,4
2622212914,4
4534858546,4
4534858548,4
4136137525,4
3471375905,4
4136137527,4
5141625655,4
4136137529,4
4136137530,4
6032044857,4
475396924,4
28418877,4
2622212925,4
2622212927,4
475396929,4
2622212930,4
6032044865,4
2622212933,4
2622212937,4
6032044874,4
2622212939,4
473258826,4
2622212941,4
4138224462,4
4138224463,4
2622212942,4
5141625681,4
8042031957,4
5473274710,4
27460439,4
4167762776,4
8042031958,4
4167762778,4
5473272665,4
5473272666,4
28418909,4
5473274717,4
6265654111,4
5473272668,4
5141625696,4
5141625698,4
5141625699,4
5473274724,4
5473274725,4
109414,4
4866976614,4
109416,4
28418921,4
3381130090,4
3381130092,4
4382350190,4
1237883773,4
3930921860,4
3145798533,4
4223357836,4
28728205,4
28728208,4
4223357841,4
28728210,4
1733389217,4
24951721,4
3673602988,4
3093894066,4
25265077,4
25265080,4
3637449663,4
1733389249,4
4511972301,4
4511972302,4
25066457,4
1733389278,4
1312932849,4
5473274866,4
5473274867,4
3632581622,4
585180151,4
1733389314,4
5473274891,4
1255369152,4
5473274896,4
251892754,4
1722621701,4
1719663634,4
7236131862,4
24949783,4
3735886877,4
5473274911,4
250549282,4
1733389349,4
1733389353,4
3076574254,4
3076574255,4
5641663538,4
5641663539,4
5473272894,4
5473272895,4
107584,4
107585,4
107586,4
107587,4
107588,4
5473272899,4
5473272897,4
5473272896,4
1722621711,4
5473274957,4
5473274959,4
675734610,4
675734613,4
107606,4
6332695639,4
3141817429,4
5473274969,4
6332695642,4
3272712566,4
1727515734,4
675734622,4
4383581281,4
1233327202,4
250549348,4
5141216792,4
107626,4
107627,4
3808625773,4
5473274990,4
107632,4
107634,4
3808625778,4
3808625780,4
107637,4
3808625782,4
4861365369,4
4861365370,4
3808625786,4
5473275004,4
4861365372,4
3808625785,4
3808625791,4
10677376,4
10677377,4
5165786242,4
3808626904,4
3808625796,4
5165786245,4
10306429309,4
8515091591,4
4861365383,4
7623861385,4
1271712905,4
4749094023,4
3808625804,4
4749094026,4
1271712911,4
3808625809,4
5473272978,4
1271712914,4
3061197976,4
1271712920,4
1271712922,4
6995618971,4
2793874587,4
7553887392,4
6995618977,4
1271712931,4
4867087524,4
1271712934,4
3808625831,4
109737,4
3808625835,4
4867087532,4
3808625837,4
1556260011,4
4867087535,4
1271712946,4
3808625843,4
3808625844,4
3932064957,4
3808625853,4
3808625855,4
1271712957,4
3808625854,4
3708234955,4
3708234956,4
3708234957,4
4089885906,4
25068755,4
251892950,4
21990614,4
1719661631,4
728370399,4
21990624,4
21990625,4
302013666,4
21990627,4
302013668,4
2642857191,4
377490664,4
2642857197,4
5473273069,4
2642857199,4
4552504560,4
5473273072,4
4552504562,4
2642857203,4
5473273071,4
5473273070,4
21523714,4
1951616261,4
21523718,4
21523719,4
1951616268,4
5334381837,4
4155841810,4
4155841811,4
1787108626,4
1951616276,4
4155841816,4
24661273,4
4155841818,4
4155841820,4
24950050,4
4155841827,4
5141228834,4
1787108647,4
1787108648,4
1787108649,4
1787108650,4
24950061,4
4316822830,4
24950064,4
24950065,4
5473273139,4
5473273140,4
5473273141,4
5473273142,4
5342229818,4
25068862,4
1951616319,4
2577040703,4
5473273154,4
1951616322,4
6288147785,4
6288147786,4
5094718794,4
25070924,4
25496910,4
5094718798,4
24950101,4
24950102,4
24950104,4
24950105,4
1271774552,4
1402070363,4
1402070364,4
1402070365,4
24950107,4
24950110,4
357999964,4
24950111,4
24950112,4
24950109,4
24950113,4
24950114,4
24950115,4
7911267685,4
7911267688,4
7911267686,4
2935373159,4
2935373161,4
8807431534,4
3141814027,4
8807431536,4
8807431541,4
8807431546,4
3988141441,4
3988141442,4
3515286913,4
1678245252,4
8807431559,4
8807431560,4
249558409,4
1678226827,4
5473273227,4
3887941012,4
3887941013,4
2872704413,4
2872704414,4
1678226846,4
3375451555,4
4317187494,4
6266867111,4
835390887,4
6266867113,4
6266867114,4
3375451561,4
3375451563,4
3375451565,4
24661419,4
3375451566,4
1779881392,4
835390894,4
835390893,4
25544110,4
2560785849,4
429346236,4
429346238,4
1689605567,4
429346241,4
429346242,4
429346243,4
429346244,4
4511948225,4
1312454087,4
10599654857,4
429346251,4
4166634955,4
429346253,4
1312454094,4
5473273295,4
4166634957,4
4166634961,4
4166634962,4
252601811,4
2374491605,4
3152307669,4
5473273305,4
10543014339,4
10543014340,4
5141216742,4
5141216745,4
5141216746,4
5565466177,4
5473273326,4
4316823023,4
3170676207,4
10543014343,4
5473273332,4
2935373301,4
3809744380,4
3809744381,4
3809744383,4
3809744384,4
3809744385,4
3809744386,4
3809744387,4
3809744389,4
3809744390,4
722208263,4
3809744392,4
30078473,4
5933145606,4
3809744395,4
3809744396,4
5141216782,4
25069071,4
3809744398,4
3809744400,4
5141216785,4
3809744403,4
3809744404,4
5473273364,4
5141216790,4
5473273363,4
5473273368,4
5141216787,4
3809744401,4
8807429659,4
5473273372,4
25071133,4
5473273373,4
3809744412,4
25071136,4
3215685153,4
25071137,4
25071139,4
2003007012,4
5473273376,4
25071142,4
5473273379,4
3809744417,4
722208297,4
25071145,4
4453606953,4
3809744419,4
3809744423,4
4453606958,4
1532087855,4
3809744426,4
2929116721,4
5924603442,4
3809744433,4
3809744431,4
3809744432,4
3809744430,4
5473273399,4
3809744434,4
3809744439,4
5924603450,4
3809744443,4
3809744444,4
3809744436,4
3809744446,4
3805378111,4
3805378112,4
3629217345,4
3629217346,4
3629217347,4
3629217348,4
3805378117,4
3805378116,4
3805378119,4
3805378120,4
3805378121,4
3805378122,4
3805378123,4
283061836,4
3805378124,4
3809744453,4
6018098767,4
5565466183,4
5473273425,4
6446292562,4
6446292564,4
5473273429,4
1678227031,4
5473273433,4
6446292570,4
6218501723,4
6218501724,4
6218501725,4
5473273435,4
6446292571,4
6446292572,4
5473273441,4
6218501730,4
6218501736,4
6218501737,4
6218501739,4
6218501740,4
5473273451,4
6218501742,4
6218501745,4
6218501746,4
5473273457,4
6218501748,4
6218501751,4
10013517434,4
6218501757,4
27459198,4
6218501758,4
6218501759,4
6218501761,4
1497452171,4
4726152844,4
25069197,4
25161360,4
25161361,4
4726152850,4
5473273490,4
4726152852,4
4726152853,4
25161363,4
25161362,4
1497452184,4
4726152857,4
4726152858,4
4726152859,4
4726152860,4
5473273499,4
110238,4
5473273500,4
1569312412,4
25161375,4
1951372959,4
6110164647,4
7824803495,4
7824803497,4
9030284973,4
3809744558,4
9030284975,4
9030284977,4
1493722804,4
3809744565,4
277337783,4
4529839800,4
9030284983,4
1255487162,4
3809744571,4
3809744572,4
1731235511,4
3471375913,4
1255487171,4
2387226309,4
1255487174,4
3809744583,4
1255487176,4
1255487177,4
3809744584,4
1731235534,4
25069265,4
1255487187,4
1731235545,4
7644741343,4
5580861151,4
7644741345,4
7644741346,4
5580861153,4
7644741348,4
5473273571,4
1731235557,4
1731235558,4
8210567392,4
473259748,4
5104314096,4
8210567395,4
7223365368,4
7223365372,4
24659709,4
2378843907,4
5473273604,4
5473273605,4
2538458886,4
2538458887,4
742399752,4
2538458889,4
2538458888,4
5473273607,4
5473273612,4
2538458893,4
5473273611,4
5473273613,4
5473273610,4
2538458897,4
2538458898,4
2538458899,4
2538458894,4
3987750677,4
5473273615,4
2538458903,4
2538458904,4
2538458905,4
5473273621,4
5473273623,4
5473273622,4
1722621718,4
3906588446,4
3139677982,4
3906588448,4
3809744406,4
4086232866,4
8064065315,4
8064065316,4
3906588452,4
3906588454,4
4086232870,4
9216868136,4
9216868137,4
2920433449,4
8064065323,4
8064065324,4
9216868141,4
3809744409,4
9216868143,4
4086232871,4
9216868145,4
30056255,4
3809744414,4
4629462859,4
3809744415,4
3809744416,4
30056277,4
5473273606,4
3100169049,4
5141354330,4
5141354331,4
3809744418,4
3805122396,4
3805122394,4
3809744421,4
5227220846,4
2203268985,4
4382273402,4
8869435257,4
4382273404,4
9030029183,4
8869435266,4
104323,4
8869435267,4
108420,4
8869435272,4
8869435273,4
25067400,4
1547657099,4
2402557839,4
1547657104,4
252729234,4
7911231384,4
5104314264,4
5104314266,4
5104314268,4
5104314269,4
5104314270,4
5104314272,4
5104314275,4
5104314276,4
25532332,4
3808627066,4
843376569,4
3247933381,4
25067461,4
25067463,4
3629223879,4
3629223881,4
843376588,4
3629223885,4
24661966,4
843376591,4
3629223884,4
25067473,4
843376594,4
3629223890,4
471488469,4
25067479,4
25532377,4
1237876703,4
25532384,4
2218362849,4
843376610,4
5141625653,4
1237876710,4
5141625654,4
1312454055,4
25477106,4
3637436403,4
3637436404,4
1782714747,4
5104314358,4
4715263991,4
4715263992,4
4715263993,4
4715263995,4
4715263998,4
585124778,5
1951242858,5
107614,5
1864047135,5
5141876996,6
5141876999,6
5198585559,6
5198585557,6
5198585558,6
107638,6
5198585560,6
5198585561,6
5198585562,6
25067324,6
21583366,7
4017328647,7
8785484298,7
350377994,7
350377999,7
8785484306,7
2343269909,7
4689775126,7
8785484312,7
8785484313,7
2293833763,7
25496100,7
10241310755,7
6863550501,7
25496617,7
470727722,7
1419565097,7
25496622,7
25496623,7
4689775161,7
4275398714,7
4275398716,7
1148276284,7
4275398720,7
4275398721,7
4275398723,7
5006063174,7
9949142599,7
5006063176,7
21563463,7
5006063180,7
21563479,7
269550681,7
21563481,7
4658088539,7
269550684,7
26374237,7
26374236,7
21563489,7
5736692333,7
25475182,7
5736692334,7
21563504,7
21563503,7
21563507,7
21563508,7
2294047355,7
2294047375,7
4156336278,7
25509526,7
350437528,7
7271474841,7
7271474843,7
6769325725,7
7271474850,7
7271474852,7
8785567909,7
107692,7
107693,7
4691514032,7
4691514035,7
3972566713,7
4530270906,7
3972566715,7
3972566716,7
269550783,7
269550786,7
1617596621,7
4275394254,7
4275394255,7
1617596626,7
1617596627,7
4822267094,7
21578454,7
1020211942,7
1617596646,7
1707790055,7
1707790057,7
4691460850,7
4691460851,7
1707790067,7
269550330,7
269550331,7
269550332,7
269550333,7
1707790074,7
1617596669,7
1707790076,7
25475330,7
25475331,7
25475332,7
25495822,7
1707790096,7
1617596693,7
1707790105,7
25495838,7
1617596711,7
1617596714,7
25495852,7
7223668012,7
25495854,7
269550896,7
25495857,7
269550898,7
25472324,7
4650375494,7
1617647944,7
1617647945,7
762080077,7
4650375504,7
25378129,7
4650375505,7
7223704403,7
237908,7
7223704404,7
4650375508,7
25498458,7
323262310,7
762080105,7
6828921210,7
6828921211,7
1955520890,7
762080145,7
21392273,7
2586616722,7
21392276,7
5374174119,7
33141178,7
762080190,7
8373690819,7
5880186827,7
5880186829,7
5880186830,7
5880186833,7
269589467,7
7223695325,7
7223695326,7
8785568222,7
8785568223,7
321255907,7
759123955,7
1832227873,8
343669793,8
343669796,8
343669798,8
1832227893,8
25495639,8
25495640,8
25495646,8
25495648,8
6724775012,8
6724775018,8
1832248428,8
1832248430,8
1832227968,8
1832227972,8
338472586,8
338472589,8
6279388821,8
6279388822,8
6279388824,8
2458257563,8
1832227996,8
1364161197,8
5265953455,8
1832228016,8
5265953457,8
5265953459,8
1834657466,8
1834657469,8
1832228035,8
1832228039,8
323260106,8
1953202903,8
25496800,8
1832129783,8
2458303223,8
25496825,8
25495807,8
25495819,8
25495820,8
1832129807,8
1707790107,8
1832129821,8
8975700260,8
1832052008,8
1832129835,8
1832052016,8
25495858,8
1816038199,8
1816038214,8
1832129869,8
1832129873,8
1832129878,8
1832129881,8
1832129884,8
1832129888,8
108389,8
1832129917,8
5060391821,8
5014591889,8
5014591895,8
1832129947,8
1832129951,8
350628799,8
350628804,8
8645592520,8
8645592521,8
1364172237,8
1832240590,8
1832240598,8
6354294763,8
1364168178,8
1364168180,8
321255925,8
25495542,8
5060391418,8
6354294779,8
25495617,9
25495618,9
108391,9
350437608,9
25496624,9
25495697,9
25495698,9
5976672308,9
1816038230,9
25495769,9
10543800252,9
25497619,10
5095890460,10
5503142966,10
5503142969,10
5503142970,10
9820537917,10
9820537921,10
1736685635,10
9820537932,10
9820537933,10
1326821457,10
4297243218,10
1816777816,10
9576827482,10
25475674,10
1816777820,10
25475678,10
775984737,10
9820537954,10
9820537955,10
775984738,10
9820537957,10
4729480806,10
4729480807,10
25475692,10
25475693,10
25475694,10
1736685679,10
1816705135,10
4571244660,10
4571244663,10
9820537981,10
9820537982,10
1816705152,10
9820537992,10
9820537993,10
1599652492,10
1816705168,10
1816777873,10
9820538002,10
1816777874,10
9820538004,10
1599652497,10
9820538006,10
1816705175,10
1816705177,10
4297243292,10
4298971293,10
1816705180,10
4297243295,10
1816705183,10
4297243298,10
9820538020,10
9820538021,10
4158004390,10
9820538022,10
4297243301,10
1816705193,10
4297243306,10
10579930792,10
10579930791,10
25475752,10
25475754,10
4571238068,10
4571238069,10
1938953406,10
1326821568,10
5353127105,10
3257317059,10
1938953413,10
748797126,10
1816705227,10
8783914189,10
6828863694,10
8783914190,10
1816609486,10
6828863697,10
1816705235,10
6272993491,10
1938953431,10
1938953433,10
748797145,10
1816705242,10
1816609498,10
1938953437,10
1816705246,10
1816705250,10
748797155,10
21990638,10
4158122222,10
9805100783,10
4158122223,10
25497340,10
4298970364,10
4298970368,10
4298970372,10
4298970376,10
4298970380,10
4298970384,10
4298970388,10
1664571164,10
3107212073,10
355416887,10
355416892,10
355416911,10
4297242961,10
1601797458,10
355416920,10
355416921,10
1664571227,10
109403,10
1664571229,10
1664571236,10
4297054053,10
4297242983,10
108393,10
108406,10
1145174402,10
1493229962,10
1145174413,10
1145174417,10
1261120402,10
1145174418,10
9693963681,10
1145174435,10
1145174437,10
9693963688,10
710657963,10
1261120430,10
7947041713,10
4142725554,10
1813618616,10
3830441923,10
7075087299,10
3830441937,10
25499093,10
435104726,10
435104727,10
435104728,10
435104729,10
6696695781,10
1145174501,10
1145174508,10
422573549,10
1913216493,10
6239229422,10
6239229423,10
25497595,10
8604055549,10
8604055550,10
25499808,11
390073160,11
5306194265,11
25632684,11
5973397966,11
3586606039,11
3586606038,11
25634199,11
3586606040,11
108409,11
20626290,12
2278320131,12
108838,12
108842,13
2141364732,13
2141364708,13
108845,14
5124166975,14
1777728708,15
108871,15
20626317,15
20626318,15
4866475733,15
3796774902,15
4866475736,15
5124166971,15
5124166973,15
18395806,15
108903,16
25496777,16
245200970,16
4211515569,16
663363473,16
8972511964,16
109408,17
894485202,17
470727954,17
1236791504,17
20626311,18
20626312,18
3796814729,18
20626315,18
20626316,18
7572522510,18
7572522511,18
7572522512,18
7572522513,18
7572522523,18
6509584413,18
109734,18
7572522540,18
2012970414,18
1536948536,18
7572522556,18
2504847039,18
4866475729,18
4866475730,18
4866475734,18
4866475738,18
1852996954,18
1536948578,18
109411,18
109412,18
2504822135,18
1536948474,18
1536948477,18
1547013760,19
692162510,19
707377287,19
30056330,19
1547013655,19
27458331,19
109728,19
3215687074,19
1547013667,19
25476134,19
4402594986,19
1566269741,19
4920098350,19
4619022513,19
4619022514,19
27458353,19
5342236721,19
4402629177,19
4402629178,19
1550763708,19
3830043581,19
4402629180,19
6218468163,19
6218468164,19
1547013699,19
5342236740,19
5342236739,19
1547013704,19
5335245256,19
1566270021,19
1312454086,19
5564754892,19
9704122317,19
5335245257,19
27481039,19
1566270409,19
27481040,19
692162514,19
5931509715,19
1550763732,19
3708234964,19
5931509718,19
27481044,19
27481041,19
471488472,19
30056280,19
3830029915,19
4807512540,19
4807512541,19
5564410334,19
692162527,19
1547392865,19
1547013730,19
2961891,19
5580861156,19
1547013604,19
1550763620,19
5768339816,19
5768339817,19
30057965,19
5335245254,19
1547013743,19
6600283121,19
367121266,19
30056310,19
1547013754,19
692162559,19
109766,20
302013672,20
7815533545,20
302013674,20
7815533546,20
302013676,20
302013678,20
249558966,20
347542743,20
3081980920,20
347542742,20
3081980922,20
27480956,20
27480957,20
27480958,20
2990651904,21
2990651905,21
5067002882,21
1759454211,21
2990651908,21
2990651909,21
2990651910,21
2990651906,21
2990651912,21
8989843465,21
2990651914,21
25497611,21
2990651911,21
1150003213,21
1759454222,21
2990651918,21
1758552592,21
2990651920,21
973128722,21
2990651921,21
1758552597,21
10607127,21
10607128,21
1150003224,21
1150003238,21
7553479208,21
5040168489,21
5040168491,21
1596655148,21
1596655149,21
7553479212,21
1150003247,21
5040168496,21
8784212017,21
1596655155,21
1813618228,21
1813618229,21
1596655157,21
8784177716,21
2990716984,21
1596655161,21
2990716986,21
2990716985,21
1150003264,21
256766532,21
256766533,21
2755124807,21
256766536,21
256766537,21
2990717001,21
2755124815,21
5238528591,21
256766545,21
1150003289,21
2135411292,21
2135411293,21
1141487712,21
1759454305,21
25632870,21
5041784423,21
1758552682,21
1141487723,21
1813618288,21
5242049139,21
6978555518,21
5609643647,21
1813618304,21
1150003329,21
6978555522,21
1141487746,21
5609643652,21
5609643653,21
2990780039,21
2987752071,21
20460681,21
2987752074,21
2987752075,21
2987752073,21
1684710025,21
20460686,21
20460687,21
20460680,21
5269670540,21
20460690,21
20460691,21
28800660,21
1759454351,21
5733998227,21
28800663,21
20460696,21
20460697,21
819132568,21
5733998228,21
1684710044,21
6506796188,21
28800664,21
5609643675,21
5609643672,21
5609643676,21
5609643682,21
5609643674,21
5609643685,21
5609643686,21
5609643687,21
5041784489,21
1759454378,21
25473199,21
25473200,21
2990664881,21
25473202,21
1758554291,21
25473204,21
25473205,21
1813618358,21
25473207,21
5041784501,21
244128951,21
5060405429,21
5060405427,21
5060405430,21
1813618365,21
5060405434,21
1326821569,21
5060405441,21
5060405443,21
5060405444,21
5060405445,21
5060405446,21
748941508,21
1813618376,21
1684835019,21
109780,21
1813618393,21
1759454429,21
6978557152,21
748941552,21
373402354,21
748941556,21
25497845,21
1684835062,21
1813618424,21
748941560,21
1813618426,21
1813618429,21
1813618431,21
1813618432,21
748941573,21
5060388105,21
748941577,21
5060388107,21
5060388110,21
1150003472,21
25497872,21
5060388115,21
2118622487,21
2118622488,21
1684835097,21
1813618461,21
1813618463,21
1813618465,21
1401893666,21
2480657186,21
2480657188,21
2480657190,21
1401893675,21
8975833905,21
6978563378,21
1813618484,21
8975833911,21
5041784633,21
5041784634,21
1813618493,21
8868824899,21
8868824900,21
8868824901,21
1150003532,21
875789647,21
8868824911,21
8868824913,21
8868824914,21
1366095187,21
8868824912,21
1366095189,21
1684835152,21
1684835156,21
10004388708,21
10004388710,21
1150003563,21
1684781421,21
3739049327,21
25497968,21
6014333809,21
25497970,21
632447859,21
1150003571,21
25472885,21
25497978,21
372050299,21
25497979,21
25497981,21
1684781436,21
25497985,21
2990806410,21
2990806411,21
3739049356,21
2990806415,21
968499092,21
3739049365,21
3739049366,21
1759454104,21
6871422361,21
6871422360,21
5238523291,21
1311962012,21
4948630427,21
1684781470,21
4948630428,21
5609643656,21
3739049382,21
3739049383,21
316763559,21
25632678,21
1954751914,21
5609643658,21
1684781486,21
5609643662,21
6816821186,21
435104712,21
1758552521,21
1758552522,21
435104715,21
1150003147,21
435104717,21
1758552524,21
6816821193,21
1759454163,21
1150003155,21
1758552541,21
1311962080,21
2990651907,21
1150003170,21
1758552547,21
5067002851,21
5067002855,21
1758552555,21
5067002862,21
1758552559,21
5609643673,21
5067002867,21
1150003195,21
1150003197,21
18468953,22
9514602150,22
9514602151,22
9514602152,22
9514602153,22
5047029672,22
4922952364,22
4922952370,22
109785,22
4841764865,23
811035012,23
7911282826,23
10306429323,23
5905896973,23
1556097166,23
3887941007,23
10306429327,23
3887941009,23
3887941010,23
10306429328,23
1556097177,23
6446229925,23
6446218920,23
6446229933,23
1556097326,23
1556260024,23
6446256190,23
5905897286,23
1547013705,23
24952268,23
1556097111,23
109788,23
4169714270,23
4169714271,23
4169714272,23
1556097120,23
8807410149,23
6166157035,23
1556097387,23
8675201264,23
6446269173,23
435104742,24
1723340842,24
1723340785,24
25472789,24
110141,24
4823246342,25
8869472263,25
4823246344,25
10577984012,25
1343823416,25
1343823418,25
110143,25
2923703875,25
1150003270,25
18398282,25
5992797788,25
1757440607,25
5609643623,25
1493658224,25
20460684,25
1150003340,25
5609643663,25
3320754320,25
5609643665,25
3320754322,25
5609643664,25
5609643670,25
3247825561,25
3247825562,25
28800670,25
3247824558,25
250550447,25
3741117629,25
1684835016,25
4807521484,25
1309067471,25
1309067472,25
632438506,25
1685281003,25
1685281006,25
1685281010,25
1685281011,25
1685281013,25
1493662967,25
1685281017,25
1685281020,25
1685281021,25
1685281025,25
1685281029,25
1685281031,25
250550024,25
250550023,25
1685281032,25
1685281035,25
1685281041,25
1685281044,25
1685281045,25
1685281046,25
1141415192,25
1685281053,25
1685281056,25
1685281058,25
1141415202,25
1685281061,25
250550053,25
1685281063,25
1685281064,25
1141415215,25
1150003503,25
4401149234,25
1686463794,25
1685281075,25
1685281076,25
1685281077,25
1685281079,25
1141415220,25
1685281087,25
8869464390,25
1150003530,25
8869464398,25
1685281104,25
3741131600,25
3741131606,25
8869464407,25
7636244314,25
1685281123,25
149451620,25
149451622,25
2990721387,25
2990721390,25
2990721391,25
3739049344,25
1939632514,25
1939632519,25
5041945479,25
5041945480,25
3870640530,25
25498004,25
1685281175,25
1723315608,25
25498010,25
1686463389,25
25498015,25
1686463392,25
5938625442,25
1686463397,25
1684835241,25
7636278191,25
7636278193,25
7636278195,25
7636278196,25
7636278198,25
7636278199,25
7636278200,25
7636278201,25
8898783674,25
1686463428,25
8898783685,25
1312335310,25
5238500306,25
5238500308,25
5238500312,25
5238500313,25
5006781409,25
873809385,25
1685281260,25
1169109485,25
8869472239,25
8869472242,25
6866779798,26
6866779799,26
6866779802,26
4530012699,26
6866779804,26
4530012700,26
4530012702,26
6866779806,26
4530012703,26
6866779809,26
6866779810,26
6866779817,26
6866779818,26
2632761651,26
282708,26
4316306161,26
4316306163,26
4316306164,26
1761598585,26
25438595,27
25438732,27
25438638,27
282719,27
1832665997,28
1832666001,28
1958800795,28
8972441125,28
8972441126,28
25496748,28
25496750,28
1816038195,28
1816038215,28
5265830862,28
25496785,28
8972511962,28
8972511963,28
438170475,28
8972441579,28
21583342,28
25496815,28
10572785,28
7279239795,28
8785568224,29
8785567914,29
8972441580,29
10572786,29
1985084095,29
435104736,30
25471135,30
1309180610,30
435104738,30
1309180612,30
7792756412,30
1723389067,30
435104732,30
10607132,30
7792756414,30
435104735,30
1360122880,31
6431923714,31
6431923715,31
4462680068,31
7840712839,31
1832248457,31
1832248458,31
10607629,31
4462680078,31
5642519054,31
5642519055,31
5374174224,31
25496850,31
25496851,31
5642519056,31
9804471701,31
9804471702,31
25496854,31
595709975,31
25496857,31
5642519066,31
5642519060,31
5470932252,31
9846850973,31
9846850974,31
9846850972,31
5470932256,31
5573994014,31
5573994016,31
5642519068,31
5573994020,31
5642519069,31
1832129958,31
4730978983,31
5374174120,31
1832129960,31
1832129962,31
14672924,31
7203717550,31
5839165751,31
1360122937,31
25151180,31
4512763345,31
4512763347,31
5839155672,31
1360122841,31
5460658138,31
5471345385,31
1360122860,31
308837357,31
5573931376,31
5573931377,31
1360122866,31
5468301555,31
5573931380,31
5573931381,31
5573931384,31
529722111,31
1721713699,32
672061444,32
2902624645,32
2406484455,32
1312188714,32
1721713677,32
672061646,32
1717643505,32
1717643512,32
10677374,32
1717643530,33
1717643537,33
18395287,33
18395288,33
25161370,33
250326914,34
18469130,34
18469132,34
1401416208,34
8868010160,34
8868010162,34
250327159,34
20458277,35
250549587,35
4618510643,35
1312188692,35
4618510644,35
20625793,36
25497603,36
2528484782,36
5905807279,36
5905807278,36
1547657140,36
10544409928,36
10544409929,36
10544409930,36
25474005,36
10544409948,36
10544409950,36
25474015,36
10544409954,36
25474019,36
10544409957,36
10544409958,36
10544409959,36
10544409960,36
10544409961,36
10544409963,36
10544409964,36
10544409966,36
10544409967,36
5976760444,36
5976760446,36
20625800,37
710521820,37
585201189,37
1561411396,37
6918421504,38
6918421508,38
6918421509,38
4777897926,38
6918421511,38
3616299208,38
6918421512,38
20626282,38
1556097098,38
6918421513,38
1951372909,38
10306429333,38
1556097431,38
8675201272,38
1556097306,38
1556097245,38
1951372927,38
25067264,39
25067265,39
2566132610,39
2566132611,39
25067397,39
25067398,39
5146186503,39
5146186504,39
5146186505,39
950703626,39
5146186507,39
25161356,39
6446301329,39
25505685,39
25161373,39
7824747295,39
25067298,39
7824747302,39
25067305,39
7824747306,39
6967585840,39
6967585841,39
6967585842,39
6967585843,39
1827389620,39
6967585845,39
1782727992,39
6446304190,39
5201625535,39
5201625537,39
5201625539,39
5201625541,39
25505606,39
1536948431,39
700774224,39
5146186589,39
5146186590,39
5146186591,39
25505634,39
5146186468,39
5146186470,39
4085778919,39
4085778920,39
1990694638,39
4085778927,39
4085778930,39
4085778933,39
5146186489,39
20626301,39
20626304,40
2941549929,40
2941549928,40
3519324894,40
5124166978,41
20626307,41
7572833352,42
7572833353,42
20626314,42
5177397824,43
8755805313,43
3328228994,43
4367041960,43
25524297,43
4367041962,43
21392267,43
6606135977,44
6606135979,44
6606135983,44
21392279,44
4462680066,45
1832129796,45
4462680070,45
9201323528,45
1832129800,45
21563788,45
6978443788,45
4462680076,45
1832129809,45
4462680082,45
1832129815,45
4208239642,45
338474279,45
21686572,45
21686574,45
1832129838,45
3972566705,45
3972566714,45
9203541581,45
4462683090,45
5839163740,45
5788363874,45
5788363878,45
5907366887,45
5788363880,45
9203541611,45
9203541612,45
9236477422,45
6828921212,45
21578456,46
21578457,46
25495589,46
1832129794,47
1832129785,47
25496847,47
1832129776,47
1832129778,47
4077495826,47
21685497,47
1684437690,47
1684437692,47
1832129789,47
21693787,48
25500239,48
1238259337,49
4530011788,49
3197339664,49
3197339666,49
3197339667,49
4530012691,49
3197339668,49
1731235606,49
4530012690,49
1150003480,49
3197339673,49
3197339674,49
4530012695,49
3197339676,49
4530012696,49
1731235480,49
4530012705,49
4530012706,49
4530012707,49
1731235492,49
1731235489,49
4530012711,49
1731225596,49
288193455,49
1728472241,49
3197333559,49
4729385030,49
4729385031,49
1150003400,49
3794876751,49
1150003547,49
21990620,49
1731225566,49
1327865950,49
5565486432,49
1150003423,49
5565486434,49
1731225575,49
1731225580,49
28728187,49
5565487612,49
25477858,50
4556931604,50
3661703766,50
819157975,50
819157946,50
21990622,50
1718566880,51
21990628,51
21990629,51
1718566886,51
21990631,51
21990632,51
8869464392,51
5042033643,51
8869464378,51
5565443389,51
5565443390,52
250327618,52
21990630,52
250327591,52
6116290274,53
24659947,53
6948380395,53
6948380400,53
6948380401,53
24949780,53
9693920800,54
9693920796,54
9693920797,54
24660863,54
5046314043,55
25632860,55
24951854,55
10544113920,56
10544113922,56
24952195,56
10544113923,56
3887940999,56
2528522518,56
6867581464,56
6867581465,56
2528522524,56
694824861,56
2528483741,56
2528522528,56
2528522530,56
6985465124,56
6985465127,56
6985465130,56
6985465133,56
2528522542,56
2528484781,56
2528522547,56
2528522549,56
6886012733,56
2038033986,56
1556324684,56
3385387604,56
3385387606,56
3385387607,56
3385356250,56
4117882857,56
25532273,56
1689387896,56
1689387903,56
1718390753,57
1717650794,57
25066451,57
25066453,57
25161369,57
1309180608,58
7447637305,58
25471289,58
3691462888,58
25471274,58
25471090,58
2836220819,58
2755124947,58
2755124949,58
25632854,58
7447565847,58
7447565849,58
7447637306,58
2036181339,58
25471263,58
2036185421,59
25472215,59
4675821921,60
25472545,60
4675821944,60
762080069,60
4675821925,60
4675821924,60
4665353643,60
4665353644,60
4675821932,60
4675821931,60
762080111,60
1617596591,60
25473048,60
25472379,60
10196915587,61
10196915588,61
10196915589,61
32921737,61
32921738,61
10196915593,61
4675822093,61
4675822094,61
4675822095,61
4675821968,61
4675822097,61
761831057,61
4675822099,61
4675822100,61
270110481,61
270109325,61
751837591,61
1617647896,61
270109326,61
1617647900,61
1617647901,61
270112540,61
270112539,61
270109327,61
751837736,61
25472428,61
1401849779,61
751837622,61
270109370,61
1617647931,61
1617647934,61
1419544126,61
270110143,61
270110142,61
4665352260,61
4665352261,61
4665352262,61
761830981,61
4665352264,61
2134066506,61
761830987,61
9566848716,61
761830989,61
1419544142,61
26374230,61
26374231,61
761831000,61
26374232,61
751837654,61
761831004,61
761831007,61
270110053,61
270110054,61
321255911,61
321255910,61
4781199338,61
761831019,61
761831023,61
751837551,61
6483733489,61
6483733493,61
1419603573,61
25472890,61
761831037,61
25472800,62
149431715,62
2168949324,62
2168949325,62
1954751920,62
2940401398,62
3741131607,62
3741131608,62
4665353660,63
1617532091,63
25473004,63
4665353662,63
25475328,64
25473281,64
9700060290,64
9700060291,64
9700060292,64
690295042,64
1563638022,64
690295047,64
1990912136,64
5904615691,64
5904615694,64
5904615699,64
3999987604,64
5904615708,64
2528483742,64
1233353631,64
1321466104,64
5574049698,64
5574049700,64
4777885221,64
5574049702,64
4085387943,64
5574049703,64
4085387945,64
1233353642,64
4773889323,64
5574049707,64
5574049709,64
3385332654,64
283062189,64
1233353464,64
1233353640,64
9683686963,64
5574049717,64
9683633717,64
5574049718,64
4085600696,64
4229228089,64
4085600698,64
9683633718,64
5574049719,64
3733791671,64
673420216,64
1137777343,64
1155552319,64
1155552322,64
6779394887,64
796809545,64
8497605078,64
25475417,64
585148380,64
4832472797,64
9135848928,64
9135845216,64
680069473,64
8497605091,64
9683400934,64
1951242857,64
9683400938,64
680069483,64
713363180,64
4136124526,64
4166219502,64
8031801454,64
1990912115,64
696477560,64
5574051321,64
585130362,64
1233353467,64
25473279,64
1547392771,65
1547013574,65
9694091976,65
9694091978,65
25475053,65
9694091983,65
9694091984,65
1547013588,65
1547013592,65
1547392927,65
25475688,66
25475690,66
9820538027,66
25475691,66
25499095,66
8632535522,67
1312188614,67
306439304,67
2545230474,67
8632535532,67
306439310,67
8632535535,67
25477149,67
25477150,67
3741078112,68
25477154,68
1312319838,68
306439338,68
306439329,69
25477156,69
249679365,70
9080098310,70
3168378376,70
9080098315,70
9080098316,70
28418580,70
3528711722,70
27459116,70
4422013486,70
251757615,70
27459120,70
249679407,70
7817166393,70
249679418,70
249679420,70
7817166397,70
5924603458,70
1042862659,70
5924603460,70
7817166407,70
3073173576,70
3073173585,70
7899973206,70
28418138,70
27459165,70
28418141,70
28418144,70
8500636794,70
1042862718,70
4344245890,70
4344245892,70
4344245893,70
3528738438,70
3528738439,70
3528738440,70
4344245894,70
5257738380,70
5257738381,70
5257738382,70
5257738383,70
5257738384,70
5257738385,70
5257738386,70
5257738387,70
5257738388,70
9030037139,70
3528710291,70
27460250,70
6995618979,70
7817162919,70
5242815659,70
5160943793,70
5160943794,70
5160943795,70
5160943796,70
5160943797,70
5160943798,70
5160943799,70
5160943800,70
5160943803,70
5160943804,70
5160943806,70
5160943807,70
5160943808,70
472493763,70
1039290567,70
4089885900,70
4089885902,70
4089885905,70
5174825175,70
5174825176,70
5174825178,70
302013659,70
5174825180,70
5174825181,70
3892081373,70
5174825183,70
302013662,70
3892081377,70
3892081378,70
9080123621,70
1014803686,70
3892081382,70
3892081384,70
6969936104,70
6969936106,70
6969936102,70
6969936108,70
6969936109,70
6969936110,70
1014803691,70
6294214897,70
6969936114,70
6969936115,70
6969936116,70
302013685,70
6969936117,70
302013682,70
2914561272,70
302013688,70
2914561274,70
25477371,70
3894948091,70
3894948093,70
249679102,70
1014803704,70
28419328,70
3894948098,70
3894948099,70
3894948100,70
302013708,70
670103313,70
670103314,70
1014803736,70
3068267824,70
3068267825,70
2140124982,70
2140124983,70
3682538298,70
8042031930,70
249679168,70
5768339777,70
4116809027,70
2140124996,70
4144358216,70
4144358217,70
4949004105,70
4949004106,70
302013776,70
302013777,70
4948602211,70
28418929,70
6294214898,70
3550836102,70
3550836104,70
251757452,70
251757458,70
2934411667,70
3014236566,70
3014236567,70
3014236569,70
3014236570,70
2935392676,70
302013683,70
3068270504,70
3068270516,70
5174828980,70
3068270518,70
249558964,70
3186593720,70
1039322041,70
3186593722,70
3984132032,70
28418497,70
3984132036,70
3984132037,70
251757533,70
249559005,70
249679343,70
1039322102,70
9080098298,70
9080098299,70
7279228683,71
317930380,71
25496773,71
1985084135,72
1985084137,72
25496781,72
25496783,72
25496787,72
25496788,72
9690974273,73
9690974274,73
4920098344,73
4920098349,73
25496920,73
25497986,74
6374802555,74
5711517570,75
5711517571,75
4703559689,75
25497997,75
5479654172,75
1723388957,75
5479654175,75
1723388960,75
5479654177,75
2331184930,75
2331184932,75
25498021,75
2331184935,75
1723388970,75
25632683,75
1723388974,75
1723388976,75
1723388979,75
1723388981,75
1723388986,75
1723388988,75
5006916678,75
446765895,75
446765900,75
5479655630,75
5479655634,75
4703542485,75
4703542486,75
390073175,75
6525670236,75
6525670237,75
2135411294,75
2135389151,75
2135411296,75
2135411297,75
6525670242,75
5479655652,75
5479655662,75
1723388925,75
6374802559,75
25498016,76
6569580040,76
3247578847,76
6374804385,77
25498018,77
3725817386,77
6374802579,77
6374802582,77
6374802583,77
7792756672,78
7792756674,78
7792756676,78
7792756680,78
7792756713,78
25498026,78
5711517569,79
5711517565,79
25499655,79
25505679,80
9988193967,80
25505607,80
6606135968,81
25509513,81
9197589233,81
9197589238,81
25544108,82
1493613087,82
316763584,83
25632865,83
316763586,83
25632864,83
5046627553,83
316763589,83
316763590,83
316763595,83
316763600,83
1215563891,83
5046627638,83
25632855,83
5046627642,83
25632859,83
5046627645,83
25632862,83
27480960,84
9678821156,84
1736734053,84
1238249900,84
1238249901,84
1238249904,84
7900221108,84
249560091,84
7900221087,84
1401908258,85
1401908260,85
250550183,85
28800661,85
28800662,85
250550174,85
8869464371,86
250549835,86
28800668,86
32921724,87
761830999,87
761830991,87
32921728,88
32921729,88
32921731,88
4697525030,88
4697525032,88
1401849768,88
26374229,88
32921748,89
32921743,89
354886099,90
213668839,90
250327576,91
2642878644,91
250549699,91
250549700,91
255700677,91
213672005,91
250327619,91
250327624,91
213670986,91
8868010202,91
8868010204,91
1685276643,91
8868010217,91
213668842,91
2642612586,91
213668844,91
8868010221,91
2642612585,91
250327547,91
354886082,92
250549670,92
1310663631,92
3114645200,92
3114645201,92
250327037,92
250550400,93
973101839,93
1686463489,94
1686463523,94
3739049325,94
1686463503,94
1686463471,94
1686463505,94
1686463476,94
1686463510,94
390073208,94
7882485394,95
10308697502,95
469785734,95
471488499,96
1493722803,96
1547013711,96
2137096880,97
4305235825,97
473257581,97
473262660,98
473262822,98
697044225,99
707377382,99
249467025,100
806373533,100
4922952361,101
1046306167,101
1569300062,102
1144619335,102
1150003141,103
5609643622,103
1150003479,103
1255487172,104
1255491496,104
1255369133,104
4511972303,104
4511972304,104
1255491504,104
1255491506,104
1255487160,104
1255487166,104
1722268388,105
3093897990,105
4749090120,105
2387232554,105
2387232559,105
1722268367,105
5565455858,105
1280491924,105
1280491926,105
1722268381,105
3741117630,105
2402557599,105
3272782432,106
8807410150,106
8807410151,106
1547013738,106
25532494,106
2454119184,106
1547013589,106
2454091736,106
3272782431,106
1587318992,107
1587318999,107
1817617689,108
1817617691,108
1817617692,108
1596648669,108
1596648671,108
1617532088,109
4697287185,109
4696544876,109
4663312759,109
1617596593,110
3328228993,110
1617532092,110
1617596606,110
6866592992,111
6866516262,111
2453947049,111
2453947051,111
4211515634,111
1637578547,111
1637578516,111
6866516278,111
1637578522,111
2576893629,111
1637578551,112
1637578535,112
1668135493,113
3197339661,113
3197339662,113
3170676206,113
5565475799,113
1668135486,113
1685281036,114
1685281022,114
6978459068,115
5177352922,115
1707790099,115
5177352932,115
1810130458,116
4077495964,116
1832228100,117
1832228080,117
1832228112,117
1832228144,117
1832228083,117
1832228115,117
1832228120,117
1832228159,117
6855696495,118
1882379248,118
10090013713,118
10090013714,118
2306288080,118
6855696496,118
6855696497,118
6855696502,118
6855696503,118
6855696504,118
6855696506,118
4823243100,118
3247578846,118
3987750688,119
5269678593,119
5977954180,119
3987750692,119
9673189926,119
2612458244,119
6110164649,119
1951190474,119
7900888467,119
3850146457,119
1968744210,120
3992885062,120
4697288399,120
1990694620,121
1990694647,121
2502545024,122
9619940387,122
1990912102,122
1990912134,122
4117896490,122
2502545041,122
9683400946,122
9683400950,122
9678366518,122
9678523000,122
8031800090,122
5574051323,122
8031800092,122
8031800094,122
2341656968,123
4697287177,123
4697287178,123
3265436691,123
4697287188,123
4696545402,123
4696568110,123
8620105277,123
8620105279,123
4697288390,123
4085747017,123
367102039,123
4166662874,123
4166662878,123
3265436260,123
4174200048,123
4696544885,123
4696545399,123
4175081593,123
4175081594,123
4696545403,123
3911044734,123
3247589712,124
6569580044,124
6569580045,124
2531863975,124
2531863977,125
2531863978,125
3739049346,126
2990732269,126
6116290280,127
5473274252,127
5473274253,127
5473274254,127
5473274256,127
5473274257,127
5473274259,127
5473274260,127
3139655930,127
3139655933,127
5473273470,127
3158794148,128
5473272900,128
5473272902,128
3158794151,128
5473272904,128
5473273067,128
5473273068,128
4534858543,128
5473272882,128
5473272983,128
5473272984,128
5473272667,128
5473272700,128
3578315456,129
3586606037,129
4369519260,130
4369519219,130
4369519227,130
4369519206,130
4554237017,131
5009054889,131
5009054892,131
4781199345,132
4781199346,132
4781199348,132
4781199350,132
4781199352,132
4781199354,132
4781199355,132
6374802572,133
5006965588,133
5006965589,133
5060405461,134
1954751918,134
5095547184,135
5095547180,135
5095547181,135
5095547182,135
5468301601,136
10607626,136
5468301602,136
5473273795,137
5473273796,137
5473273798,137
5473273803,137
5473273805,137
5473273616,137
5473273791,137
5473273788,138
5473273789,138
5473273790,138
5733997920,139
5733997919,139
5927671120,140
5927671121,140
5947858320,141
5947858321,141
6606148802,142
6606148797,142
6606148798,142
7792756538,143
7792756539,143
7792756540,143
7792756543,143
8357847937,144
8357847938,144
8357847939,144
8357847927,144
8357847928,144
8357847929,144
8357847930,144
8357847931,144
8357847932,144
8357847933,144
8357847934,144
8515091587,145
8515091588,145
8515091590,145
9524817681,146
9524817682,146
