node_id,cluster_id
8989843465,0
25497611,0
1150003213,0
25497619,0
1150003224,0
1150003238,0
1150003247,0
8784212017,0
2990716984,0
2990716985,0
2990716986,0
1150003264,0
1736685635,0
2990717001,0
1326821457,0
1150003289,0
1141487712,0
25632870,0
25497595,0
1141487723,0
1816705135,0
1736685679,0
4571244660,0
4571244663,0
1816705152,0
1150003329,0
1141487746,0
1816705168,0
1816705175,0
819132568,0
1816705177,0
1816705180,0
4298971293,0
1816705183,0
1816705193,0
25473199,0
25473200,0
25473202,0
5060405427,0
25473204,0
5060405429,0
5060405430,0
25473207,0
25473205,0
1758554291,0
5060405434,0
1326821568,0
1326821569,0
5060405441,0
5060405443,0
5060405444,0
5060405445,0
5060405446,0
748941508,0
1816705227,0
6828863694,0
6828863697,0
1816705235,0
6272993491,0
5060405461,0
1816705242,0
5060405468,0
1816705246,0
1816705250,0
4158122222,0
4158122223,0
748941552,0
748941556,0
25497845,0
748941560,0
4076126468,0
748941573,0
748941577,0
25497872,0
1150003472,0
1150003532,0
4297242961,0
4297242983,0
1150003563,0
1684781421,0
25497968,0
25497970,0
1150003571,0
25497978,0
372050299,0
25497979,0
25497981,0
1684781436,0
25497985,0
1145174402,0
25497990,0
1493229962,0
1145174413,0
1145174417,0
1145174418,0
1684781470,0
1145174435,0
1145174437,0
1684781486,0
4142725554,0
4142725557,0
4142725558,0
1758552521,0
1758552522,0
1758552524,0
1758552541,0
1758552547,0
1145174501,0
1758552555,0
1145174508,0
1758552559,0
2990651904,0
2990651905,0
2990651906,0
2990651907,0
1816959492,0
2990651908,0
2990651910,0
2990651909,0
2990651912,0
2990651911,0
2990651914,0
2990651918,0
1758552592,0
2990651920,0
2990651921,0
1758552597,0
10607127,0
10607128,0
7553479208,0
7553479212,0
8784177716,0
256766532,0
256766533,0
256766536,0
256766537,0
5238528591,0
256766545,0
4297243218,0
9576827482,0
25475674,0
2135411292,0
2135411293,0
25475678,0
4369519206,0
1758552682,0
25475692,0
25475693,0
25475694,0
5242049139,0
4369519219,0
4369519227,0
2987752071,0
1684710025,0
2987752074,0
2987752075,0
1599652492,0
2987752073,0
5269670540,0
1599652497,0
4297243292,0
4369519260,0
1684710044,0
4297243295,0
4297243298,0
4297243301,0
25475752,0
25475754,0
4297243306,0
1684835019,0
1816609486,0
1816609498,0
373402354,0
1684835062,0
1684835097,0
2480657186,0
1401893666,0
2480657188,0
2480657190,0
3107212073,0
1401893675,0
8975833905,0
355416887,0
8975833911,0
355416892,0
355416911,0
1684835152,0
1684835156,0
355416920,0
355416921,0
109403,0
10004388708,0
10004388710,0
6014333809,0
632447859,0
1261120402,0
1759454104,0
4948630427,0
4948630428,0
1311962012,0
1261120430,0
7947041713,0
7075087299,0
435104712,0
435104715,0
435104717,0
1759454163,0
435104726,0
435104727,0
435104728,0
435104729,0
1311962080,0
5067002851,0
5067002855,0
5067002862,0
5067002867,0
5067002882,0
1759454211,0
1759454222,0
973128722,0
5503142966,0
5503142969,0
5503142970,0
9820537917,0
9820537921,0
9820537932,0
9820537933,0
1816777816,0
1759454299,0
1816777820,0
1759454305,0
9820537954,0
9820537955,0
9820537957,0
9820537981,0
9820537982,0
9820537992,0
9820537993,0
20460681,0
20460680,0
20460686,0
20460687,0
1759454351,0
1816777873,0
1816777874,0
20460691,0
9820538002,0
9820538004,0
9820538006,0
20460690,0
20460696,0
20460697,0
6506796188,0
9820538020,0
9820538021,0
4158004390,0
9820538022,0
1759454378,0
2990664881,0
244128951,0
1938953406,0
5353127105,0
4158000323,0
1938953413,0
748797126,0
8783914189,0
8783914190,0
109780,0
1938953431,0
748797145,0
1938953433,0
1938953437,0
1759454429,0
6978557152,0
1596648673,0
1832129762,0
748797155,0
21990638,0
4298970364,0
4298970368,0
4298970372,0
4298970376,0
5060388105,0
5060388107,0
4298970380,0
5060388110,0
4298970384,0
5060388115,0
4298970388,0
2118622487,0
2118622488,0
1150003197,0
6978563378,0
5516594509,0
875789647,0
1601797458,0
1366095187,0
1366095189,0
3739049327,0
2990806410,0
2990806411,0
3739049356,0
2990806415,0
3739049365,0
3739049366,0
6871422360,0
6525701529,0
6525701530,0
5238523291,0
6871422361,0
6525701533,0
6525701535,0
9693963681,0
6525701539,0
6525701540,0
3739049382,0
3739049383,0
9693963688,0
316763559,0
1954751914,0
1954751918,0
25499093,0
422573549,0
6239229422,0
6239229423,0
1913216493,0
5095890460,0
5040168489,0
5040168491,0
1596655148,0
1596655149,0
5040168496,0
1596655155,0
1813618228,0
1596655157,0
1813618229,0
1596655161,0
2755124807,0
2755124815,0
775984737,0
775984738,0
4729480806,0
4729480807,0
5041784423,0
1813618288,0
6978555518,0
5609643647,0
1813618304,0
6978555522,0
5609643652,0
5609643653,0
2990780039,0
5609643656,0
5609643658,0
5609643662,0
5733998227,0
5733998228,0
28800660,0
25509527,0
28800663,0
5609643672,0
5609643674,0
5609643675,0
5609643676,0
25509533,0
25509534,0
5609643673,0
28800664,0
5609643682,0
5609643685,0
5609643686,0
10579930791,0
10579930792,0
5041784489,0
5609643687,0
4571238068,0
4571238069,0
5041784501,0
1813618358,0
1813618365,0
3257317059,0
1813618376,0
1813618393,0
9805100783,0
1813618424,0
1813618426,0
25497340,0
1813618429,0
1813618431,0
1813618432,0
1664571164,0
1813618461,0
1813618463,0
1813618465,0
1813618484,0
5041784633,0
5041784634,0
1813618493,0
8868824899,0
8868824900,0
8868824901,0
7946372941,0
8868824911,0
8868824912,0
8868824913,0
8868824914,0
1664571227,0
1664571229,0
1664571236,0
4297054053,0
108393,0
25472885,0
108406,0
104318,0
968499092,0
25632678,0
710657963,0
1813618616,0
6816821186,0
3830441923,0
6816821193,0
1150003147,0
3830441937,0
1401849810,0
1150003155,0
1150003170,0
6696695781,0
1150003195,0
8604055549,0
8604055550,0
6369329155,1
1678452753,1
6369329170,1
1726730272,1
10241310756,1
1726730281,1
1678452780,1
1726730292,1
1678452789,1
1678452788,1
1726730295,1
1678452793,1
10539589691,1
10539589692,1
1726730303,1
10539589696,1
1726730307,1
10539589701,1
10539589704,1
25524297,1
10539589706,1
10539589707,1
262078536,1
2398924877,1
2398924886,1
1726730326,1
1726730329,1
4379801694,1
2398924896,1
25503841,1
2398924898,1
25503845,1
25503848,1
4379801706,1
25503851,1
25503856,1
1726730354,1
25503860,1
25503862,1
25503863,1
25503865,1
25503867,1
25503869,1
4696545406,1
5342251136,1
25503873,1
25503876,1
25503880,1
25503885,1
419350669,1
5342251151,1
5177397419,1
368044217,1
490946748,1
419350723,1
10309140683,1
10309140686,1
1938819302,1
490946813,1
10309153022,1
10309153023,1
10309153025,1
10309153027,1
1536948492,1
2005131543,1
10309472541,1
10309472542,1
10309472543,1
10309472544,1
10309472547,1
10309472548,1
10309472553,1
4076095791,1
4076095797,1
2140432704,1
237911,1
4076095834,1
473266524,1
4076095841,1
8755808618,1
1955520879,1
8755808627,1
25504128,1
25504129,1
5207476609,1
5207476608,1
473264514,1
5207476613,1
25504134,1
5207476611,1
5207476616,1
25504143,1
25504144,1
10572178,1
10572179,1
10572180,1
1668112790,1
1668112792,1
20965798,1
20965799,1
20965800,1
20965801,1
747893184,1
10541894095,1
10541894097,1
864817628,1
8785484288,1
490947077,1
747893264,1
268124704,1
3267461666,1
1777740337,1
490947124,1
5177397822,1
5177397823,1
5177397824,1
5177397825,1
5177397826,1
5177397828,1
10539856459,1
3696548432,1
3696548437,1
25500246,1
3696548438,1
3696548440,1
3267461729,1
1905779367,1
1905779369,1
25471681,1
8785457870,1
8785457871,1
2620105428,1
4175059691,1
25471732,1
25471740,1
1649365762,1
1649365764,1
473268999,1
25500427,1
4089236236,1
10309458701,1
1649365780,1
1649365789,1
1649365797,1
4643337000,1
473264937,1
1649365800,1
4627491632,1
1649365810,1
1163954995,1
4643337012,1
1649365816,1
1649365820,1
4627491645,1
4627491650,1
1777742666,1
1163955034,1
473269102,1
25500535,1
21392267,1
4240028578,1
4240028580,1
4643337143,1
10310609849,1
4643337146,1
10310609852,1
10310609879,1
10310609881,1
10310609887,1
10310609894,1
25504753,1
1360122917,1
1609966639,1
1609966643,1
1609966653,1
7179983946,1
7179983947,1
4150883407,1
4150883409,1
8755805288,1
10539068534,1
8755805305,1
8755805306,1
7827997819,1
10539068544,1
8755805313,1
473267328,1
10539068550,1
107667,1
107668,1
10539068565,1
10539068564,1
7607080091,1
7607080092,1
1239549084,1
5009054881,1
107684,1
107685,1
107686,1
10539068590,1
5009054894,1
5009054898,1
419632307,1
10539068598,1
473265346,1
4197401800,1
4197401802,1
10539648210,1
4197401811,1
4197401813,1
2360681703,1
21685483,1
21685484,1
21685485,1
2360681709,1
2360681711,1
2360681713,1
2360681716,1
4378043649,1
4378043661,1
4378043662,1
4378043667,1
4378043682,1
1268903266,1
7946378606,1
7946378609,1
7946378610,1
6509684096,1
4158223748,1
3763565957,1
3763565959,1
3763565961,1
3763565962,1
748885408,1
2665239972,1
4367041960,1
4367041962,1
2665239978,1
4166634960,1
4627445215,1
4627445239,1
4627445240,1
4627445241,1
956233215,1
956233216,1
4627445252,1
4627445253,1
4627445254,1
8620105223,1
4627445257,1
4627445260,1
4627445261,1
473265708,1
8620105262,1
10539712057,1
10539712058,1
1828402758,1
1828402774,1
25577057,1
473265762,1
4696544883,1
3328228994,1
264824452,1
748799641,1
3972566710,1
7613626042,1
7613626044,1
7613626045,1
7613626046,1
7613626047,1
1214922433,1
7613626050,1
1707790023,1
1707790024,1
1707790026,1
7613626059,1
7613626060,1
7613626066,1
7613626070,1
4034060007,1
4034060015,1
4329502449,1
4034060018,1
2265065203,1
4034060017,1
2265065207,1
8868824844,1
4379801357,1
6137798425,1
4076095262,1
4085767970,1
4085767974,1
7610670890,1
4085767979,1
7610670892,1
4085767983,1
4085767989,1
25470782,1
7610670912,1
7610670913,1
7610670919,1
7610670920,1
4530339698,1
4530339699,1
104319,1
5114681227,1
5114681230,1
1837610895,1
1837610896,1
1813794712,1
1813794713,1
269547420,1
1726730162,1
1726730165,1
4370333637,1
25470928,1
4370333651,1
4370333652,1
4370333653,1
4370333657,1
104320,2
1215563904,2
373364228,2
1401870341,2
1649365894,2
1401870340,2
1726730375,2
3229825163,2
5475684621,2
6369329166,2
3229825166,2
8868824851,2
8868824852,2
3229825173,2
5475684758,2
8868824855,2
8868824856,2
8868824857,2
5475684763,2
107681,2
20965794,2
20965797,2
107687,2
18397096,2
20965803,2
5353114285,2
1163955119,2
269549104,2
269549105,2
5475675316,2
1163955128,2
1163955130,2
5475684676,2
5475684680,2
10263444809,2
5475684684,2
441958994,2
1163955037,2
21693793,2
21693795,2
5475684848,2
1649365878,2
1215563895,2
1771426174,2
6509584414,3
2218344503,3
2218344510,3
25477197,3
24658003,3
24658007,3
24658010,3
28418138,3
28418141,3
1327865950,3
32825440,3
28418144,3
32825442,3
1327865952,3
1327865953,3
1327865956,3
1327865957,3
7151566952,3
25477224,3
7151566955,3
25477228,3
4136124526,3
25067636,3
2934268024,3
5976760444,3
5976760446,3
6446301329,3
27459729,3
25067670,3
10542989479,3
10542989484,3
5160943793,3
5160943794,3
5160943795,3
1827389620,3
5160943797,3
5160943796,3
5160943798,3
5160943799,3
5160943800,3
25477301,3
5160943803,3
5160943804,3
5160943806,3
5160943807,3
5160943808,3
25067727,3
25067728,3
25477335,3
25477339,3
27459830,3
25477371,3
6463234329,3
5925626143,3
1566269741,3
27459905,3
5768339777,3
1144619335,3
25067871,3
5768339816,3
5768339817,3
25067883,3
25248112,3
25248113,3
25248114,3
25248115,3
25248117,3
25248118,3
25248119,3
25248120,3
3272712566,3
25248122,3
25248123,3
25248124,3
25248125,3
25248126,3
25248127,3
5087519104,3
25248129,3
5087519106,3
25248130,3
25248128,3
10306429312,3
10306429318,3
10306429319,3
27459971,3
27459970,3
25067914,3
10306429323,3
10306429327,3
10306429328,3
25067929,3
5065949596,3
5065949598,3
25067936,3
10596794785,3
3809870259,3
3809870260,3
3809870261,3
3809870262,3
3809870263,3
3809870264,3
3809870265,3
3809870266,3
259252667,3
4224123324,3
3809870269,3
3809870267,3
5201625535,3
3809870270,3
5201625537,3
28418497,3
5201625539,3
10543014340,3
5201625541,3
10543014339,3
10543014343,3
9690915267,3
3809870272,3
10543014346,3
6465896907,3
9690915275,3
6465896909,3
9690915278,3
3809870281,3
3809870283,3
5335245256,3
3809870287,3
3809870288,3
10543014362,3
10543014363,3
10543014367,3
10543014371,3
10543014372,3
10543014373,3
10543014374,3
10543014377,3
10543014379,3
10543014380,3
10543014386,3
10543014387,3
10543014388,3
10543014390,3
4830306810,3
4830306813,3
4530012690,3
4530012691,3
28418580,3
470729237,3
4530012695,3
4530012696,3
473219610,3
4530012705,3
4530012706,3
4530012707,3
1796137508,3
4530012711,3
295977520,3
4430996023,3
4430996024,3
4430996027,3
4430996028,3
4430996029,3
4430996033,3
1566270021,3
57786953,3
470729292,3
4430996044,3
1779589718,3
5238587992,3
5238587994,3
27460198,3
27460210,3
27460226,3
27460250,3
1268892338,3
3715515059,3
1268892379,3
4333847283,3
6446269173,3
251757321,3
1255490314,3
8807441166,3
3733299982,3
3733299988,3
8807441176,3
8807441177,3
8807441178,3
8807441179,3
1268900644,3
28418859,3
28418877,3
1268900678,3
4144358216,3
4144358217,3
27460439,3
4167762776,3
5473272665,3
4167762778,3
5473272666,3
5473272668,3
28418909,3
28418921,3
28418929,3
1268892533,3
1268892541,3
251757452,3
5043864464,3
251757458,3
6055863205,3
6055863211,3
25265077,3
3733791671,3
25265080,3
1566270409,3
251757533,3
1312932849,3
585180151,3
1721713677,3
7926506525,3
7926506531,3
1721713699,3
251757615,3
5473272894,3
5473272895,3
5473272896,3
5473272897,3
107585,3
5473272899,3
107588,3
107587,3
107584,3
107586,3
675734610,3
675734613,3
107606,3
6332695639,3
5046314074,3
6332695642,3
5046314077,3
675734622,3
4383581281,3
107626,3
107627,3
3808625773,3
107632,3
107634,3
3808625778,3
3808625780,3
107637,3
3808625782,3
107641,3
3808625786,3
107643,3
107644,3
10306429309,3
107646,3
3808625791,3
3808625785,3
10306429310,3
5165786242,3
3808625796,3
5165786245,3
7623861385,3
3808625804,3
3808625809,3
5473272978,3
2793874587,3
3808625831,3
4402594986,3
1556260011,3
5242815659,3
3808625837,3
3808625835,3
1728472241,3
3808625843,3
3808625844,3
1556260024,3
3808625853,3
3808625854,3
3808625855,3
25068755,3
5473273069,3
5473273070,3
5473273071,3
5473273072,3
28419328,3
4773889323,3
5473273139,3
5473273140,3
5473273141,3
5473273142,3
1782727992,3
25068862,3
2577040703,3
5473273154,3
4116809027,3
6288147785,3
6288147786,3
1402070363,3
357999964,3
1402070364,3
1402070365,3
3515286913,3
5473273227,3
3887941007,3
3887941009,3
3887941010,3
3887941012,3
3887941013,3
3664405913,3
25544110,3
10599654857,3
5473273295,3
252601811,3
3152307669,3
5473273305,3
30057965,3
5473273326,3
5473273332,3
5574051321,3
722208263,3
25069071,3
5473273363,3
5473273364,3
5473273368,3
5473273372,3
5473273373,3
5473273376,3
5473273379,3
4453606953,3
722208297,3
4453606958,3
2929116721,3
5924603442,3
9683633717,3
9683633718,3
5473273399,3
4229228089,3
5924603450,3
5565466174,3
5565466175,3
5565466177,3
10311362114,3
10311362115,3
5924603458,3
5924603460,3
5565466183,3
6018098767,3
5473273425,3
5473273429,3
7899973206,3
5473273433,3
5473273435,3
5473273441,3
10311362148,3
1550763620,3
10311362150,3
10311362153,3
10311362154,3
5473273451,3
5473273457,3
10013517434,3
3528738438,3
3528738439,3
3528738440,3
25069197,3
5473273490,3
5473273499,3
5473273500,3
7824803495,3
7824803497,3
1493722804,3
3664398006,3
3664398007,3
3664398009,3
10311362236,3
1550763708,3
25069265,3
1550763732,3
10311362270,3
10311362271,3
10311362272,3
5473273571,3
5104314096,3
4866623226,3
4866623228,3
24659709,3
4866623230,3
2378843907,3
5473273604,3
5473273605,3
5473273606,3
5473273607,3
5473273610,3
3141814027,3
5473273611,3
5473273613,3
5473273612,3
5473273615,3
5473273621,3
5473273622,3
5473273623,3
2920433449,3
696477560,3
5090420611,3
108420,3
5090420613,3
5090420614,3
5104314264,3
5104314266,3
5104314268,3
5104314269,3
5104314270,3
5104314272,3
5104314275,3
5104314276,3
843376569,3
3984132032,3
3984132036,3
3247933381,3
3984132037,3
843376588,3
9704122317,3
843376591,3
843376594,3
5931509715,3
5931509718,3
585148380,3
1731225566,3
2218362849,3
1725360097,3
843376610,3
1731225575,3
1731225580,3
5104314358,3
1731225596,3
4344245890,3
843376643,3
2278320142,3
3197339664,3
3197339666,3
3197339667,3
3197339668,3
3197339673,3
2278320154,3
3197339674,3
3197339676,3
1150003237,3
2278320167,3
1678452790,3
1678452792,3
1678452795,3
1678452796,3
1678452797,3
9690974277,3
3073173576,3
3073173585,3
1556097111,3
1556097120,3
5473273966,3
5473273967,3
5473273968,3
1990912115,3
1990912136,3
1556097166,3
2129578132,3
2129578133,3
1556097177,3
1150003354,3
2129578142,3
3334162601,3
3808626859,3
3334162604,3
3808626860,3
3808626862,3
3808626865,3
3808626868,3
3808626869,3
3808626871,3
3808626872,3
1150003385,3
806373565,3
3808626878,3
4688513218,3
3808626882,3
3808626884,3
4688513221,3
3808626886,3
3808626887,3
1150003400,3
4688513226,3
4688513227,3
5090420940,3
5090420941,3
4688513230,3
4688513231,3
3808626895,3
3808626896,3
3808626893,3
1938819283,3
1938819284,3
4688513237,3
2254629351,3
3808626902,3
4688513240,3
3808626905,3
4688513242,3
2969438426,3
4688513244,3
4688513245,3
1938819294,3
3808626904,3
3808626912,3
3808626913,3
3808626914,3
1150003423,3
1938819301,3
6969936102,3
6969936104,3
6969936106,3
3808626922,3
6969936108,3
6969936109,3
6969936110,3
3808626923,3
6574794989,3
1717643505,3
6969936114,3
6969936115,3
6969936116,3
1938819317,3
6969936117,3
3808626934,3
1938819320,3
1717643512,3
3808626929,3
3808626935,3
3808626940,3
1938819325,3
1938819326,3
3808626941,3
1938819328,3
3808626945,3
1938819330,3
3808626947,3
1938819335,3
3136301320,3
3136301321,3
1717643530,3
5904615691,3
3136301324,3
3136301325,3
5904615694,3
3136301328,3
1717643537,3
5904615699,3
1150003480,3
5904615708,3
8869464354,3
8869464357,3
8869464362,3
1312188714,3
1556097326,3
8869464371,3
1987381555,3
8043350334,3
8043350335,3
25069911,3
1150003547,3
1312188768,3
680069473,3
8814668131,3
8814668133,3
8814668135,3
8814668136,3
8814668137,3
8814668138,3
1556097387,3
680069483,3
3808627061,3
3808627066,3
5473274242,3
811035012,3
2902624645,3
25504145,3
25504146,3
1255369105,3
25504148,3
25504149,3
25504150,3
1255369111,3
3932064154,3
2059790748,3
3932064156,3
250325411,3
2935392676,3
4729448869,3
6446229925,3
1255369125,3
1255369128,3
6446229933,3
1255369135,3
1255369140,3
1255369148,3
1255369152,3
25070019,3
1255369156,3
1255369159,3
1312188886,3
8497605078,3
5564410334,3
8497605091,3
8807410149,3
2406484455,3
4085778919,3
4085778920,3
4085778922,3
8807410152,3
4085778924,3
8807410154,3
8807410158,3
4085778927,3
4085778928,3
4085778929,3
4085778930,3
4085778931,3
4085778933,3
4085778934,3
5269678593,3
1401416203,3
1365887500,3
5116226063,3
4317178392,3
9673189926,3
4402629177,3
4402629178,3
4402629180,3
4534184512,3
4534184514,3
4534184515,3
3474115151,3
5905893980,3
4169714270,3
4169714271,3
4169714272,3
585130362,3
5473274493,3
5473274494,3
5473274501,3
5473274502,3
5473274503,3
5473274506,3
5473274507,3
5473274508,3
5473274519,3
5473274525,3
5473274528,3
4922952353,3
3136301730,3
3136301731,3
5473274529,3
5473274533,3
5473274534,3
5473274532,3
5473274531,3
4922952363,3
5473274540,3
4922952365,3
4922952366,3
4922952371,3
4922952372,3
4922952373,3
4922952374,3
10306423498,3
10306423499,3
10306423508,3
24660697,3
1163954922,3
1255320311,3
2622212860,3
4317211389,3
2622212862,3
2622212865,3
2622212878,3
18393873,3
1255320339,3
2622212885,3
2622212887,3
2622212889,3
9699961628,3
7824747295,3
2622212895,3
2622212897,3
1255320354,3
7824747302,3
2622212903,3
5096270631,3
7824747306,3
1255320363,3
1255320367,3
2622212914,3
8042031930,3
2622212925,3
2622212927,3
2622212930,3
6218468163,3
6218468164,3
2622212933,3
2622212937,3
2622212939,3
2622212941,3
2622212942,3
4138224462,3
4138224463,3
8042031957,3
5473274710,3
8042031958,3
5473274717,3
6265654111,3
5473274724,3
5473274725,3
4866976614,3
109414,3
109416,3
1046334318,3
24660863,3
1733389217,3
10310609841,3
10310609842,3
1039322041,3
6446304190,3
1733389249,3
5564754892,3
10310609872,3
10310609885,3
1733389278,3
5473274866,3
25504755,3
25504756,3
5473274867,3
3632581622,3
1039322102,3
3081980920,3
3081980922,3
25504763,3
25504770,3
1733389314,3
5473274891,3
5473274896,3
5473274911,3
1733389349,3
1733389353,3
3076574254,3
3076574255,3
6967585840,3
6967585841,3
6967585842,3
6967585843,3
6967585845,3
5473274957,3
5473274959,3
1727515734,3
5473274969,3
5473274990,3
4861365369,3
4861365370,3
8500636794,3
4861365372,3
5473275004,3
10677374,3
10677375,3
10677376,3
10677377,3
9700060290,3
9700060291,3
9700060292,3
4861365383,3
4749094023,3
1271712905,3
4749094026,3
1271712911,3
1271712914,3
3061197976,3
1271712920,3
1271712922,3
6995618971,3
7553887392,3
6995618977,3
109728,3
6995618979,3
1271712931,3
1271712934,3
109737,3
7553887409,3
1271712946,3
3932064957,3
1271712957,3
109766,3
3708234955,3
3708234956,3
3708234957,3
3708234964,3
21990614,3
109788,3
21990620,3
728370399,3
21990624,3
21990625,3
21990627,3
1014803686,3
2642857191,3
7553887464,3
377490664,3
1014803691,3
2642857197,3
2642857199,3
2642857203,3
2914561272,3
1014803704,3
2914561274,3
249679102,3
697044225,3
21523714,3
1951616261,3
21523718,3
21523719,3
1951616268,3
1951616276,3
1014803736,3
24661273,3
5141228834,3
3068267824,3
3068267825,3
1951616319,3
249679168,3
1951616322,3
10544409928,3
10544409929,3
10544409930,3
25070924,3
5046447437,3
25496910,3
10544409948,3
10544409950,3
10544409954,3
4948602211,3
10544409957,3
10544409958,3
10544409959,3
10544409960,3
10544409961,3
10544409963,3
316763500,3
316763501,3
1655418222,3
1793420652,3
10544409967,3
10544409966,3
10544409964,3
1793420660,3
316763513,3
316763548,3
3375451555,3
4317187494,3
835390887,3
6266867111,3
3375451561,3
6266867113,3
24661419,3
3375451563,3
3375451565,3
3375451566,3
835390894,3
835390893,3
6266867114,3
429346236,3
429346238,3
429346241,3
429346242,3
429346243,3
429346244,3
1547013574,3
1951190474,3
4166634955,3
429346251,3
4166634957,3
429346253,3
429346254,3
4166634961,3
4166634962,3
1547013588,3
1547013592,3
1547013604,3
2466442731,3
249679343,3
3170676207,3
2466442741,3
2466442743,3
9080098298,3
9080098299,3
2334502396,3
249679365,3
9080098310,3
9080098315,3
9080098316,3
1547013655,3
25071133,3
25071136,3
25071137,3
25071139,3
1547013667,3
25071142,3
25071145,3
249679407,3
1532087855,3
249679418,3
249679420,3
1547013699,3
1547013704,3
1547013705,3
283061836,3
6218501723,3
6218501724,3
6218501725,3
6218501730,3
1547013730,3
6218501736,3
6218501737,3
6218501739,3
6218501740,3
6218501742,3
1547013743,3
6218501745,3
6218501746,3
6218501748,3
6218501751,3
1547013754,3
6218501757,3
6218501758,3
6218501759,3
1547013760,3
25161345,3
25161346,3
25161347,3
4344245892,3
4344245893,3
4344245894,3
25161348,3
25161349,3
25161350,3
25161351,3
25161352,3
25161353,3
1497452171,3
25161356,3
25161357,3
25161360,3
25161361,3
25161362,3
9030037139,3
25161363,3
25161365,3
25161367,3
25161368,3
1497452184,3
25161370,3
25161371,3
1569312412,3
25161373,3
110238,3
25161375,3
1731235480,3
1731235489,3
1731235492,3
1731235511,3
472493763,3
2387226309,3
1707790029,3
1731235534,3
1731235545,3
1707790044,3
4832472797,3
5580861151,3
5580861153,3
5580861156,3
1731235557,3
1731235558,3
713363180,3
1707790062,3
7223365368,3
7223365372,3
2538458886,3
2538458887,3
2538458888,3
1835355913,3
2538458889,3
2538458893,3
2538458894,3
2538458895,3
2538458897,3
1835355922,3
2538458898,3
2538458899,3
1731235606,3
2538458903,3
2538458904,3
1835355929,3
2538458905,3
1835355931,3
3139677982,3
3906588446,3
1835355936,3
3906588448,3
1835355940,3
3906588452,3
3906588454,3
1835355944,3
1835355946,3
1726730029,3
1726730033,3
1835355953,3
1835355955,3
1835355961,3
1726730043,3
1835355964,3
1835355965,3
1726730049,3
1835355972,3
1835355973,3
25505606,3
4949004105,3
4949004106,3
3809744415,3
3805122394,3
3805122396,3
25505629,3
1726730080,3
9135845216,3
1726730082,3
25505634,3
1835356006,3
1835356013,3
5227220846,3
4382273402,3
4382273404,3
25505662,3
9030029183,3
9024139143,3
9024139144,3
1726730120,3
1726730123,3
25505685,3
7911231384,3
283062189,3
1726730167,3
3186593720,3
3186593722,3
3629223879,3
3629223881,3
3629223884,3
3629223885,3
24661966,3
692162510,3
692162514,3
3629223890,3
7223709662,3
692162527,3
5046005730,3
5046005731,3
7223709668,3
7223709669,3
7223709667,3
5046005743,3
5046005745,3
692162559,3
3809744451,3
25497603,3
3809744453,3
3136311315,3
3136311316,3
24662037,3
5046005789,3
5046005790,3
3197333544,3
5342236721,3
5342236723,3
5342236724,3
3197333559,3
5342236728,3
3629223994,3
3629223995,3
250327100,3
5342236733,3
5342236734,3
6446256190,3
3629223996,3
5342236739,3
5342236740,3
4729385030,3
5342236743,3
5342236744,3
4729385031,3
18468951,3
18468958,3
18468961,3
6369390690,3
18468962,3
6369390692,3
6369390696,3
6369390700,3
8031801454,3
1719529597,3
2934288510,3
1719529599,3
2934288512,3
21565570,3
2961540,3
2934288518,3
2961549,3
2934288530,3
2961557,3
18395287,3
18395288,3
7817162919,3
2929119403,3
2929119405,3
4619022513,3
4619022514,3
1233350847,3
1233350848,3
1039290561,3
1039290567,3
1233350862,3
5174825175,3
5174825176,3
5009060057,3
5174825178,3
5106520280,3
5174825180,3
5174825181,3
5174825183,3
8210567392,3
1039290594,3
8210567395,3
8210567396,3
9080123621,3
8210567401,3
1233350889,3
8210567402,3
8675201264,3
1939558651,3
3894948091,3
3894948093,3
1939558655,3
25473279,3
25473281,3
3894948098,3
3894948099,3
3894948100,3
1939558661,3
690295042,3
1939558663,3
690295047,3
1939558666,3
2387194123,3
1939558667,3
2387194127,3
2387194128,3
1939558672,3
2387194131,3
2387194133,3
1939558681,3
2528522522,3
1939558684,3
1939558687,3
2387194149,3
2387194150,3
1939558697,3
2387194156,3
1939558700,3
2622222657,3
2622222658,3
2622222659,3
5223919938,3
2622222668,3
4195103055,3
4195103059,3
1782714747,3
9690878337,3
4075008388,3
2934411667,3
1312264600,3
4085600696,3
4085600698,3
5340811707,3
32838084,3
5340811717,3
5340811719,3
5340811720,3
4807512540,3
4807512541,3
2961891,3
1678283242,3
1678283247,3
28193265,3
4422013486,3
5340811825,3
1042862659,3
3272782406,3
1493676622,3
5335233113,3
5335233115,3
2218340965,3
250327660,3
5904585328,3
5049840244,3
1042862718,3
251892353,3
6458938003,3
1271804564,3
6458938007,3
6458938008,3
3850146457,3
6458938011,3
6458938017,3
18395811,3
4085387943,3
4085387945,3
6463230640,3
1418752689,3
2496836291,3
1401459399,3
1401459400,3
8785457865,3
8785457866,3
8785457867,3
1401459403,3
2496836303,3
3892081373,3
3892081377,3
3892081378,3
5146186468,3
5146186470,3
3892081382,3
3892081384,3
5146186489,3
2612458244,3
5146186503,3
5146186504,3
5146186505,3
5146186507,3
7906964248,3
7906964249,3
1014649631,3
1401926435,3
251892523,3
4866552622,3
4866552623,3
4866552625,3
4534858546,3
4534858548,3
4136137525,3
4136137527,3
6032044857,3
3682538298,3
4136137529,3
4136137530,3
6032044865,3
6032044874,3
3100169049,3
5146186589,3
5146186590,3
5146186591,3
3381130090,3
3381130092,3
367121266,3
27480956,3
27480957,3
27480958,3
2566132610,3
2566132611,3
3145798533,3
4223357836,3
4223357841,3
1311962016,3
3385332654,3
3093894066,3
673420216,3
3830043581,3
3637449663,3
27481039,3
27481040,3
27481041,3
27481044,3
25474005,3
710521820,3
25474015,3
25474019,3
7815533545,3
7815533546,3
5335245254,3
6600283121,3
5335245257,3
1311962122,3
251892754,3
24949783,3
250549282,3
5641663538,3
5641663539,3
1719661631,3
1155552319,3
1155552322,3
3141817429,3
1233327202,3
250549348,3
4089885900,3
4089885902,3
4089885905,3
4089885906,3
251892950,3
347542743,3
347542742,3
4552504560,3
4552504562,3
5334381837,3
24950050,3
24950061,3
24950064,3
24950065,3
5342229818,3
24950101,3
24950102,3
24950104,3
24950105,3
24950107,3
24950109,3
24950110,3
24950111,3
24950112,3
24950113,3
24950114,3
24950115,3
5565486434,3
24950117,3
5565486432,3
3988141441,3
3988141442,3
3550836102,3
3550836104,3
249558409,3
1678226827,3
1678226846,3
1312454055,3
1779881392,3
1689605567,3
1312454086,3
1312454087,3
1312454094,3
317380078,3
3809744380,3
3809744381,3
3809744383,3
3809744384,3
3809744385,3
3809744386,3
3809744387,3
3809744389,3
3809744390,3
3809744392,3
30078473,3
950703626,3
3809744395,3
3809744396,3
5905896973,3
3809744398,3
3809744400,3
3809744401,3
3809744403,3
3809744404,3
3809744406,3
3809744409,3
8807429659,3
8807429660,3
8807429661,3
8807429662,3
8807429663,3
3809744412,3
3215685153,3
3809744417,3
3809744419,3
2003007012,3
585201189,3
3809744414,3
3809744423,3
3809744416,3
3809744418,3
3809744421,3
3809744426,3
3809744430,3
3809744431,3
3809744432,3
3809744433,3
3809744434,3
9683686963,3
3809744436,3
3809744439,3
3809744443,3
3809744444,3
3809744446,3
3805378111,3
3805378112,3
3629217345,3
3629217346,3
3629217347,3
3629217348,3
3805378117,3
3805378116,3
3805378119,3
1828402760,3
3805378120,3
3805378122,3
250549835,3
1828402763,3
3805378123,3
3805378121,3
3805378124,3
1678227031,3
4962956931,3
1238259337,3
28800667,3
28800668,3
28800671,3
28800672,3
1951372959,3
6110164647,3
6110164649,3
9030284973,3
3809744558,3
9030284975,3
9030284977,3
3809744565,3
277337783,3
9030284983,3
1255487162,3
3809744571,3
3809744572,3
1255487171,3
1255487174,3
3809744583,3
1255487176,3
1255487177,3
3809744584,3
1255487187,3
367105757,3
6166157035,3
1990694638,3
4166219502,3
1547392771,3
670103313,3
670103314,3
4086232866,3
4086232870,3
4086232871,3
2140124982,3
2140124983,3
4866651961,3
4866651969,3
2140124996,3
5905897286,3
700774224,3
5141354330,3
5141354331,3
1547392865,3
8869435257,3
2203268985,3
104321,3
8869435266,3
8869435267,3
104322,3
8869435268,3
104323,3
5977954180,3
8869435272,3
8869435273,3
8869435281,3
252729234,3
3999987604,3
8869435286,3
8869435287,3
8869435288,3
1547392927,3
3068270504,3
25532332,3
5905807278,3
5905807279,3
3068270516,3
249558964,3
3068270518,3
249558966,3
471488469,3
471488472,3
25532377,3
249559005,3
25532384,3
25475053,3
4715263991,3
4715263992,3
4715263993,3
4715263995,3
4715263998,3
25475072,3
4841764865,3
4715264001,3
4715264002,3
672061444,3
4715264004,3
4715264006,3
4715264007,3
6014302222,3
6014302224,3
6014302225,3
25532464,3
1390303296,3
2870261844,3
1211381855,3
25532542,3
707377287,3
7911282826,3
9611081868,3
5257738381,3
5257738382,3
5257738380,3
5257738384,3
5257738383,3
5257738386,3
3528710291,3
5257738387,3
5257738388,3
5257738385,3
1312471202,3
3656358067,3
1312471234,3
672061646,3
1536948431,3
3809870273,3
3153656028,3
3153656030,3
1312471267,3
707377382,3
9683400934,3
3809870277,3
9683400938,3
6294214897,3
6294214898,3
1321466104,3
25475328,3
1563638022,3
3139705124,3
5816744255,3
473258313,3
796809545,3
3794876751,3
25475417,3
25475419,3
20625793,3
20625800,3
3014236566,3
3014236567,3
3014236569,3
3014236570,3
2528483742,3
1777727945,3
1777727947,3
1777727949,3
1777727950,3
1777727958,3
1777727960,3
1777727961,3
1777727962,3
25475550,3
25475561,3
5565487612,3
338319877,3
906172949,3
4085783099,3
3632577084,3
4085783103,3
4085783105,3
4085783106,3
4085783107,3
1668135492,3
25475661,3
25475663,3
25475664,3
1951242857,3
2197518969,3
25475712,3
25475770,3
1137777343,3
9694091976,3
9694091978,3
9694091983,3
10311178960,3
10311178961,3
9694091984,3
10311178964,3
10311178967,3
10311178970,3
10311178978,3
10311178985,3
10311178991,3
3805378113,3
1233353464,3
1233353467,3
3805378114,3
5141625621,3
5141625623,3
5141625625,3
27458331,3
5141625629,3
5141625630,3
5141625635,3
5141625637,3
8429812517,3
27458353,3
5141625653,3
5141625654,3
5141625655,3
475396924,3
475396929,3
6779394887,3
473258826,3
5141625681,3
25066333,3
5141625696,3
25066337,3
25066338,3
5141625698,3
5141625699,3
4382350190,3
28728187,3
20626301,3
1237883773,3
3930921860,3
28728205,3
28728208,3
28728210,3
1233353631,3
1233353640,3
24951721,3
1233353642,3
25066412,3
3673602988,3
288193455,3
25066419,3
4511972301,3
4511972302,3
25066457,3
2012969972,3
1719663634,3
7236131862,3
3735886877,3
25476134,3
24951853,3
1718328435,3
1718328442,3
8515091591,3
4867087524,3
25066666,3
4867087532,3
4867087535,3
25066684,3
25066687,3
25066694,3
1684511955,3
302013659,3
302013662,3
302013666,3
302013668,3
302013672,3
302013674,3
302013676,3
302013678,3
302013682,3
302013683,3
302013685,3
302013688,3
302013708,3
1787108626,3
4155841811,3
4155841810,3
4155841816,3
4155841818,3
4155841820,3
25066784,3
4155841827,3
1787108647,3
1787108648,3
1787108649,3
1787108650,3
4316822830,3
5094718794,3
5094718798,3
302013776,3
302013777,3
1271774552,3
7911267685,3
7911267686,3
2935373159,3
7911267688,3
2935373161,3
8807431534,3
8807431536,3
8807431541,3
8807431546,3
1852996996,3
1678245252,3
8807431559,3
8807431560,3
7900888467,3
2872704413,3
2872704414,3
3215687074,3
2528484782,3
2560785849,3
4511948225,3
24952268,3
2374491605,3
9135848928,3
5141216742,3
5141216745,3
5141216746,3
4316823023,3
2935373301,3
5933145606,3
3168378376,3
5141216782,3
5141216785,3
5141216787,3
5141216790,3
5141216792,3
9693920796,3
9693920797,3
9693920800,3
3471375905,3
4777885221,3
3471375913,3
3528711722,3
27459116,3
4920098350,3
27459120,3
1678155318,3
7817166393,3
25067068,3
7817166397,3
7817166407,3
6446292562,3
6446292564,3
6446292570,3
6446292571,3
6446292572,3
27459165,3
1569300062,3
3830029915,3
3704225378,3
5976850019,3
5976850023,3
5976850024,3
7610670710,3
27459198,3
4726152844,3
4530011788,3
4726152850,3
4726152852,3
4726152853,3
4726152857,3
4726152858,3
4726152859,3
4726152860,3
7610670751,3
7610670752,3
6446218920,3
7610670769,3
7610670771,3
4529839800,3
7644741343,3
7644741345,3
7644741346,3
473259748,3
7644741348,3
6218501761,3
25067264,3
25067265,3
25067266,3
1722621701,3
742399752,3
1722621711,3
3987750677,3
1722621718,3
3987750688,3
25067298,3
8064065315,3
8064065316,3
3987750692,3
9216868136,3
25067305,3
9216868137,3
8064065323,3
8064065324,3
9216868141,3
9216868143,3
9216868145,3
30056255,3
21307200,3
1561411396,3
4629462859,3
30056277,3
30056280,3
1046306670,3
30056310,3
8438226815,3
6369361794,3
25067397,3
25067398,3
25067400,3
30056330,3
1547657099,3
2402557839,3
1547657104,3
5574049698,3
5574049700,3
5574049702,3
5574049703,3
5574049707,3
5574049709,3
5174828980,3
1547657140,3
5574049717,3
5574049718,3
5574049719,3
25067461,3
25067463,3
25067473,3
25067479,3
1237876703,3
1237876710,3
25477106,3
3637436403,3
3637436404,3
585124778,4
1951242858,4
107614,4
1864047135,4
5141876996,5
5141876999,5
5198585559,5
5198585557,5
5198585558,5
107638,5
5198585560,5
5198585561,5
5198585562,5
25067324,5
21583366,6
4017328647,6
8785484298,6
350377994,6
350377999,6
8785484306,6
2343269909,6
4689775126,6
8785484312,6
8785484313,6
2293833763,6
25496100,6
25495589,6
10241310755,6
6863550501,6
25496617,6
470727722,6
1419565097,6
25496622,6
25496623,6
4689775161,6
4275398714,6
4275398716,6
1148276284,6
4275398720,6
4275398721,6
4275398723,6
5006063174,6
9949142599,6
5006063176,6
21563463,6
5006063180,6
21563479,6
269550681,6
21563481,6
4658088539,6
269550684,6
26374237,6
26374236,6
21563489,6
5736692333,6
25475182,6
5736692334,6
21563504,6
21563503,6
21563507,6
21563508,6
2294047355,6
2294047375,6
4156336278,6
25509526,6
350437528,6
7271474841,6
7271474843,6
6769325725,6
7271474850,6
7271474852,6
8785567909,6
107692,6
107693,6
4691514032,6
4691514035,6
3972566713,6
4530270906,6
3972566715,6
3972566716,6
269550783,6
269550786,6
1617596621,6
4275394254,6
4275394255,6
1617596626,6
1617596627,6
4822267094,6
21578454,6
21578456,6
21578457,6
1020211942,6
1617596646,6
1707790055,6
1707790057,6
4691460850,6
4691460851,6
1707790067,6
269550330,6
269550331,6
269550332,6
269550333,6
1707790074,6
1617596669,6
1707790076,6
25475330,6
25475331,6
25475332,6
25495822,6
1707790096,6
1617596693,6
1707790105,6
25495838,6
1617596711,6
1617596714,6
25495852,6
7223668012,6
25495854,6
269550896,6
25495857,6
269550898,6
25472324,6
4650375494,6
1617647944,6
1617647945,6
762080077,6
4650375504,6
25378129,6
4650375505,6
7223704403,6
237908,6
7223704404,6
4650375508,6
25498458,6
323262310,6
762080105,6
6828921210,6
6828921211,6
1955520890,6
762080145,6
21392273,6
2586616722,6
21392276,6
5374174119,6
33141178,6
762080190,6
8373690819,6
5880186827,6
5880186829,6
5880186830,6
5880186833,6
269589467,6
7223695325,6
7223695326,6
8785568222,6
8785568223,6
321255907,6
759123955,6
1832227873,7
343669793,7
343669796,7
343669798,7
25496624,7
5976672308,7
1832227893,7
25495617,7
25495618,7
25495639,7
25495640,7
25495646,7
25495648,7
6724775012,7
6724775018,7
1832248428,7
1832248430,7
1832227968,7
1832227972,7
338472586,7
338472589,7
25495697,7
25495698,7
6279388821,7
6279388822,7
6279388824,7
2458257563,7
1832227996,7
1364161197,7
5265953455,7
1832228016,7
5265953457,7
5265953459,7
1834657466,7
1834657469,7
1832228035,7
1832228039,7
323260106,7
1953202903,7
25495769,7
25496800,7
350437608,7
2458303223,7
1832129783,7
25496825,7
25495807,7
25495819,7
25495820,7
1832129807,7
1707790107,7
1832129821,7
8975700260,7
1832052008,7
1832129835,7
1832052016,7
25495858,7
1816038199,7
1816038214,7
1832129869,7
1832129873,7
1832129878,7
1816038230,7
1832129881,7
1832129884,7
1832129888,7
108389,7
108391,7
1832129917,7
5060391821,7
5014591889,7
5014591895,7
1832129947,7
1832129951,7
10543800252,7
350628799,7
350628804,7
8645592520,7
8645592521,7
1364172237,7
1832240590,7
1832240598,7
6354294763,7
1364168178,7
1364168180,7
321255925,7
25495542,7
5060391418,7
6354294779,7
2836220819,8
7447565847,8
25634199,8
7447565849,8
25471263,8
25499808,8
25471274,8
25632684,8
7447637305,8
25471289,8
7447637306,8
1309180608,8
390073160,8
5973397966,8
2755124947,8
2755124949,8
3586606038,8
3586606039,8
3586606040,8
5306194265,8
25632854,8
2036181339,8
3691462888,8
25471090,8
108409,8
20626290,9
2278320131,9
108838,9
108842,10
2141364732,10
2141364708,10
108845,11
5124166975,11
1777728708,12
108871,12
20626317,12
20626318,12
4866475733,12
3796774902,12
4866475736,12
5124166971,12
5124166973,12
18395806,12
108903,13
25496777,13
245200970,13
4211515569,13
663363473,13
8972511964,13
109408,14
894485202,14
470727954,14
1236791504,14
20626311,15
20626312,15
3796814729,15
20626315,15
20626316,15
7572522510,15
7572522511,15
7572522512,15
7572522513,15
7572522523,15
6509584413,15
109734,15
7572833323,15
7572522540,15
2012970414,15
1536948536,15
7572522556,15
2504847039,15
4866475729,15
4866475730,15
4866475734,15
4866475738,15
1852996954,15
1536948578,15
109411,15
109412,15
2504822135,15
1536948474,15
1536948477,15
18468953,16
9514602150,16
9514602151,16
9514602152,16
9514602153,16
5047029672,16
4922952364,16
4922952370,16
109785,16
595709482,17
109935,17
435104742,18
1723340842,18
1723340785,18
25472789,18
110141,18
4823246342,19
8869472263,19
4823246344,19
10577984012,19
250327591,19
1343823416,19
1343823418,19
110143,19
250327618,19
2923703875,19
1150003270,19
18398282,19
5992797788,19
1757440607,19
5609643623,19
1493658224,19
250550400,19
20460684,19
1150003340,19
5609643663,19
3320754320,19
5609643665,19
3320754322,19
5609643664,19
5609643670,19
3247825561,19
3247825562,19
28800670,19
3247824558,19
250550447,19
3741117629,19
1684835016,19
4807521484,19
1309067471,19
1309067472,19
21990630,19
632438506,19
1685281003,19
1685281006,19
1685281010,19
1685281011,19
1685281013,19
1493662967,19
1685281017,19
1685281020,19
1685281021,19
1685281025,19
1685281029,19
1685281031,19
250550024,19
250550023,19
1685281032,19
1685281035,19
973101839,19
1685281041,19
1685281044,19
1685281045,19
1685281046,19
1141415192,19
1685281053,19
1685281056,19
1685281058,19
1141415202,19
1685281061,19
250550053,19
1685281063,19
1685281064,19
1141415215,19
1150003503,19
4401149234,19
1686463794,19
1685281075,19
1685281076,19
1685281077,19
1685281079,19
1141415220,19
5565443390,19
1685281087,19
8869464390,19
1150003530,19
8869464398,19
1685281104,19
3741131600,19
3741131606,19
8869464407,19
7636244314,19
1685281123,19
149451620,19
149451622,19
2990721387,19
2990721390,19
2990721391,19
3739049344,19
1939632514,19
1939632519,19
5041945479,19
5041945480,19
3870640530,19
25498004,19
1685281175,19
1723315608,19
25498010,19
1686463389,19
25498015,19
1686463392,19
5938625442,19
1686463397,19
1684835241,19
7636278191,19
7636278193,19
7636278195,19
7636278196,19
7636278198,19
7636278199,19
7636278200,19
7636278201,19
8898783674,19
1686463428,19
8898783685,19
1312335310,19
5238500306,19
5238500308,19
5238500312,19
5238500313,19
5006781409,19
873809385,19
1685281260,19
1169109485,19
8869472239,19
8869472242,19
6866779798,20
6866779799,20
6866779802,20
4530012699,20
6866779804,20
4530012700,20
4530012702,20
6866779806,20
4530012703,20
6866779809,20
6866779810,20
6866779817,20
6866779818,20
2632761651,20
282708,20
4316306161,20
4316306163,20
4316306164,20
1761598585,20
25438595,21
25438732,21
25438638,21
282719,21
1832665997,22
1832666001,22
1958800795,22
8972441125,22
8972441126,22
25496748,22
25496750,22
1816038195,22
1816038215,22
5265830862,22
25496785,22
8972511962,22
8972511963,22
438170475,22
8972441579,22
21583342,22
25496815,22
10572785,22
7279239795,22
8785568224,23
8785567914,23
8972441580,23
10572786,23
1985084095,23
435104736,24
25471135,24
1309180610,24
2755124962,24
435104738,24
1309180612,24
7792756412,24
1723389067,24
435104732,24
10607132,24
7792756414,24
435104735,24
1360122880,25
6431923714,25
6431923715,25
4462680068,25
4462680066,25
4462680070,25
9201323528,25
4462680076,25
10607629,25
4462680078,25
5642519054,25
5642519055,25
5374174224,25
5642519056,25
4462680082,25
5642519060,25
6978443788,25
595709975,25
5642519066,25
4208239642,25
5642519068,25
5642519069,25
5573994014,25
14672924,25
5573994016,25
5573994020,25
1360122937,25
9203541581,25
5788363874,25
5788363878,25
5788363880,25
9203541611,25
9203541612,25
7840712839,25
1832248457,25
1832248458,25
4730978983,25
6606135977,25
6606135979,25
6606135983,25
3972566705,25
3972566714,25
25151180,25
5471345385,25
5468301555,25
529722111,25
1832129796,25
1832129800,25
1832129809,25
25496850,25
25496851,25
25496854,25
1832129815,25
25496857,25
5470932252,25
5470932256,25
338474279,25
21686572,25
1832129838,25
21686574,25
5839165751,25
5839163740,25
5573931376,25
5573931377,25
5573931380,25
5573931381,25
5573931384,25
6828921212,25
21563788,25
9804471701,25
9804471702,25
21392279,25
9846850972,25
9846850973,25
9846850974,25
1832129958,25
5374174120,25
1832129960,25
1832129962,25
7203717550,25
4512763345,25
4462683090,25
4512763347,25
5839155672,25
1360122841,25
5460658138,25
5907366887,25
1360122860,25
308837357,25
9236477422,25
1360122866,25
250326914,26
18469130,26
18469132,26
1401416208,26
8868010160,26
8868010162,26
250327159,26
20458277,27
250549587,27
4618510643,27
1312188692,27
4618510644,27
6918421504,28
6918421508,28
6918421509,28
4777897926,28
6918421511,28
3616299208,28
6918421512,28
20626282,28
1556097098,28
6918421513,28
1951372909,28
10306429333,28
1556097431,28
8675201272,28
1556097306,28
1556097245,28
1951372927,28
20626304,29
2941549929,29
2941549928,29
3519324894,29
5124166978,30
20626307,30
7572833352,31
7572833353,31
20626314,31
1832129794,32
1832129785,32
25496847,32
1832129776,32
1832129778,32
4077495826,32
21685497,32
1684437690,32
1684437692,32
1832129789,32
21693787,33
25500239,33
25477858,34
2496836262,34
4556931604,34
3661703766,34
819157975,34
819157946,34
21990622,34
1718566880,35
21990628,35
21990629,35
1718566886,35
21990631,35
21990632,35
8869464392,35
5042033643,35
8869464378,35
5565443389,35
6116290274,36
24659947,36
6948380395,36
6948380400,36
6948380401,36
24949780,36
5046314043,37
25632860,37
24951854,37
10544113920,38
10544113922,38
24952195,38
10544113923,38
3887940999,38
2528522518,38
6867581464,38
6867581465,38
2528522524,38
694824861,38
2528483741,38
2528522528,38
2528522530,38
6985465124,38
6985465127,38
6985465130,38
6985465133,38
2528522542,38
2528484781,38
2528522547,38
2528522549,38
6886012733,38
2038033986,38
1556324684,38
3385387604,38
3385387606,38
3385387607,38
3385356250,38
4117882857,38
25532273,38
1689387896,38
1689387903,38
1718390753,39
1717650794,39
25066451,39
25066453,39
25161369,39
2036185421,40
25472215,40
4675821921,41
25472545,41
3328228993,41
4675821944,41
762080069,41
4675821925,41
4675821924,41
4665353643,41
4665353644,41
4675821932,41
4675821931,41
762080111,41
1617596591,41
1617596593,41
25473048,41
25472379,41
1617532092,41
1617596606,41
10196915587,42
10196915588,42
10196915589,42
32921737,42
32921738,42
10196915593,42
4675822093,42
4675822094,42
4675822095,42
4675821968,42
4675822097,42
761831057,42
4675822099,42
4675822100,42
270110481,42
270109325,42
751837591,42
1617647896,42
270109326,42
1617647900,42
1617647901,42
270112540,42
270112539,42
270109327,42
751837736,42
25472428,42
1401849779,42
751837622,42
270109370,42
1617647931,42
1617647934,42
1419544126,42
270110143,42
270110142,42
4665352260,42
4665352261,42
4665352262,42
761830981,42
4665352264,42
2134066506,42
761830987,42
9566848716,42
761830989,42
1419544142,42
26374230,42
26374231,42
761831000,42
26374232,42
751837654,42
761831004,42
761831007,42
4781199354,42
270110053,42
270110054,42
321255911,42
321255910,42
4781199338,42
761831019,42
761831023,42
751837551,42
6483733489,42
4781199345,42
4781199346,42
4781199348,42
6483733493,42
1419603573,42
4781199350,42
4781199352,42
25472890,42
4781199355,42
761831037,42
25472800,43
149431715,43
2168949324,43
2168949325,43
1954751920,43
2940401398,43
3741131607,43
3741131608,43
4665353660,44
1617532091,44
25473004,44
4665353662,44
5711517570,45
5711517571,45
4703559689,45
25497997,45
5479654172,45
1723388957,45
5479654175,45
1723388960,45
5479654177,45
2331184930,45
2331184932,45
25498021,45
2331184935,45
25632680,45
1723388970,45
9820538027,45
25632683,45
1723388974,45
1723388976,45
1723388979,45
1723388981,45
1723388986,45
7792756539,45
1723388988,45
7792756538,45
7792756540,45
7792756543,45
5006916678,45
446765895,45
446765900,45
5479655630,45
5479655634,45
4703542485,45
4703542486,45
25499095,45
390073175,45
6525670236,45
6525670237,45
2135411294,45
2135389151,45
2135411296,45
2135411297,45
6525670242,45
5479655652,45
25475688,45
25475690,45
25475691,45
5479655662,45
1723388925,45
6374802559,45
8632535522,46
1312188614,46
306439304,46
2545230474,46
8632535532,46
306439310,46
8632535535,46
25477149,46
25477150,46
3741078112,47
25477154,47
1312319838,47
306439338,47
306439329,48
25477156,48
7279228683,49
317930380,49
25496773,49
1985084135,50
1985084137,50
25496781,50
25496783,50
25496787,50
25496788,50
9690974273,51
9690974274,51
4920098344,51
4920098349,51
25496920,51
25497986,52
6374802555,52
25498016,53
6569580040,53
3247578847,53
6374804385,54
25498018,54
3725817386,54
6374802579,54
6374802582,54
6374802583,54
7792756672,55
7792756674,55
7792756676,55
7792756680,55
7792756713,55
25498026,55
5711517569,56
5711517565,56
25499655,56
25505679,57
9988193967,57
25505607,57
6606135968,58
25509513,58
9197589233,58
9197589238,58
3272782432,59
8807410150,59
8807410151,59
1547013738,59
25532494,59
2454119184,59
1547013589,59
2454091736,59
3272782431,59
25544108,60
1493613087,60
316763584,61
25632865,61
316763586,61
25632864,61
5046627553,61
316763589,61
316763590,61
316763595,61
316763600,61
1215563891,61
5046627638,61
25632855,61
5046627642,61
25632859,61
5046627645,61
25632862,61
27480960,62
9678821156,62
1736734053,62
1238249900,62
1238249901,62
1238249904,62
7900221108,62
249560091,62
7900221087,62
1401908258,63
1401908260,63
250550183,63
28800661,63
28800662,63
250550174,63
32921724,64
761830999,64
761830991,64
32921728,65
32921729,65
32921731,65
4697525030,65
4697525032,65
1401849768,65
26374229,65
32921748,66
32921743,66
354886099,67
213668839,67
250327576,68
2642878644,68
250549699,68
250549700,68
255700677,68
213672005,68
250327619,68
250327624,68
213670986,68
8868010202,68
8868010204,68
1685276643,68
8868010217,68
213668842,68
2642612586,68
213668844,68
8868010221,68
2642612585,68
250327547,68
249467025,69
806373533,69
10676799,69
354886082,70
250549670,70
1310663631,70
3114645200,70
3114645201,70
250327037,70
1686463489,71
1686463523,71
3739049325,71
1686463503,71
1686463471,71
1686463505,71
1686463476,71
1686463510,71
390073208,71
7882485394,72
10308697502,72
469785734,72
471488499,73
1493722803,73
1493722806,73
1547013711,73
2137096880,74
4305235825,74
473257581,74
473262660,75
473262822,75
4922952361,76
1046306167,76
1046307276,77
4922952367,77
1150003141,78
5609643622,78
1150003479,78
1255487172,79
1255491496,79
1255369133,79
4511972303,79
4511972304,79
1255491504,79
1255491506,79
1255487160,79
1255487166,79
1722268388,80
3093897990,80
4749090120,80
2387232554,80
2387232559,80
1722268367,80
5565455858,80
1280491924,80
1280491926,80
1722268381,80
3741117630,80
2402557599,80
1587318992,81
1587318999,81
1817617689,82
1817617691,82
1817617692,82
1596648669,82
1596648671,82
1617532088,83
4697287185,83
4696544876,83
4663312759,83
6866592992,84
6866516262,84
2453947049,84
2453947051,84
4211515634,84
1637578547,84
1637578516,84
6866516278,84
1637578522,84
2576893629,84
1637578551,85
1637578535,85
1668135493,86
3197339661,86
3197339662,86
3170676206,86
5565475799,86
1668135486,86
1685281036,87
1685281022,87
6978459068,88
5177352922,88
1707790099,88
5177352932,88
1810130458,89
4077495964,89
4077495858,89
1832228100,90
1832228080,90
1832228112,90
1832228144,90
1832228083,90
1832228115,90
1832228120,90
1832228159,90
6855696495,91
1882379248,91
10090013713,91
10090013714,91
2306288080,91
6855696496,91
6855696497,91
6855696502,91
6855696503,91
6855696504,91
6855696506,91
4823243100,91
3247578846,91
1968744210,92
3992885062,92
4697288399,92
1990694620,93
1990694647,93
2502545024,94
9619940387,94
1990912102,94
1990912134,94
4117896490,94
2502545041,94
9683400946,94
9683400950,94
9678366518,94
9678523000,94
8031800090,94
5574051323,94
8031800092,94
8031800094,94
2341656968,95
4697287177,95
4697287178,95
3265436691,95
4697287188,95
4696545402,95
4696568110,95
8620105277,95
8620105279,95
4697288390,95
4085747017,95
367102039,95
4166662874,95
4166662878,95
3265436260,95
4174200048,95
4696544885,95
4696545399,95
4175081593,95
4175081594,95
4696545403,95
3911044734,95
3247589712,96
6569580044,96
6569580045,96
2531863975,96
2531863977,97
2531863978,97
3739049346,98
2990732269,98
6116290280,99
5473274252,99
5473274253,99
5473274254,99
5473274256,99
5473274257,99
5473274259,99
5473274260,99
3139655930,99
3139655933,99
5473273470,99
3158794148,100
5473272900,100
5473272902,100
3158794151,100
5473272904,100
5473273067,100
5473273068,100
4534858543,100
5473272882,100
5473272983,100
5473272984,100
5473272667,100
5473272700,100
3578315456,101
3586606037,101
4554237017,102
5009054889,102
5009054892,102
6374802572,103
5006965588,103
5006965589,103
5095547184,104
5095547180,104
5095547181,104
5095547182,104
5468301601,105
10607626,105
5468301602,105
5473273795,106
5473273796,106
5473273798,106
5473273803,106
5473273805,106
5473273616,106
5473273791,106
5473273788,107
5473273789,107
5473273790,107
5733997920,108
5733997919,108
5927671120,109
5927671121,109
5947858320,110
5947858321,110
6606148802,111
6606148797,111
6606148798,111
8357847937,112
8357847938,112
8357847939,112
8357847927,112
8357847928,112
8357847929,112
8357847930,112
8357847931,112
8357847932,112
8357847933,112
8357847934,112
8515091587,113
8515091588,113
8515091590,113
9524817681,114
9524817682,114
