node_id,cluster_id
1596648673,0
1832129762,0
4076126468,0
7946372941,0
5516594509,0
1401849810,0
25509527,0
25509533,0
104318,0
2398924896,1
6369329155,1
20965798,1
20965799,1
20965800,1
25500427,1
8868824844,1
2398924877,1
7946378606,1
7946378610,1
6369329170,1
2398924886,1
4076095262,1
104319,1
104320,2
1215563904,2
373364228,2
1649365894,2
3229825163,2
3229825166,2
6369329166,2
8868824851,2
8868824852,2
3229825173,2
5475684758,2
8868824855,2
8868824856,2
8868824857,2
5475684763,2
20965794,2
20965797,2
107687,2
18397096,2
20965803,2
1163955130,2
10263444809,2
441958994,2
21693795,2
5475684848,2
1649365878,2
1215563895,2
1771426174,2
104321,3
25161346,3
25161345,3
104322,3
25161349,3
8869435268,3
5043864464,3
8869435281,3
8869435286,3
25161367,3
25161368,3
8869435287,3
8869435288,3
316763548,3
5046005789,3
5046005790,3
28800672,3
8869464354,3
8869464357,3
24951853,3
4922952366,3
4922952365,3
7553887409,3
4922952371,3
4922952372,3
4922952373,3
4922952374,3
24658003,3
1684511955,3
24658007,3
24658010,3
25066333,3
10677375,3
25066337,3
5046005730,3
5046005731,3
24950117,3
7553887464,3
316763500,3
316763501,3
1046306670,3
1046334318,3
317380078,3
5046005745,3
5046005743,3
1718328435,3
316763513,3
1718328442,3
2334502396,3
8438226815,3
25475712,4
4715264001,4
4715264002,4
104323,4
4715264004,4
4715264006,4
4715264007,4
722208263,4
7623861385,4
6014302222,4
6014302224,4
6014302225,4
3987750677,4
8064065315,4
8064065316,4
8429812517,4
6110164647,4
9216868136,4
9216868137,4
722208297,4
9216868141,4
1532087855,4
295977520,4
9216868143,4
9216868145,4
5924603442,4
4136137529,4
5924603450,4
4136137530,4
1233350847,4
4534184512,4
1233350848,4
9690915267,4
9690915275,4
9690915278,4
25475663,4
25475664,4
2374491605,4
27460439,4
4167762776,4
2969438426,4
4167762778,4
6265654111,4
7644741343,4
7644741345,4
7644741346,4
7644741348,4
377490664,4
5904585328,4
1312932849,4
4715263991,4
4715263992,4
4715263993,4
10013517434,4
4715263995,4
1237883773,4
4715263998,4
843376643,5
5116226063,5
251892754,5
3215685153,5
5641663538,5
5342236723,5
5342236724,5
5641663539,5
4430996023,5
4430996024,5
5342236728,5
4430996027,5
4430996028,5
4430996029,5
5342236733,5
5342236734,5
107584,5
107585,5
4430996033,5
5342236743,5
5342236744,5
4430996044,5
5335233113,5
5335233115,5
6218501724,5
6218501725,5
6218501723,5
32825440,5
32825442,5
6218501730,5
6218501736,5
6218501737,5
6218501739,5
6218501740,5
6218501742,5
6218501745,5
6218501746,5
6218501748,5
6218501751,5
6218501757,5
2934288510,5
6218501759,5
2934288512,5
6218501761,5
27460226,5
5165786242,5
251892353,5
5165786245,5
2934288518,5
6218501758,5
4726152844,5
27459729,5
2934288530,5
4726152859,5
4726152860,5
6995618977,5
1493722804,5
3932064957,5
3708234955,5
3708234956,5
3708234957,5
4089885906,5
251892950,5
5009060057,5
4688513242,5
4688513244,5
4688513245,5
5580861151,5
5580861153,5
1312471267,5
4552504560,5
4552504562,5
21523714,5
21523718,5
21523719,5
742399752,5
4155841810,5
4155841811,5
4155841816,5
4155841818,5
4155841820,5
1014649631,5
3906588448,5
4155841827,5
3906588452,5
3906588454,5
28418859,5
251892523,5
5342229818,5
28418877,5
27459905,5
6288147785,5
6288147786,5
4629462859,5
4138224462,5
4195103055,5
4138224463,5
2203268985,5
27459970,5
27459971,5
3930921860,5
3145798533,5
4223357841,5
252729234,5
3932064154,5
3932064156,5
2872704413,5
2872704414,5
10596794785,5
843376569,5
429346242,5
429346243,5
429346244,5
32838084,5
3247933381,5
10599654857,5
6465896907,5
843376588,5
429346253,5
6465896909,5
843376591,5
252601811,5
471488469,5
843376610,5
1678283242,5
1678283247,5
3632581622,5
8515091591,6
4726152850,6
1787108626,6
4726152852,6
4726152853,6
4726152857,6
4726152858,6
250549282,6
250325411,6
2003007012,6
4453606953,6
2920433449,6
3334162601,6
3334162604,6
3375451566,6
4453606958,6
2929116721,6
4224123324,6
250327100,6
8043350334,6
8043350335,6
107586,6
1779589718,6
1312188768,6
21990624,6
21990625,6
250549348,6
2934268024,6
1733389314,7
30078473,7
1401416203,7
1365887500,7
5473274891,7
25069071,7
5473274896,7
3136311315,7
3136311316,7
24949783,7
8807429659,7
25071133,7
5473274911,7
25071136,7
25071137,7
25071139,7
1733389349,7
25071142,7
25071145,7
1733389353,7
2218344503,7
2218344510,7
5473272894,7
5473272896,7
5473272897,7
5473272895,7
107587,7
107588,7
5473272899,7
5473274957,7
3141817429,7
5473274969,7
1211381855,7
2218340965,7
5473273451,7
5473274990,7
5473273966,7
5473273968,7
3136301320,7
5473273457,7
5473273967,7
4861365369,7
4861365370,7
5473275004,7
4861365372,7
5473274494,7
5473274493,7
10677377,7
5473274501,7
5473274502,7
5473274503,7
3136301324,7
4861365383,7
5473274506,7
1497452171,7
5473274508,7
25069197,7
5473274507,7
3136301325,7
5473273490,7
5473272978,7
2961557,7
5473274519,7
1497452184,7
3136301328,7
2793874587,7
5473273499,7
5473274525,7
5473273500,7
5473274528,7
5473274529,7
3136301730,7
5473274531,7
5473274532,7
5473274533,7
5473274534,7
3136301731,7
5473274540,7
3715515059,7
4688513218,7
4688513221,7
2387226309,7
4688513226,7
4688513227,7
4688513230,7
4688513231,7
25069265,7
25068755,7
4688513237,7
4688513240,7
5473273571,7
2642857191,7
5334381837,7
2642857197,7
5473273069,7
2642857199,7
5473273072,7
5473273071,7
5473273070,7
7223365368,7
1939558651,7
7223365372,7
24659709,7
2622212860,7
2622212862,7
1939558655,7
2622212865,7
5473273604,7
5473273605,7
5473273606,7
2538458887,7
2538458888,7
2538458889,7
5473273607,7
5473273611,7
5473273612,7
2538458893,7
5473273613,7
5473273610,7
3136301321,7
2538458897,7
2538458898,7
2538458899,7
1939558667,7
5473273615,7
1939558672,7
2538458903,7
2538458904,7
5473273621,7
2528522522,7
5473273623,7
1939558681,7
1939558684,7
5473273622,7
1939558687,7
2538458905,7
2622212895,7
2622212897,7
3139677982,7
3139705124,7
2622212903,7
1939558697,7
1939558700,7
24950061,7
4534858546,7
2622212914,7
4534858548,7
2622212925,7
25068862,7
2622212927,7
2622222657,7
2622222658,7
2622222659,7
2622212930,7
2622212933,7
2622212937,7
5094718794,7
2622212939,7
25070924,7
2622222668,7
2622212941,7
5094718798,7
2622212942,7
30056277,7
5473274710,7
25069911,7
24950104,7
24950102,7
24950101,7
24950107,7
357999964,7
24950105,7
24950110,7
24950111,7
24950112,7
5473274717,7
5473274724,7
5473274725,7
4866976614,7
109416,7
3381130090,7
3381130092,7
25248112,7
25248113,7
25248114,7
25248115,7
3141814027,7
25248117,7
25248118,7
25248119,7
25248120,7
25248122,7
25248123,7
25248124,7
25248125,7
25248126,7
25248127,7
25248128,7
25248129,7
25248130,7
5473274242,7
1678245252,7
8807431559,7
8807431560,7
2538458886,7
1312264600,7
2622212878,7
1733389217,7
1939558661,7
3375451555,7
24951721,7
3375451563,7
24661419,7
3375451565,7
1939558663,7
1939558666,7
2538458894,7
1733389249,7
2622212885,7
25070019,7
2538458895,7
2622212887,7
1312188886,7
2622212889,7
25066457,7
1733389278,7
2218362849,7
5473274866,7
5473274867,7
5816744255,8
28418921,8
4136137525,8
107606,8
4136137527,8
25475770,8
1689605567,8
585124778,9
1951242858,9
107614,9
1864047135,9
5473273363,10
5473273364,10
24662037,10
5473273368,10
5473273372,10
5473273373,10
5473273376,10
5473273379,10
3076574254,10
3076574255,10
25532464,10
5473273399,10
3272782406,10
6018098767,10
5473273425,10
5473273429,10
1678227031,10
5238587992,10
5473273433,10
5238587994,10
5473273435,10
5473273441,10
107626,10
107627,10
107634,10
5049840244,10
25067636,10
2961549,10
25161361,10
25161362,10
25161363,10
3061197976,10
4867087524,10
4867087532,10
4867087535,10
6463230640,10
1418752689,10
1401459399,10
1401459400,10
1401459403,10
24660697,10
3153656028,10
3153656030,10
2378843907,10
1951616261,10
1951616268,10
1951616276,10
6463234329,10
24950050,10
24950064,10
24950065,10
5473273139,10
5473273140,10
5473273141,10
5473273142,10
1951616319,10
2577040703,10
5223919938,10
5473273154,10
5473272665,10
5473272666,10
5141354330,10
5141354331,10
5473272668,10
24950113,10
24950114,10
24950115,10
8807431534,10
5227220846,10
8807431536,10
8807431541,10
3272712566,10
1782714747,10
1678226827,10
5473273227,10
5065949596,10
1678226846,10
5065949598,10
1312454055,10
25532332,10
25544110,10
259252667,10
5340811707,10
5340811717,10
1312454087,10
5340811719,10
5340811720,10
1312454094,10
5473273295,10
25532377,10
5473273305,10
25532384,10
8807410152,10
8807410154,10
8807410158,10
5473273326,10
5473273332,10
107632,11
6458938017,11
5141216782,12
5141216785,12
1719663634,12
5141216787,12
5141216790,12
5141216792,12
473219610,12
4085783103,12
1719661631,12
4085783105,12
4085783106,12
4085783107,12
1727515734,12
6446292570,12
6446292571,12
6446292572,12
5905893980,12
107637,12
1719529597,12
1719529599,12
25161360,12
25067670,12
6458938007,12
6458938008,12
6458938011,12
1569312412,12
1951372959,12
25161375,12
7824803495,12
10542989479,12
7824803497,12
109737,12
10542989484,12
25067727,12
25067728,12
5104314096,12
1722621701,12
1722621711,12
5141625621,12
1722621718,12
5141625623,12
7906964248,12
7906964249,12
5141625625,12
5141625629,12
5141625630,12
5141228834,12
5141625635,12
5141625637,12
5096270631,12
5141625653,12
5141625654,12
5141625655,12
6032044857,12
1951616322,12
473258313,12
6032044874,12
473258826,12
5141625681,12
3100169049,12
25067871,12
5141625696,12
5141625698,12
5141625699,12
7911267685,12
7911267686,12
7911267688,12
25067883,12
25067400,12
25067914,12
5104314264,12
25067929,12
5104314266,12
7911231384,12
5104314268,12
5104314269,12
5104314270,12
5104314272,12
25067936,12
5104314275,12
5104314276,12
3637449663,12
10543014339,12
10543014340,12
25067461,12
25067463,12
10543014343,12
10543014346,12
4166634957,12
25067473,12
25067479,12
10543014362,12
10543014363,12
10543014367,12
10543014371,12
10543014372,12
10543014373,12
5141216742,12
10543014374,12
5141216745,12
5141216746,12
10543014377,12
10543014380,12
10543014379,12
4085778929,12
10543014386,12
4085778931,12
10543014388,12
10543014387,12
5104314358,12
10543014390,12
5141876996,13
5141876999,13
5198585559,13
5198585557,13
5198585558,13
107638,13
5198585560,13
5198585561,13
5198585562,13
25067324,13
25504770,14
1311962122,14
470729237,14
7926506525,14
8807429662,14
8807429663,14
8807429661,14
6509584414,14
7926506531,14
1678155318,14
1678452790,14
1678452792,14
1678452795,14
1678452796,14
1678452797,14
10311362114,14
10311362115,14
1828402760,14
1828402763,14
470729292,14
3474115151,14
18468951,14
18468958,14
18468961,14
18468962,14
6369390690,14
6369390692,14
10311362148,14
10311362150,14
5976850023,14
6369390696,14
10311362153,14
10311362154,14
3704225378,14
6369390700,14
5976850024,14
7610670710,14
107641,14
107643,14
107644,14
107646,14
21565570,14
4962956931,14
25161350,14
25161351,14
25161352,14
25161353,14
9611081868,14
25161365,14
7610670751,14
7610670752,14
4922952353,14
18395811,14
25066666,14
4922952363,14
7610670769,14
1268892338,14
3656358067,14
7610670771,14
3664398006,14
3664398007,14
3664398009,14
10311362236,14
25066684,14
25066687,14
25066694,14
8785457865,14
8785457866,14
8785457867,14
1707790029,14
10311178960,14
10311178961,14
1938819283,14
10311178964,14
1938819284,14
10311178967,14
10311178970,14
1268892379,14
1707790044,14
367105757,14
1938819294,14
10311362270,14
10311362271,14
10311362272,14
10311178978,14
1938819301,14
10311178985,14
1163954922,14
1707790062,14
10311178991,14
1938819317,14
1938819320,14
4866623226,14
4866623228,14
1938819325,14
4866623230,14
1938819326,14
1938819328,14
1938819330,14
25067266,14
1938819335,14
1835355913,14
2387194123,14
8807441166,14
2387194127,14
2387194128,14
1835355922,14
2387194131,14
2387194133,14
8807441176,14
8807441177,14
8807441178,14
1835355931,14
8807441179,14
1835355929,14
25066784,14
1835355936,14
1401926435,14
1268900644,14
2387194149,14
2387194150,14
1835355940,14
1835355944,14
1835355946,14
2387194156,14
1726730029,14
4866552622,14
4866552623,14
1726730033,14
1835355953,14
4866552625,14
1835355955,14
1835355961,14
4866651961,14
1726730043,14
1835355964,14
1835355965,14
1726730049,14
4866651969,14
1835355972,14
1835355973,14
1268900678,14
5046447437,14
25505629,14
1726730080,14
1726730082,14
1835356006,14
1793420652,14
1835356013,14
1655418222,14
1793420660,14
1268892533,14
1268892541,14
25505662,14
1852996996,14
9024139143,14
9024139144,14
1726730120,14
1726730123,14
25504145,14
25504146,14
25504148,14
25504149,14
25504150,14
3664405913,14
1311962016,14
6055863205,14
4729448869,14
6055863211,14
10310609841,14
10310609842,14
1726730167,14
1777727945,14
1777727947,14
1777727949,14
1777727950,14
10310609872,14
1777727958,14
1777727960,14
1777727961,14
1777727962,14
10310609885,14
7223709662,14
1725360097,14
5976850019,14
7223709668,14
7223709669,14
7223709667,14
4085778922,14
2466442731,14
4085778924,14
4085778928,14
25504755,14
25504756,14
2466442741,14
2012969972,14
2466442743,14
4085778934,14
4830306810,14
25504763,14
4830306813,14
956233216,15
8785484288,15
4627445252,15
4627445253,15
4627445254,15
490947077,15
4627445257,15
4627445260,15
4627445261,15
1726730272,15
1726730281,15
473265708,15
1678452780,15
1678452788,15
1678452789,15
490947124,15
1726730295,15
1726730292,15
10539712057,15
10539712058,15
10539589691,15
10539589692,15
1678452793,15
1726730303,15
10539589696,15
1726730307,15
10539589701,15
1828402758,15
10539589704,15
7179983946,15
7179983947,15
10539856459,15
10539589706,15
10539589707,15
3696548432,15
3696548437,15
3696548438,15
1828402774,15
3696548440,15
1726730329,15
1726730326,15
4379801694,15
3267461729,15
473265762,15
25503841,15
25577057,15
25503845,15
25503848,15
4379801706,15
25503851,15
25503856,15
1726730354,15
25503860,15
25503862,15
25503865,15
25503867,15
7827997819,15
25503869,15
10539068544,15
25503873,15
5342251136,15
25503876,15
25503880,15
419350669,15
25503885,15
5342251151,15
107667,15
7607080091,15
7607080092,15
5009054881,15
107684,15
107685,15
107686,15
7613626042,15
7613626044,15
7613626045,15
7613626046,15
7613626047,15
25471681,15
473265346,15
419350723,15
7613626050,15
7613626059,15
7613626060,15
8785457870,15
8785457871,15
10539648210,15
7613626066,15
2620105428,15
7613626070,15
1938819302,15
4175059691,15
4329502449,15
25471732,15
25471740,15
4089236236,15
10309458701,15
1536948492,15
4379801357,15
2005131543,15
10309472541,15
10309472542,15
10309472543,15
10309472544,15
4085767970,15
10309472547,15
10309472548,15
4085767974,15
4643337000,15
473264937,15
10309472553,15
7610670890,15
7610670892,15
4085767979,15
4085767983,15
4627491632,15
1163954995,15
4643337012,15
4085767989,15
4627491645,15
25470782,15
7610670912,15
7610670913,15
4627491650,15
7610670919,15
7610670920,15
1268903266,15
4530339698,15
4530339699,15
25500535,15
5207476608,15
5207476609,15
25504128,15
473264514,15
5207476611,15
5207476613,15
25504134,15
25504129,15
5207476616,15
6509684096,15
5114681227,15
5114681230,15
25504143,15
25504144,15
10572178,15
10572179,15
10572180,15
748885408,15
4240028578,15
4240028580,15
2665239978,15
1726730162,15
1726730165,15
4643337143,15
10310609849,15
4643337146,15
10310609852,15
747893184,15
10541894095,15
25470928,15
10541894097,15
4166634960,15
10310609879,15
10310609881,15
10310609887,15
4627445215,15
10310609894,15
25504753,15
4627445239,15
4627445240,15
4627445241,15
956233215,15
8620105223,16
1678452753,16
268124704,16
3267461666,16
8620105262,16
1777740337,16
5177397822,16
5177397823,16
5177397825,16
5177397826,16
5177397828,16
4150883407,16
4150883409,16
4696544883,16
8755805305,16
4696545406,16
473267328,16
10539068550,16
107668,16
1239549084,16
1905779367,16
1905779369,16
5177397419,16
5009054894,16
5009054898,16
419632307,16
10539068598,16
3972566710,16
368044217,16
490946748,16
1214922433,16
1707790023,16
4197401800,16
4197401802,16
10309140683,16
10309140686,16
4197401811,16
4197401813,16
2360681703,16
4034060007,16
2360681709,16
2360681711,16
4034060015,16
4034060017,16
4034060018,16
2265065203,16
2360681716,16
2360681713,16
2265065207,16
490946813,16
10309153022,16
10309153023,16
10309153025,16
1649365762,16
10309153027,16
1649365764,16
473268999,16
1649365780,16
6137798425,16
1649365789,16
1649365797,16
1649365800,16
1649365810,16
1649365816,16
1649365820,16
2140432704,16
1777742666,16
237911,16
473266524,16
8755808618,16
473269102,16
1955520879,16
8755808627,16
4158223748,16
3763565959,16
3763565961,16
3763565962,16
1668112790,16
1813794712,16
1813794713,16
1668112792,16
864817628,16
107681,17
1401870340,17
1726730375,17
269549104,17
269549105,17
1163955128,17
25475330,18
25475331,18
25475332,18
8785484298,18
2294047375,18
762080145,18
8785484306,18
1617596693,18
4689775126,18
8785484312,18
8785484313,18
7271474841,18
7271474843,18
6769325725,18
7271474850,18
7271474852,18
1617596711,18
1617596714,18
107692,18
107693,18
25496622,18
25496623,18
269550898,18
4530270906,18
762080190,18
269550783,18
269550786,18
8373690819,18
25472324,18
5006063174,18
21563463,18
1617647944,18
1617647945,18
762080077,18
1617596621,18
1617596626,18
1617596627,18
269550681,18
269589467,18
26374236,18
26374237,18
7223695325,18
7223695326,18
321255907,18
323262310,18
1020211942,18
1617596646,18
762080105,18
5736692333,18
25475182,18
5736692334,18
21563504,18
21563503,18
21563507,18
21563508,18
269550330,18
2294047355,18
1617596669,18
1832227968,19
1832227972,19
338472586,19
338472589,19
1832129807,19
6279388821,19
6279388822,19
6279388824,19
2458257563,19
1832129947,19
1832129821,19
1832227996,19
1832129951,19
1832227873,19
343669793,19
8975700260,19
343669796,19
343669798,19
1832129835,19
1364161197,19
5265953455,19
1832228016,19
5265953457,19
5265953459,19
1832228035,19
1832228039,19
1364172237,19
1832129869,19
1832240590,19
1832129873,19
1832129878,19
1832240598,19
1832129881,19
1832129884,19
1832129888,19
6724775012,19
108389,19
6724775018,19
1832248428,19
1832248430,19
1364168178,19
1364168180,19
2458303223,19
1832129917,19
25495807,19
25496624,20
25495697,20
25495698,20
108391,20
25497619,21
5095890460,21
5503142966,21
5503142969,21
5503142970,21
9820537917,21
9820537921,21
1736685635,21
9820537932,21
9820537933,21
1326821457,21
4297243218,21
1816777816,21
25475674,21
9576827482,21
1816777820,21
775984737,21
775984738,21
9820537955,21
9820537954,21
9820537957,21
4729480806,21
4729480807,21
25475692,21
25475693,21
25475694,21
1736685679,21
1816705135,21
4571244660,21
4571244663,21
9820537981,21
9820537982,21
1816705152,21
9820537992,21
9820537993,21
1599652492,21
1816705168,21
1816777873,21
9820538002,21
1816777874,21
9820538004,21
1599652497,21
9820538006,21
1816705175,21
1816705177,21
4297243292,21
4298971293,21
1816705180,21
4297243295,21
1816705183,21
4297243298,21
9820538020,21
9820538021,21
9820538022,21
4297243301,21
4158004390,21
1816705193,21
4297243306,21
4571238068,21
4571238069,21
1938953406,21
5353127105,21
3257317059,21
1938953413,21
748797126,21
1816705227,21
6828863694,21
1816609486,21
6828863697,21
1816705235,21
1938953431,21
748797145,21
1816705242,21
1816609498,21
1938953437,21
1816705246,21
1816705250,21
748797155,21
21990638,21
4158122222,21
9805100783,21
4158122223,21
4298970364,21
25497340,21
4298970368,21
4298970372,21
4298970376,21
4298970380,21
4298970384,21
4298970388,21
1664571164,21
3107212073,21
355416887,21
355416892,21
355416911,21
4297242961,21
1601797458,21
355416920,21
355416921,21
1664571227,21
109403,21
1664571229,21
1664571236,21
4297054053,21
4297242983,21
108393,21
108406,21
1145174402,21
1145174413,21
1145174417,21
1261120402,21
1145174418,21
9693963681,21
1145174435,21
1145174437,21
9693963688,21
710657963,21
1261120430,21
7947041713,21
4142725554,21
1813618616,21
3830441937,21
25499093,21
435104726,21
435104727,21
435104728,21
435104729,21
1145174501,21
1145174508,21
1913216493,21
422573549,21
25497595,21
25499808,22
390073160,22
5306194265,22
25632684,22
5973397966,22
3586606039,22
3586606038,22
25634199,22
3586606040,22
108409,22
3809744384,23
3809744385,23
3809744386,23
3809744387,23
3809744389,23
3809744390,23
338319877,23
3809744392,23
1731235511,23
3809744395,23
3809744396,23
3809744398,23
3809744400,23
3809744401,23
3809744403,23
3809744404,23
906172949,23
3809744406,23
4317178392,23
3809744409,23
3809744412,23
3735886877,23
3809744414,23
3809744415,23
3809744416,23
3809744417,23
3809744418,23
3471375905,23
3809744419,23
3809744421,23
1150003237,23
3809744423,23
3471375913,23
3809744426,23
3809744430,23
3809744431,23
3809744432,23
3809744433,23
3809744434,23
3809744436,23
3809744439,23
3809744443,23
3809744444,23
3629223996,23
3809744446,23
5565466174,23
5565466175,23
5565466177,23
1390303296,23
3809744451,23
3805378116,23
3809744453,23
3805378117,23
5565466183,23
3805378119,23
3805378121,23
3805378122,23
3805378123,23
3805378124,23
3805378120,23
1493676622,23
57786953,23
1327865952,23
4383581281,23
1327865953,23
1327865956,23
1327865957,23
25477224,23
7151566952,23
250327660,23
3808625773,23
25477228,23
3808625778,23
3808625780,23
3808625782,23
3808625785,23
3808625786,23
3808625791,23
3808625796,23
4749094023,23
1271712905,23
4749094026,23
3808625804,23
1271712911,23
3808625809,23
1271712914,23
2129578132,23
2129578133,23
1271804564,23
1271712920,23
1150003354,23
1271712922,23
2129578142,23
1271712931,23
1271712934,23
3808625831,23
3808626859,23
3808626860,23
9030284973,23
3809744558,23
9030284975,23
3808626862,23
9030284977,23
3808626865,23
3808625843,23
3808626868,23
3809744565,23
3808626869,23
9030284983,23
3808626872,23
1150003385,23
1255487162,23
3809744571,23
3809744572,23
806373565,23
1271712957,23
3808625855,23
3808625853,23
3808626878,23
3808626882,23
2496836291,23
3808626884,23
1039290561,23
3808626886,23
1255487174,23
1255487176,23
3809744583,23
1255487171,23
3809744584,23
1255487177,23
3808626893,23
3808626887,23
2496836303,23
3808626895,23
3808626896,23
1731235534,23
1255487187,23
21990614,23
3808626902,23
3808626904,23
3808626905,23
25477335,23
25477339,23
1731235545,23
728370399,23
8210567392,23
3808626913,23
3808626914,23
8210567395,23
8210567396,23
3808626912,23
1039290594,23
1731235557,23
1731235558,23
8210567401,23
8210567402,23
3808626923,23
3808626922,23
6574794989,23
3805378111,23
3808626929,23
3805378112,23
4333847283,23
3808626934,23
3808626935,23
3629217345,23
1255320311,23
3805378113,23
3808626940,23
3808626941,23
4317211389,23
3805378114,23
3629217346,23
3808626945,23
3629217347,23
3808626947,23
3629217348,23
251757321,23
1255490314,23
3733299982,23
1255320339,23
3733299988,23
5925626143,23
4086232866,23
1255320354,23
4086232870,23
4086232871,23
1255320363,23
4316822830,23
1255320367,23
8042031957,23
8042031958,23
1271774552,23
3805122394,23
3805122396,23
2935373159,23
2935373161,23
4382350190,23
3808627061,23
4382273402,23
3808627066,23
4382273404,23
3808625835,23
3515286913,23
3988141441,23
3988141442,23
108420,23
4075008388,23
3808625837,23
249558409,23
25477301,23
1255369105,23
1255369111,23
1255369125,23
4317187494,23
1255369128,23
3808625844,23
3673602988,23
1255369135,23
3093894066,23
3809870259,23
1255369140,23
3809870261,23
3809870262,23
3809870260,23
3809870264,23
3809870265,23
3809870266,23
3809870267,23
1255369148,23
3809870269,23
3809870270,23
2560785849,23
3809870272,23
3809870273,23
4511948225,23
1255369152,23
1255369156,23
3809870277,23
3629223879,23
1255369159,23
3809870281,23
3629223881,23
3809870283,23
3629223884,23
3629223885,23
4511972302,23
3809870287,23
3809870288,23
4511972301,23
3629223890,23
3152307669,23
3808626871,23
3808625854,23
1271712946,23
2254629351,23
4316823023,23
3637436403,23
3637436404,23
3809744380,23
3809744381,23
3809744383,23
20626290,24
2278320131,24
108838,24
108845,25
5124166975,25
1777728708,26
108871,26
20626317,26
20626318,26
4866475733,26
3796774902,26
4866475736,26
5124166971,26
5124166973,26
18395806,26
108903,27
25496777,27
245200970,27
4211515569,27
663363473,27
8972511964,27
109408,28
894485202,28
470727954,28
1236791504,28
20626311,29
20626312,29
3796814729,29
20626315,29
20626316,29
7572522510,29
7572522511,29
7572522512,29
7572522513,29
7572522523,29
6509584413,29
109734,29
7572522540,29
2012970414,29
1536948536,29
7572522556,29
2504847039,29
4866475729,29
4866475730,29
4866475734,29
4866475738,29
1852996954,29
1536948578,29
109411,29
109412,29
2504822135,29
1536948474,29
1536948477,29
109414,30
9030029183,30
109728,31
25476134,31
5564754892,31
5931509715,31
5931509718,31
30056310,31
5564410334,31
302013676,32
109766,32
302013678,32
373402354,33
109780,33
18468953,34
9514602150,34
9514602151,34
9514602152,34
9514602153,34
5047029672,34
4922952364,34
4922952370,34
109785,34
6166157035,35
24952268,35
3887941009,35
3887941010,35
6446269173,35
1556260024,35
109788,35
6446256190,35
1723340785,36
1723340842,36
110141,36
435104742,36
1685281025,37
1685281029,37
4823246342,37
1685281031,37
4823246344,37
1685281032,37
1685281035,37
1150003340,37
5609643663,37
5609643664,37
1685281041,37
5609643665,37
25498004,37
1685281045,37
1685281046,37
1685281175,37
1141415192,37
5609643670,37
25498010,37
1685281053,37
1686463389,37
1685281056,37
1686463392,37
1685281058,37
1141415202,37
1685281061,37
1686463397,37
1685281063,37
1685281064,37
1684835241,37
1141415215,37
1150003503,37
1686463794,37
1685281075,37
1685281076,37
1685281077,37
1141415220,37
1685281079,37
110143,37
1685281087,37
1686463428,37
1150003270,37
1684835016,37
1150003530,37
1309067472,37
1685281104,37
1757440607,37
1685281123,37
5609643623,37
1685281003,37
1685281260,37
1685281006,37
1493658224,37
1685281010,37
1685281011,37
1685281013,37
1685281017,37
1685281020,37
1685281021,37
1233327202,38
1787108647,38
1787108648,38
1787108649,38
1787108650,38
110238,38
1707790096,39
21392273,39
2293833763,39
5374174119,39
470727722,39
3972566713,39
3972566716,39
9949142599,39
5880186827,39
5880186829,39
5880186830,39
5880186833,39
237908,39
4822267094,39
21563479,39
21563481,39
21563489,39
1707790074,39
1707790076,39
6866779798,40
6866779799,40
6866779802,40
4530012699,40
6866779804,40
4530012700,40
4530012702,40
6866779806,40
4530012703,40
6866779809,40
6866779810,40
6866779817,40
6866779818,40
2632761651,40
282708,40
4316306161,40
4316306163,40
4316306164,40
1761598585,40
25438595,41
25438732,41
25438638,41
282719,41
24661273,42
8807431546,42
2961540,42
24950109,42
1547013655,43
27458331,43
3215687074,43
1547013667,43
4402594986,43
1566269741,43
27458353,43
5342236721,43
4402629177,43
4402629178,43
4402629180,43
5342236739,43
5342236740,43
1566270021,43
1312454086,43
5335245254,43
5335245256,43
5335245257,43
1566270409,43
692162510,43
27481039,43
27481040,43
27481041,43
692162514,43
27481044,43
3708234964,43
30056280,43
471488472,43
4807512540,43
4807512541,43
692162527,43
2961891,43
1550763620,43
5768339816,43
5768339817,43
30057965,43
1547013743,43
367121266,43
692162559,43
10572785,44
8972511963,44
25496748,44
21583342,44
8785568224,45
8785567914,45
8972441580,45
10572786,45
1985084095,45
2990651904,46
2990651905,46
5067002882,46
1759454211,46
2990651908,46
2990651909,46
2990651910,46
2990651906,46
2990651912,46
8989843465,46
2990651914,46
25497611,46
2990651911,46
1759454222,46
2990651918,46
1758552592,46
2990651920,46
973128722,46
2990651921,46
1758552597,46
10607127,46
10607128,46
7553479208,46
5040168489,46
5040168491,46
7553479212,46
1596655149,46
1596655148,46
5040168496,46
1596655155,46
1813618228,46
1596655157,46
1813618229,46
2990716984,46
1596655161,46
2990716985,46
2990716986,46
256766532,46
256766533,46
2755124807,46
256766536,46
256766537,46
2990717001,46
2755124815,46
5238528591,46
256766545,46
1150003289,46
1759454305,46
5041784423,46
1758552682,46
1813618288,46
5242049139,46
6978555518,46
5609643647,46
1813618304,46
1150003329,46
6978555522,46
2990780039,46
2987752071,46
20460681,46
2987752074,46
2987752075,46
2987752073,46
1684710025,46
20460686,46
20460687,46
20460680,46
5269670540,46
20460690,46
20460691,46
1759454351,46
5733998227,46
5733998228,46
28800663,46
20460696,46
20460697,46
819132568,46
28800660,46
6506796188,46
1684710044,46
28800664,46
5041784489,46
1759454378,46
2990664881,46
25473202,46
1758554291,46
25473204,46
5041784501,46
1813618358,46
25473207,46
25473205,46
244128951,46
1813618365,46
1326821569,46
5060405441,46
5060405443,46
5060405444,46
5060405445,46
5060405446,46
748941508,46
1813618376,46
1813618393,46
1759454429,46
6978557152,46
748941552,46
748941556,46
25497845,46
1813618424,46
748941560,46
1813618426,46
1813618429,46
1813618431,46
1813618432,46
748941573,46
5060388105,46
748941577,46
5060388107,46
5060388110,46
25497872,46
1150003472,46
5060388115,46
2118622487,46
2118622488,46
1813618461,46
1813618463,46
1813618465,46
2480657186,46
1401893666,46
1401893675,46
8975833905,46
6978563378,46
1813618484,46
8975833911,46
5041784633,46
5041784634,46
1813618493,46
8868824899,46
8868824900,46
8868824901,46
1150003532,46
8868824911,46
8868824912,46
8868824913,46
8868824914,46
1366095187,46
875789647,46
1366095189,46
10004388708,46
10004388710,46
1684781421,46
3739049327,46
632447859,46
1150003571,46
25497978,46
25497979,46
372050299,46
25497981,46
1684781436,46
25497985,46
2990806410,46
2990806411,46
3739049356,46
2990806415,46
968499092,46
3739049365,46
3739049366,46
1759454104,46
6871422361,46
6871422360,46
5238523291,46
1311962012,46
1684781470,46
3739049382,46
3739049383,46
316763559,46
5609643658,46
435104712,46
6816821193,46
1758552522,46
435104715,46
1150003147,46
435104717,46
1758552524,46
1758552521,46
1759454163,46
1758552541,46
2990651907,46
1758552547,46
1758552555,46
5067002862,46
1758552559,46
5067002867,46
1150003197,46
435104736,47
435104738,47
435104732,47
10607132,47
435104735,47
5470932256,48
10607629,48
5468301555,48
25496857,48
5470932252,48
1721713699,49
672061444,49
2902624645,49
2406484455,49
1312188714,49
1721713677,49
672061646,49
1717643505,49
1717643512,49
10677374,49
10677376,50
2642857203,50
5473274959,50
1360122880,51
6431923714,51
6431923715,51
4462680068,51
7840712839,51
1832248457,51
1832248458,51
5642519054,51
4462680078,51
5374174224,51
5642519056,51
5642519055,51
5642519060,51
9804471701,51
9804471702,51
595709975,51
25496854,51
5642519066,51
14672924,51
5642519068,51
5642519069,51
5573994014,51
5573994016,51
9846850973,51
9846850972,51
9846850974,51
5573994020,51
1832129958,51
1832129960,51
5374174120,51
1832129962,51
7203717550,51
5839165751,51
1360122937,51
25151180,51
4512763345,51
4512763347,51
5839155672,51
1360122841,51
5460658138,51
5471345385,51
1360122860,51
308837357,51
5573931376,51
5573931377,51
1360122866,51
5573931380,51
5573931381,51
5573931384,51
529722111,51
21307200,52
18393873,52
28800667,52
25161371,52
18395288,53
1717643537,53
25161370,53
1717643530,53
1939632514,54
8869472263,54
1939632519,54
20460684,54
10577984012,54
3320754320,54
3870640530,54
3320754322,54
1723315608,54
3247825561,54
3247825562,54
25498015,54
5938625442,54
3247824558,54
250550447,54
7636278191,54
7636278193,54
4401149234,54
7636278195,54
7636278196,54
7636278198,54
7636278199,54
7636278200,54
7636278201,54
8898783674,54
2923703875,54
18398282,54
4807521484,54
1312335310,54
1309067471,54
3741131600,54
5238500306,54
5238500308,54
3741131606,54
5238500312,54
5238500313,54
7636244314,54
5006781409,54
149451622,54
632438506,54
1169109485,54
8869472239,54
8869472242,54
20458277,55
250549587,55
4618510643,55
1312188692,55
4618510644,55
20625793,56
2528484782,56
5905807279,56
5905807278,56
10544409928,56
10544409929,56
10544409930,56
25474005,56
10544409948,56
10544409950,56
25474015,56
10544409954,56
25474019,56
10544409957,56
10544409958,56
10544409959,56
10544409960,56
10544409961,56
10544409963,56
10544409964,56
10544409966,56
10544409967,56
5976760444,56
5976760446,56
4777897926,57
3616299208,57
20626282,57
1556097098,57
1951372909,57
10306429333,57
8675201272,57
1556097245,57
1951372927,57
25067398,58
4085778920,58
7824747306,58
20626301,58
1536948431,58
6446301329,58
4085778930,58
5146186589,58
5146186590,58
5146186591,58
20626304,59
2941549929,59
2941549928,59
3519324894,59
5124166978,60
20626307,60
7572833352,61
7572833353,61
20626314,61
20965801,62
2398924898,62
5177397824,63
8755805313,63
3328228994,63
4367041960,63
25524297,63
4367041962,63
21392267,63
10241310755,64
21392276,64
2343269909,64
25509526,64
4156336278,64
6606135977,65
6606135979,65
6606135983,65
21392279,65
4462680070,66
9201323528,66
21563788,66
6978443788,66
4462680076,66
4208239642,66
21686572,66
21686574,66
3972566705,66
3972566714,66
4462683090,66
5839163740,66
5788363874,66
5788363878,66
5907366887,66
5788363880,66
9203541611,66
9203541612,66
9236477422,66
6828921212,66
21583366,67
4017328647,67
2586616722,67
8785567909,67
6863550501,67
1419565097,67
7223668012,67
4691514032,67
4691514035,67
33141178,67
1148276284,67
5006063176,67
5006063180,67
25378129,67
7223704403,67
7223704404,67
21578454,67
25498458,67
8785568222,67
8785568223,67
4691460850,67
4691460851,67
21578456,68
21578457,68
4378043649,69
4378043661,69
4378043662,69
1837610895,69
1837610896,69
4378043667,69
269547420,69
4378043682,69
1360122917,69
4076095791,69
1609966643,69
4076095797,69
1609966653,69
4370333637,69
25500246,69
4076095834,69
1163955034,69
4076095841,69
21685483,69
21685484,69
21685485,69
1832129794,70
1832129785,70
25496847,70
1832129776,70
1832129778,70
4077495826,70
21685497,70
1684437690,70
1684437692,70
1832129789,70
21693787,71
25500239,71
1238259337,72
4530011788,72
4530012690,72
4530012691,72
1731235606,72
4530012695,72
4530012696,72
1150003480,72
3197339673,72
3197339674,72
3197339676,72
4530012705,72
4530012706,72
4530012707,72
1731235492,72
4530012711,72
288193455,72
4729385030,72
4729385031,72
1150003547,72
21990620,72
1731225566,72
1150003423,72
5565486432,72
5565486434,72
28728187,72
5565487612,72
4556931604,73
21990622,73
475396929,74
21990627,74
475396924,74
5565443389,75
21990629,75
5565443390,76
250327618,76
21990630,76
250327591,76
1718566880,77
1718566886,77
21990631,77
21990632,77
8869464392,77
5042033643,77
8869464378,77
6116290274,78
24659947,78
6948380395,78
6948380400,78
6948380401,78
24949780,78
9693920800,79
9693920796,79
9693920797,79
24660863,79
5046314043,80
25632860,80
24951854,80
10544113920,81
10544113922,81
24952195,81
10544113923,81
3887940999,81
2528522518,81
6867581464,81
6867581465,81
2528522524,81
694824861,81
2528483741,81
2528522528,81
2528522530,81
6985465124,81
6985465127,81
6985465130,81
6985465133,81
2528522542,81
2528484781,81
2528522547,81
2528522549,81
6886012733,81
2038033986,81
1556324684,81
3385387604,81
3385387606,81
3385387607,81
3385356250,81
4117882857,81
25532273,81
1689387896,81
1689387903,81
5087519104,82
25066338,82
25161347,82
5087519106,82
25066412,82
5090420611,83
25161348,83
5090420613,83
5090420614,83
5090420940,83
5090420941,83
25066419,83
8807429660,83
1718390753,84
1717650794,84
25066451,84
25066453,84
25161369,84
25067264,85
25067265,85
2566132610,85
2566132611,85
25067397,85
5146186503,85
5146186504,85
5146186505,85
950703626,85
5146186507,85
25161356,85
25505685,85
25161373,85
7824747295,85
25067298,85
7824747302,85
25067305,85
6967585840,85
6967585841,85
6967585842,85
6967585843,85
1827389620,85
6967585845,85
1782727992,85
6446304190,85
5201625535,85
5201625537,85
5201625539,85
5201625541,85
25505606,85
700774224,85
25505634,85
5146186468,85
5146186470,85
4085778919,85
1990694638,85
4085778927,85
4085778933,85
5146186489,85
10306429312,86
10306429318,86
3887941012,86
3887941013,86
2278320154,86
2059790748,86
2278320167,86
1556260011,86
5340811825,86
25265077,86
25265080,86
4085783099,86
10306423498,86
4166634955,86
10306423499,86
4166634961,86
4166634962,86
6446292562,86
6446292564,86
25471090,87
2036181339,87
1309180610,88
1309180612,88
1723389067,88
7792756412,88
7792756414,88
25471135,88
1309180608,89
7447637305,89
25471289,89
3691462888,89
25471274,89
2755124947,89
2755124949,89
25632854,89
7447565847,89
7447565849,89
7447637306,89
25471263,89
2036185421,90
25472215,90
4675821921,91
25472545,91
4675821944,91
4675821925,91
4675821924,91
4665353643,91
4665353644,91
4675821932,91
4675821931,91
762080111,91
1617596591,91
25473048,91
25472379,91
10196915587,92
10196915588,92
10196915589,92
32921737,92
32921738,92
10196915593,92
4675822093,92
4675822094,92
4675822095,92
4675821968,92
4675822097,92
761831057,92
4675822099,92
4675822100,92
270110481,92
270109325,92
751837591,92
270109327,92
270109326,92
1617647900,92
1617647901,92
270112540,92
270112539,92
751837736,92
25472428,92
1401849779,92
751837622,92
270109370,92
1617647931,92
1617647934,92
1419544126,92
270110142,92
4665352260,92
4665352261,92
4665352262,92
761830981,92
4665352264,92
2134066506,92
761830987,92
9566848716,92
761830989,92
1419544142,92
26374230,92
26374231,92
761831000,92
26374232,92
751837654,92
761831004,92
761831007,92
270110053,92
270110054,92
321255911,92
321255910,92
4781199338,92
761831019,92
761831023,92
751837551,92
6483733489,92
6483733493,92
25472890,92
761831037,92
25472800,93
2940401398,93
1954751920,93
4948630427,94
4948630428,94
25472885,94
1684781486,94
4665353660,95
25473004,95
4665353662,95
1311962080,96
25473200,96
25473199,96
5904615699,97
3999987604,97
5904615708,97
2528483742,97
5574049698,97
5574049700,97
5574049702,97
4085387943,97
5574049703,97
4085387945,97
5574049707,97
5574049709,97
5574049717,97
9683633717,97
5574049718,97
4085600696,97
4229228089,97
4085600698,97
9683633718,97
5574049719,97
6779394887,97
585148380,97
9683400934,97
9683400938,97
713363180,97
4136124526,97
4166219502,97
8031801454,97
5574051321,97
25473279,97
25475328,98
25473281,98
9700060290,98
9700060291,98
9700060292,98
1990912136,98
5904615691,98
5904615694,98
4777885221,98
4773889323,98
3385332654,98
9683686963,98
3733791671,98
1137777343,98
1155552319,98
1155552322,98
25475417,98
4832472797,98
9135848928,98
9135845216,98
680069473,98
8497605091,98
1951242857,98
680069483,98
1990912115,98
585130362,98
1547392771,99
1547013574,99
9694091976,99
9694091978,99
25475053,99
9694091983,99
9694091984,99
1547013588,99
1547013592,99
1547392927,99
25475072,100
8064065323,100
8064065324,100
1547657099,100
25496910,100
1547657104,100
585180151,100
6332695639,100
277337783,100
4529839800,100
7236131862,100
6332695642,100
9690878337,101
9699961628,101
1312471202,101
1796137508,101
6266867111,101
6266867113,101
6266867114,101
1312471234,101
9690974277,101
283061836,101
25475661,101
1233350862,101
675734610,101
675734613,101
1402070363,101
25475419,101
1402070364,101
675734622,101
25475550,101
1402070365,101
25475561,101
1233350889,101
6696695781,102
10579930791,102
10579930792,102
8783914189,102
8783914190,102
8604055550,102
8604055549,102
25475678,102
25475688,103
25475690,103
9820538027,103
25475691,103
25499095,103
7075087299,104
25475752,104
25475754,104
1493229962,104
6239229422,104
6239229423,104
6272993491,104
28728208,105
25477106,105
1668135492,105
28728205,105
8632535522,106
1312188614,106
306439304,106
2545230474,106
8632535532,106
306439310,106
8632535535,106
25477149,106
25477150,106
3741078112,107
25477154,107
1312319838,107
306439338,107
306439329,108
25477156,108
25477197,109
2402557839,109
249679365,110
9080098310,110
3168378376,110
9080098315,110
9080098316,110
28418580,110
3528711722,110
27459116,110
249679407,110
27459120,110
7817166393,110
249679418,110
249679420,110
7817166397,110
5924603458,110
1042862659,110
5924603460,110
7817166407,110
3073173576,110
3073173585,110
7899973206,110
28418138,110
27459165,110
28418141,110
28418144,110
8500636794,110
1042862718,110
4344245890,110
4344245892,110
4344245893,110
3528738438,110
3528738439,110
3528738440,110
4344245894,110
5257738380,110
5257738381,110
5257738382,110
5257738383,110
5257738384,110
5257738385,110
5257738386,110
5257738387,110
5257738388,110
9030037139,110
3528710291,110
27460250,110
6995618979,110
7817162919,110
5160943793,110
5160943794,110
5160943795,110
5160943796,110
5160943797,110
5160943798,110
5160943799,110
5160943800,110
5160943803,110
5160943804,110
5160943806,110
5160943807,110
5160943808,110
472493763,110
4089885900,110
5174825175,110
5174825176,110
5174825178,110
302013659,110
5174825180,110
5174825181,110
3892081373,110
5174825183,110
302013662,110
3892081377,110
3892081378,110
9080123621,110
1014803686,110
3892081382,110
3892081384,110
6969936104,110
6969936106,110
1014803691,110
6969936102,110
6969936108,110
6969936110,110
6969936109,110
302013682,110
302013683,110
6969936114,110
302013685,110
6969936117,110
6969936115,110
2914561272,110
302013688,110
2914561274,110
25477371,110
3894948091,110
3894948093,110
249679102,110
1014803704,110
28419328,110
3894948098,110
3894948099,110
3894948100,110
6969936116,110
670103313,110
670103314,110
1014803736,110
3068267824,110
3068267825,110
2140124982,110
2140124983,110
3682538298,110
8042031930,110
249679168,110
5768339777,110
2140124996,110
4144358216,110
4144358217,110
4949004105,110
4949004106,110
302013776,110
302013777,110
4948602211,110
2934411667,110
3014236566,110
3014236567,110
3014236569,110
3014236570,110
2935392676,110
3068270504,110
5174828980,110
3068270516,110
3068270518,110
249558964,110
3186593720,110
1039322041,110
3186593722,110
28418497,110
251757533,110
249559005,110
9080098298,110
9080098299,110
819157946,111
25477858,111
3661703766,111
819157975,111
1832052008,112
1707790107,112
25495542,112
1832129783,112
25495617,113
25495618,113
350437608,113
5976672308,113
1816038230,113
25495769,113
10543800252,113
8645592520,114
8645592521,114
25495858,114
25495639,114
25495640,114
25495648,115
5014591895,115
25495646,115
1953202903,115
25495819,116
6354294763,116
25495820,116
1832052016,116
1834657466,116
6354294779,116
1834657469,116
350628799,116
350377994,117
25495822,117
350437528,117
25495838,117
25496100,117
25496617,117
25495852,117
269550896,117
25495857,117
4689775161,117
4275398714,117
4275398716,117
4275398720,117
4275398721,117
4275398723,117
4275394254,117
269550684,117
759123955,117
269550331,117
269550332,117
7279228683,118
317930380,118
25496773,118
1985084135,119
1985084137,119
25496781,119
25496783,119
25496787,119
25496788,119
8972441125,120
8972441126,120
438170475,120
8972441579,120
5265830862,120
25496815,120
25496785,120
8972511962,120
1958800795,120
25496800,121
1816038214,121
323260106,121
5014591889,121
1816038199,121
25496825,122
5060391418,122
321255925,122
5060391821,122
25496850,123
25496851,123
4730978983,123
9690974273,124
9690974274,124
4920098344,124
4920098349,124
25496920,124
25497603,125
1547657140,125
2480657188,126
25632678,126
2480657190,126
1954751914,126
25497968,126
25497970,126
2135411292,126
2135411293,126
25497986,127
6374802555,127
5711517570,128
5711517571,128
4703559689,128
25497997,128
5479654172,128
1723388957,128
5479654175,128
1723388960,128
5479654177,128
2331184930,128
2331184932,128
25498021,128
2331184935,128
1723388970,128
1723388974,128
1723388976,128
1723388979,128
1723388981,128
1723388986,128
1723388988,128
5006916678,128
446765895,128
446765900,128
5479655630,128
5479655634,128
4703542485,128
4703542486,128
390073175,128
6525670236,128
6525670237,128
2135411294,128
2135389151,128
2135411296,128
2135411297,128
6525670242,128
5479655652,128
5479655662,128
6374802559,128
25498016,129
6569580040,129
25498018,130
3725817386,130
6374802579,130
6374802582,130
6374802583,130
7792756672,131
7792756674,131
7792756676,131
7792756680,131
7792756713,131
25498026,131
5711517569,132
5711517565,132
25499655,132
25505679,133
9988193967,133
25505607,133
6606135968,134
25509513,134
9197589233,134
9197589238,134
316763584,135
25632865,135
316763586,135
25632864,135
5046627553,135
316763600,135
1215563891,135
5046627642,135
25632859,135
5046627645,135
25632862,135
1141487746,136
1150003224,136
1150003238,136
1150003247,136
8784212017,136
5060405427,136
8784177716,136
5060405429,136
5060405430,136
5060405434,136
1150003264,136
1150003155,136
1141487712,136
1150003170,136
5067002851,136
25632870,136
5067002855,136
1150003563,136
1141487723,136
1150003195,136
429346241,137
4534184514,137
4534184515,137
429346238,137
4223357836,137
27460210,137
429346236,137
27459198,137
27460198,138
843376594,138
2870261844,138
27459830,138
6995618971,138
3906588446,138
302013672,139
302013674,139
347542742,139
347542743,139
3081980920,139
3081980922,139
27480956,139
27480957,139
27480958,139
27480960,140
9678821156,140
28193265,141
3170676207,141
5106520280,142
429346251,142
3632577084,142
28418909,142
3984132032,143
4116809027,143
3984132036,143
3984132037,143
302013708,143
4422013486,143
249679343,143
4089885902,143
28418929,143
1401908258,144
1401908260,144
250550183,144
28800661,144
28800662,144
250550174,144
8869464371,145
28800668,145
250550053,146
8869464390,146
5041945479,146
250550024,146
250550023,146
5041945480,146
873809385,146
8869464398,146
8869464407,146
1343823416,146
1343823418,146
28800670,146
5046314074,147
5046314077,147
28800671,147
3375451561,148
30056255,148
707377287,149
30056330,149
4920098350,149
4619022513,149
4619022514,149
1550763708,149
3830043581,149
6218468163,149
6218468164,149
1547013699,149
1547013704,149
9704122317,149
1550763732,149
3830029915,149
1547392865,149
5580861156,149
1547013604,149
6600283121,149
1547013754,149
32921724,150
761830999,150
761830991,150
32921728,151
32921729,151
32921731,151
4697525030,151
4697525032,151
1401849768,151
26374229,151
32921748,152
32921743,152
149431715,153
2168949324,153
2168949325,153
3741131607,153
3741131608,153
149451620,154
1493662967,154
354886099,155
213668839,155
1685276643,156
250549700,156
250549699,156
255700677,156
213672005,156
250327619,156
8868010217,156
213668842,156
2642612586,156
213668844,156
8868010221,156
2642612585,156
213670986,156
2642878644,156
250327576,156
8868010202,156
250327547,156
8868010204,156
7815533545,157
7815533546,157
249558966,157
1736734053,158
1238249900,158
1238249901,158
1238249904,158
7900221108,158
249560091,158
7900221087,158
250326914,159
18469132,159
1401416208,159
8868010160,159
8868010162,159
250327159,159
354886082,160
250549670,160
1310663631,160
3114645200,160
3114645201,160
250327037,160
250550400,161
973101839,161
3550836102,162
1039290567,162
3550836104,162
5242815659,162
251757452,162
251757615,162
251757458,162
1039322102,162
1419603573,163
270110143,163
690295042,164
1563638022,164
690295047,164
283062189,164
673420216,164
1233353464,164
1233353467,164
302013666,165
302013668,165
316763595,166
316763589,166
316763590,166
1832129838,167
338474279,167
4275394255,168
350377999,168
1707790105,168
6828921210,168
6828921211,168
1686463489,169
1686463523,169
3739049325,169
1686463503,169
1686463471,169
1686463505,169
1686463476,169
1686463510,169
390073208,169
7882485394,170
10308697502,170
469785734,170
471488499,171
1493722803,171
1547013711,171
2137096880,172
473257581,172
8814668131,173
473259748,173
8814668133,173
8814668135,173
8814668136,173
8814668137,173
8814668138,173
2197518969,173
473262660,174
473262822,174
1561411396,175
585201189,175
697044225,176
707377382,176
1609966639,177
7946378609,177
4370333651,177
4370333652,177
4370333653,177
748799641,177
4370333657,177
796809545,178
8497605078,178
249467025,179
806373533,179
6446218920,180
811035012,180
6446229925,180
2929119405,181
835390893,181
835390894,181
835390887,181
1150003141,182
5609643622,182
1150003479,182
5609643652,183
5609643653,183
5609643656,183
1150003213,183
5609643662,183
5609643672,183
1684835097,183
5609643673,183
5609643674,183
5609643675,183
5609643676,183
5609643682,183
5609643685,183
5609643686,183
5609643687,183
6816821186,183
1684835019,183
1684835152,183
1684835156,183
6014333809,183
1684835062,183
1150003400,184
1731225575,184
1163955119,185
1401870341,185
1163955037,185
5353114285,185
1233353640,186
1233353642,186
1233353631,186
1987381555,187
1237876710,187
1237876703,187
1255491496,188
1255369133,188
4511972303,188
1255491504,188
4511972304,188
1255491506,188
1255487160,189
1255487172,189
1255487166,189
1722268388,190
3093897990,190
4749090120,190
2387232554,190
2387232559,190
1722268367,190
5565455858,190
1280491924,190
1280491926,190
1722268381,190
3741117630,190
2402557599,190
1326821568,191
3830441923,191
1731225580,192
3794876751,192
3197339664,192
3197339666,192
3197339667,192
3197339668,192
3197333559,192
1327865950,192
2454119184,193
1547013589,193
8807410151,193
1556097120,194
8807410149,194
5905897286,194
1547013705,194
1556097111,194
1556097177,195
5905896973,195
1556097166,195
1556097306,196
1556097431,196
4169714272,197
7911282826,197
10306429323,197
1556097387,197
6446229933,197
1556097326,197
10306429327,197
8675201264,197
10306429328,197
3887941007,197
4169714270,197
4169714271,197
1587318992,198
1587318999,198
1817617689,199
1596648669,199
1596648671,199
1617532088,200
4697287185,200
4696544876,200
4663312759,200
1617596593,201
3328228993,201
1617532092,201
1617596606,201
6866592992,202
6866516262,202
2453947051,202
1637578547,202
1637578516,202
6866516278,202
1637578522,202
1637578551,203
1637578535,203
1668135493,204
3197339661,204
3197339662,204
3170676206,204
5565475799,204
1668135486,204
1685281036,205
1685281022,205
1707790024,206
1707790026,206
4650375494,207
1707790055,207
1707790057,207
4650375504,207
4650375505,207
1707790067,207
4650375508,207
4658088539,207
1955520890,207
3972566715,207
6978459068,208
5177352922,208
1707790099,208
5177352932,208
1731235480,209
1728472241,209
1731235489,209
1810130458,210
4077495964,210
1816038215,211
1832665997,211
1832666001,211
7279239795,211
1816038195,211
4158000323,212
1816959492,212
4142725558,212
1817617691,213
1817617692,213
1832129809,214
4462680082,214
1832129796,214
1832129815,214
1832228100,215
1832228080,215
1832228112,215
1832228144,215
1832228083,215
1832228115,215
1832228120,215
1832228159,215
1882379248,216
10090013713,216
10090013714,216
2306288080,216
4823243100,216
3247578846,216
3987750688,217
5269678593,217
1951190474,217
1968744210,218
3992885062,218
4697288399,218
1990694620,219
1990694647,219
2502545024,220
9619940387,220
1990912102,220
1990912134,220
4117896490,220
2502545041,220
9683400946,220
9683400950,220
9678366518,220
9678523000,220
8031800090,220
5574051323,220
8031800092,220
8031800094,220
2141364708,221
2141364732,221
2341656968,222
4697287177,222
4697287178,222
3265436691,222
4696545402,222
4696568110,222
8620105277,222
8620105279,222
4697288390,222
4085747017,222
367102039,222
4166662874,222
4166662878,222
3265436260,222
4174200048,222
4696544885,222
4696545399,222
4175081593,222
4175081594,222
3911044734,222
2453947049,223
4211515634,223
2576893629,223
3247589712,224
6569580044,224
6569580045,224
2531863975,224
2531863977,225
2531863978,225
10539068564,226
2665239972,226
10539068565,226
10539068590,226
2935373301,227
3809870263,227
3739049344,228
2990721387,228
5992797788,228
2990721390,229
2990721391,229
3739049346,230
2990732269,230
6116290280,231
5473274252,231
5473274253,231
5473274254,231
5473274256,231
5473274257,231
5473274259,231
5473274260,231
3139655930,231
3139655933,231
5473273470,231
3158794148,232
5473272900,232
5473272902,232
3158794151,232
5473272904,232
5473273067,232
5473273068,232
4534858543,232
5473272882,232
5473272983,232
5473272984,232
5473272667,232
5473272700,232
3272782432,233
1547013738,233
3272782431,233
3578315456,234
3586606037,234
3987750692,235
5977954180,235
9673189926,235
6110164649,235
7900888467,235
3850146457,235
4089885905,236
6294214898,236
6294214897,236
4369519260,237
4369519219,237
4369519227,237
4369519206,237
4554237017,238
5009054889,238
5009054892,238
4696545403,239
4697287188,239
4781199345,240
4781199346,240
4781199348,240
4781199350,240
4781199352,240
4781199354,240
4781199355,240
6374802572,241
5006965588,241
5006965589,241
5060405461,242
1954751918,242
5095547184,243
5095547180,243
5095547181,243
5095547182,243
5468301601,244
10607626,244
5468301602,244
5473273795,245
5473273796,245
5473273798,245
5473273803,245
5473273805,245
5473273616,245
5473273791,245
5473273788,246
5473273789,246
5473273790,246
5475684676,247
5475684680,247
5475684684,247
5475684621,247
5475675316,247
5733997920,248
5733997919,248
5927671120,249
5927671121,249
6525701529,250
4142725557,250
6525701539,251
6525701540,251
6525701530,251
6525701533,251
6525701535,251
6606148797,252
6606148798,252
6855696495,253
6855696496,253
6855696497,253
6855696502,253
6855696503,253
6855696504,253
6855696506,253
6918421504,254
6918421508,254
6918421509,254
6918421511,254
6918421512,254
6918421513,254
7553887392,255
8869435266,255
8869435267,255
8869435272,255
8869435273,255
8869435257,255
7792756538,256
7792756539,256
7792756540,256
8357847937,257
8357847938,257
8357847939,257
8357847927,257
8357847928,257
8357847929,257
8357847930,257
8357847931,257
8357847932,257
8357847933,257
8357847934,257
8515091587,258
8515091588,258
8515091590,258
25532494,259
8807410150,259
9524817681,260
9524817682,260
10306423508,261
10306429309,261
10306429310,261
10306429319,261
