node_id,cluster_id
1596648673,0
1832129762,0
4076126468,0
7946372941,0
5516594509,0
1401849810,0
25509527,0
25509533,0
104318,0
2398924896,1
6369329155,1
20965798,1
20965799,1
20965800,1
25500427,1
8868824844,1
2398924877,1
7946378606,1
7946378610,1
6369329170,1
2398924886,1
4076095262,1
104319,1
104320,2
1215563904,2
373364228,2
1649365894,2
3229825163,2
3229825166,2
6369329166,2
8868824851,2
8868824852,2
3229825173,2
5475684758,2
8868824855,2
8868824856,2
8868824857,2
5475684763,2
20965794,2
20965797,2
107687,2
18397096,2
20965803,2
1163955130,2
10263444809,2
441958994,2
21693795,2
5475684848,2
1649365878,2
1215563895,2
1771426174,2
25504770,3
1311962122,3
470729237,3
5046005789,3
5046005790,3
8807429662,3
8807429663,3
8807429661,3
7926506525,3
7926506531,3
6509584414,3
24951853,3
1678155318,3
1678452790,3
1678452792,3
1678452795,3
25067068,3
1678452797,3
1678452796,3
10311362114,3
10311362115,3
1828402760,3
1828402763,3
470729292,3
3474115151,3
24658003,3
24658007,3
18468951,3
24658010,3
5046314074,3
5046314077,3
18468958,3
18468961,3
6369390690,3
18468962,3
6369390692,3
10311362148,3
10311362150,3
5976850023,3
6369390696,3
10311362153,3
10311362154,3
3704225378,3
6369390700,3
5976850024,3
7610670769,3
1718328435,3
7610670710,3
107641,3
1718328442,3
107643,3
107644,3
107646,3
10677375,3
25161345,3
25161346,3
21565570,3
4962956931,3
25161349,3
25161350,3
25161351,3
25161352,3
25161353,3
9611081868,3
25161365,3
25161367,3
25161368,3
28800671,3
28800672,3
4922952353,3
7610670751,3
18395811,3
7610670752,3
25066666,3
4922952363,3
4922952365,3
4922952366,3
7553887409,3
1268892338,3
4922952371,3
4922952372,3
4922952373,3
4922952374,3
3656358067,3
3664398007,3
3664398009,3
7610670771,3
3664398006,3
10311362236,3
25066684,3
25066687,3
25066694,3
8785457865,3
8785457866,3
8785457867,3
1707790029,3
10311178960,3
10311178961,3
1684511955,3
10311178964,3
1938819284,3
1938819283,3
10311178967,3
10311178970,3
1268892379,3
1707790044,3
367105757,3
1938819294,3
10311362270,3
10311362271,3
10311362272,3
10311178978,3
1938819301,3
7553887464,3
10311178985,3
1163954922,3
1707790062,3
10311178991,3
1938819317,3
1938819320,3
4866623226,3
4866623228,3
1938819325,3
1938819326,3
4866623230,3
1938819328,3
1938819330,3
25067266,3
1938819335,3
1835355913,3
2387194123,3
8807441166,3
2387194127,3
2387194128,3
1835355922,3
2387194131,3
2387194133,3
8807441176,3
8807441177,3
8807441178,3
1835355931,3
8807441179,3
1835355929,3
25066784,3
1835355936,3
8869464354,3
1401926435,3
1268900644,3
2387194149,3
2387194150,3
8869464357,3
1835355944,3
1835355940,3
1835355946,3
2387194156,3
1726730029,3
4866552622,3
4866552623,3
1726730033,3
1835355953,3
4866552625,3
1835355955,3
4866651961,3
1835355961,3
1726730043,3
1835355964,3
1835355965,3
1726730049,3
4866651969,3
1835355972,3
1835355973,3
1268900678,3
5046447437,3
25066333,3
25505629,3
1726730080,3
25066337,3
1726730082,3
24950117,3
1835356006,3
316763500,3
316763501,3
1046306670,3
1046334318,3
1835356013,3
1655418222,3
1793420652,3
1793420660,3
1268892533,3
316763513,3
1268892541,3
25505662,3
8438226815,3
104321,3
104322,3
8869435268,3
1852996996,3
9024139143,3
9024139144,3
1726730120,3
1726730123,3
5043864464,3
8869435281,3
25504145,3
25504146,3
25504148,3
25504149,3
8869435286,3
8869435287,3
8869435288,3
3664405913,3
25504150,3
316763548,3
1311962016,3
6055863205,3
4729448869,3
6055863211,3
10310609841,3
10310609842,3
1726730167,3
1777727945,3
1777727947,3
1777727949,3
1777727950,3
10310609872,3
1777727958,3
1777727960,3
1777727961,3
1777727962,3
10310609885,3
7223709662,3
1725360097,3
5046005730,3
5046005731,3
7223709668,3
7223709669,3
5976850019,3
7223709667,3
4085778922,3
2466442731,3
4085778924,3
317380078,3
5046005743,3
4085778928,3
5046005745,3
25504755,3
25504756,3
2466442741,3
2012969972,3
2466442743,3
4085778934,3
4830306810,3
25504763,3
2334502396,3
4830306813,3
4715264001,4
4715264002,4
4715264004,4
4715264006,4
4715264007,4
722208263,4
6014302222,4
6014302224,4
6014302225,4
1796137508,4
722208297,4
1532087855,4
295977520,4
5924603442,4
5924603450,4
4534184512,4
9690974277,4
283061836,4
25475661,4
25475663,4
25475664,4
675734610,4
675734613,4
675734622,4
5904585328,4
10013517434,4
25475712,4
7623861385,4
1312471202,4
6110164647,4
1233350847,4
1233350848,4
1312471234,4
1233350862,4
2969438426,4
7644741343,4
7644741345,4
7644741346,4
7644741348,4
377490664,4
1233350889,4
3987750677,4
9699961628,4
8064065315,4
8064065316,4
8429812517,4
9216868136,4
9216868137,4
9216868141,4
9216868143,4
9216868145,4
4136137529,4
4136137530,4
27460439,4
4167762776,4
4167762778,4
25475419,4
1402070363,4
1402070364,4
1402070365,4
6265654111,4
1237883773,4
9690878337,4
104323,4
6266867111,4
6266867113,4
6266867114,4
9690915267,4
9690915275,4
9690915278,4
2374491605,4
25475550,4
25475561,4
1312932849,4
4715263991,4
4715263992,4
4715263993,4
4715263995,4
4715263998,4
843376643,5
3136311315,5
3136311316,5
5342236723,5
5342236724,5
2218344503,5
5342236728,5
5342236733,5
5342236734,5
2218344510,5
5342236743,5
5342236744,5
2870261844,5
1211381855,5
32825440,5
32825442,5
5473273966,5
5473273967,5
5473273968,5
2934288510,5
2934288512,5
2934288518,5
27459729,5
2934288530,5
2961557,5
4688513218,5
4688513221,5
4688513226,5
4688513227,5
4688513230,5
4688513231,5
4688513237,5
4688513240,5
5009060057,5
4688513242,5
4688513244,5
4688513245,5
1312471267,5
27459830,5
1939558651,5
1939558655,5
1939558661,5
1939558663,5
3136301320,5
3136301321,5
1939558666,5
1939558667,5
3136301324,5
3136301325,5
3136301328,5
1939558672,5
1939558681,5
2528522522,5
1939558684,5
1939558687,5
3139705124,5
1939558697,5
1939558700,5
27459905,5
2622222657,5
2622222658,5
2622222659,5
2622222668,5
4195103055,5
25069911,5
25248112,5
25248113,5
25248114,5
25248115,5
25248117,5
25248118,5
25248119,5
25248120,5
25248122,5
25248123,5
25248124,5
25248125,5
25248126,5
25248127,5
25248128,5
25248129,5
27459970,5
27459971,5
25248130,5
5473274242,5
2538458886,5
1312264600,5
3932064154,5
3932064156,5
10596794785,5
25070019,5
32838084,5
6465896907,5
6465896909,5
1312188886,5
1678283242,5
1678283247,5
1401416203,5
1365887500,5
5116226063,5
4430996023,5
4430996024,5
4430996027,5
4430996028,5
4430996029,5
4430996033,5
4430996044,5
5335233113,5
5335233115,5
2218340965,5
27460198,5
5473274493,5
5473274494,5
251892353,5
27460226,5
5473274501,5
5473274502,5
5473274503,5
5473274506,5
5473274507,5
5473274508,5
5473274519,5
5473274525,5
5473274528,5
5473274529,5
3136301730,5
3136301731,5
5473274532,5
5473274533,5
5473274534,5
5473274531,5
5473274540,5
3715515059,5
2622212860,5
2622212862,5
2622212865,5
2622212878,5
2622212885,5
2622212887,5
2622212889,5
1014649631,5
2622212895,5
2622212897,5
2622212903,5
28418859,5
251892523,5
2622212914,5
4534858546,5
4534858548,5
28418877,5
2622212925,5
2622212927,5
2622212930,5
2622212933,5
2622212937,5
2622212939,5
2622212941,5
4138224462,5
4138224463,5
2622212942,5
5473274710,5
5473274717,5
5473274724,5
5473274725,5
4866976614,5
109416,5
3381130090,5
3381130092,5
3930921860,5
3145798533,5
4223357841,5
1733389217,5
24951721,5
1733389249,5
25066457,5
1733389278,5
5473274866,5
5473274867,5
3632581622,5
1733389314,5
5473274891,5
5473274896,5
251892754,5
24949783,5
5473274911,5
1733389349,5
1733389353,5
5641663538,5
5641663539,5
5473272894,5
5473272895,5
107584,5
107585,5
5473272897,5
107587,5
107588,5
5473272899,5
5473272896,5
5473274957,5
3141817429,5
5473274969,5
5473274990,5
4861365369,5
4861365370,5
5473275004,5
4861365372,5
10677377,5
5165786242,5
5165786245,5
4861365383,5
5473272978,5
6995618971,5
2793874587,5
6995618977,5
3932064957,5
3708234955,5
3708234956,5
3708234957,5
4089885906,5
25068755,5
251892950,5
2642857191,5
2642857197,5
5473273069,5
2642857199,5
4552504560,5
5473273072,5
4552504562,5
5473273071,5
5473273070,5
21523714,5
21523718,5
21523719,5
5334381837,5
4155841810,5
4155841811,5
4155841816,5
4155841818,5
4155841820,5
4155841827,5
24950061,5
5342229818,5
25068862,5
6288147785,5
6288147786,5
5094718794,5
25070924,5
5094718798,5
24950101,5
24950102,5
24950104,5
24950105,5
24950107,5
357999964,5
24950110,5
24950111,5
24950112,5
3141814027,5
1678245252,5
8807431559,5
8807431560,5
2872704413,5
2872704414,5
3375451555,5
3375451561,5
3375451563,5
24661419,5
3375451565,5
429346242,5
429346243,5
429346244,5
10599654857,5
429346253,5
252601811,5
30078473,5
25069071,5
8807429659,5
25071133,5
25071136,5
3215685153,5
25071137,5
25071139,5
25071142,5
25071145,5
6218501723,5
6218501724,5
6218501725,5
6218501730,5
6218501736,5
6218501737,5
6218501739,5
6218501740,5
5473273451,5
6218501742,5
6218501745,5
6218501746,5
5473273457,5
6218501748,5
6218501751,5
6218501757,5
6218501758,5
6218501759,5
6218501761,5
1497452171,5
4726152844,5
25069197,5
5473273490,5
1497452184,5
4726152859,5
4726152860,5
5473273499,5
5473273500,5
1493722804,5
2387226309,5
25069265,5
5580861151,5
5580861153,5
5473273571,5
7223365368,5
7223365372,5
24659709,5
5473273604,5
5473273605,5
5473273606,5
2538458887,5
742399752,5
2538458889,5
2538458888,5
5473273607,5
5473273612,5
5473273613,5
2538458893,5
5473273610,5
5473273611,5
2538458897,5
2538458898,5
2538458899,5
5473273615,5
2538458894,5
2538458895,5
2538458903,5
2538458904,5
2538458905,5
5473273621,5
5473273623,5
5473273622,5
3906588446,5
3139677982,5
3906588448,5
3906588452,5
3906588454,5
30056255,5
4629462859,5
30056277,5
2203268985,5
252729234,5
843376569,5
3247933381,5
843376588,5
843376591,5
843376594,5
471488469,5
2218362849,5
843376610,5
8515091591,6
4726152850,6
1787108626,6
4726152852,6
4726152853,6
4726152857,6
4726152858,6
250549282,6
250325411,6
2003007012,6
4453606953,6
2920433449,6
3334162601,6
3334162604,6
3375451566,6
4453606958,6
2929116721,6
4224123324,6
250327100,6
8043350334,6
8043350335,6
107586,6
1779589718,6
1312188768,6
21990624,6
21990625,6
250549348,6
2934268024,6
5816744255,7
28418921,7
4136137525,7
107606,7
4136137527,7
25475770,7
1689605567,7
585124778,8
1951242858,8
107614,8
1864047135,8
5141216782,9
5141216785,9
1719663634,9
5473273363,9
5473273364,9
24662037,9
5141216787,9
5141216790,9
5473273368,9
5141216792,9
2278320154,9
473219610,9
5473273372,9
5473273373,9
5473273376,9
5473273379,9
2278320167,9
3076574254,9
3076574255,9
25532464,9
5340811825,9
5473273399,9
4085783099,9
4085783103,9
1719661631,9
4085783105,9
4085783106,9
4085783107,9
3272782406,9
6018098767,9
5473273425,9
6446292562,9
6446292564,9
5473273429,9
1727515734,9
1678227031,9
5238587992,9
5473273433,9
5238587994,9
5473273435,9
6446292571,9
6446292570,9
5905893980,9
6446292572,9
5473273441,9
107626,9
107627,9
107634,9
5049840244,9
25067636,9
107637,9
2197518969,9
1719529597,9
1719529599,9
2961549,9
25161360,9
25161361,9
25161362,9
25161363,9
25067670,9
6458938007,9
3061197976,9
6458938008,9
6458938011,9
1569312412,9
25161375,9
1951372959,9
4867087524,9
7824803495,9
10542989479,9
7824803497,9
109737,9
1556260011,9
4867087532,9
10542989484,9
4867087535,9
6463230640,9
1418752689,9
5141625698,9
1401459399,9
1401459400,9
10306423498,9
1401459403,9
10306423499,9
5141625699,9
25067727,9
25067728,9
24660697,9
3153656028,9
3153656030,9
473259748,9
5104314096,9
2378843907,9
1951616261,9
1722621701,9
1951616268,9
1722621711,9
1951616276,9
5141625621,9
1722621718,9
5141625623,9
7906964248,9
6463234329,9
7906964249,9
5141625625,9
5141625629,9
5141625630,9
24950050,9
5141228834,9
5141625635,9
5141625637,9
5096270631,9
24950064,9
24950065,9
5473273139,9
5473273140,9
5473273141,9
5473273142,9
5141625655,9
5141625654,9
6032044857,9
5141625653,9
1951616319,9
2577040703,9
5223919938,9
5473273154,9
1951616322,9
5104314268,9
6032044874,9
473258313,9
473258826,9
5141625681,9
5473272665,9
5473272666,9
5141354330,9
5141354331,9
5473272668,9
3100169049,9
25067871,9
5141625696,9
24950113,9
24950114,9
24950115,9
8814668131,9
7911267685,9
7911267686,9
8814668135,9
7911267688,9
8814668136,9
8814668137,9
25067883,9
8814668138,9
8814668133,9
8807431534,9
5227220846,9
8807431536,9
8807431541,9
3272712566,9
1782714747,9
10306429312,9
10306429318,9
25067400,9
25067914,9
1678226827,9
5473273227,9
3887941012,9
3887941013,9
7911231384,9
25067929,9
5104314264,9
5104314266,9
5065949596,9
2059790748,9
1678226846,9
5065949598,9
25067936,9
5104314272,9
5104314270,9
5104314275,9
5104314269,9
5104314276,9
1312454055,9
25532332,9
25544110,9
25265077,9
25265080,9
259252667,9
5340811707,9
3637449663,9
10543014339,9
10543014340,9
5340811717,9
25067461,9
1312454087,9
5340811719,9
5340811720,9
25067463,9
4166634955,9
10543014343,9
10543014346,9
24661966,9
1312454094,9
5473273295,9
4166634961,9
4166634962,9
4166634957,9
25067473,9
25067479,9
25532377,9
5473273305,9
10543014362,9
10543014363,9
10543014367,9
25532384,9
10543014371,9
10543014372,9
10543014373,9
5141216742,9
10543014374,9
8807410152,9
5141216745,9
8807410154,9
5141216746,9
10543014380,9
10543014377,9
8807410158,9
5473273326,9
10543014379,9
4085778929,9
10543014386,9
4085778931,9
5473273332,9
10543014388,9
5104314358,9
10543014387,9
10543014390,9
107632,10
6458938017,10
5141876996,11
5141876999,11
5198585559,11
5198585557,11
5198585558,11
107638,11
5198585560,11
5198585561,11
5198585562,11
25067324,11
956233216,12
8785484288,12
4627445252,12
4627445253,12
4627445254,12
490947077,12
4627445257,12
4627445260,12
4627445261,12
747893264,12
1726730272,12
1726730281,12
473265708,12
1678452780,12
1678452788,12
1678452789,12
490947124,12
1726730295,12
1726730292,12
10539712057,12
10539712058,12
10539589691,12
10539589692,12
1678452793,12
1726730303,12
10539589696,12
1726730307,12
10539589701,12
1828402758,12
10539589704,12
7179983946,12
7179983947,12
10539856459,12
10539589706,12
10539589707,12
3696548432,12
3696548437,12
3696548438,12
1828402774,12
3696548440,12
1726730329,12
1726730326,12
4379801694,12
3267461729,12
473265762,12
25503841,12
25577057,12
25503845,12
25503848,12
4379801706,12
25503851,12
25503856,12
1726730354,12
25503860,12
25503862,12
25503865,12
25503867,12
7827997819,12
25503869,12
10539068544,12
25503873,12
5342251136,12
25503876,12
25503880,12
419350669,12
25503885,12
5342251151,12
107667,12
7607080091,12
7607080092,12
5009054881,12
107684,12
107685,12
107686,12
7613626042,12
7613626044,12
7613626045,12
7613626046,12
7613626047,12
25471681,12
473265346,12
419350723,12
7613626050,12
7613626059,12
7613626060,12
8785457870,12
8785457871,12
10539648210,12
7613626066,12
2620105428,12
7613626070,12
1938819302,12
4175059691,12
4329502449,12
25471732,12
25471740,12
4089236236,12
10309458701,12
1536948492,12
4379801357,12
2005131543,12
10309472541,12
10309472542,12
10309472543,12
10309472544,12
4085767970,12
10309472547,12
10309472548,12
4085767974,12
4643337000,12
473264937,12
10309472553,12
7610670890,12
7610670892,12
4085767979,12
4085767983,12
4627491632,12
1163954995,12
4643337012,12
4085767989,12
4627491645,12
25470782,12
7610670912,12
7610670913,12
4627491650,12
7610670919,12
7610670920,12
1268903266,12
4530339698,12
4530339699,12
25500535,12
5207476608,12
5207476609,12
25504128,12
473264514,12
5207476611,12
5207476613,12
25504134,12
25504129,12
5207476616,12
6509684096,12
5114681227,12
5114681230,12
25504143,12
25504144,12
10572178,12
10572179,12
10572180,12
748885408,12
4240028578,12
4240028580,12
2665239978,12
1726730162,12
1726730165,12
4643337143,12
10310609849,12
4643337146,12
10310609852,12
747893184,12
10541894095,12
25470928,12
10541894097,12
4166634960,12
10310609879,12
10310609881,12
10310609887,12
4627445215,12
10310609894,12
25504753,12
4627445239,12
4627445240,12
4627445241,12
956233215,12
8620105223,13
1678452753,13
268124704,13
3267461666,13
8620105262,13
1777740337,13
5177397822,13
5177397823,13
5177397825,13
5177397826,13
5177397828,13
4150883407,13
4150883409,13
8755805288,13
4696544883,13
8755805305,13
4696545406,13
473267328,13
10539068550,13
107668,13
1239549084,13
1905779367,13
1905779369,13
5177397419,13
5009054894,13
5009054898,13
419632307,13
10539068598,13
3972566710,13
368044217,13
490946748,13
1214922433,13
1707790023,13
4197401800,13
4197401802,13
10309140683,13
10309140686,13
4197401811,13
4197401813,13
2360681703,13
4034060007,13
2360681709,13
2360681711,13
4034060015,13
4034060017,13
4034060018,13
2265065203,13
2360681716,13
2360681713,13
2265065207,13
490946813,13
10309153022,13
10309153023,13
10309153025,13
1649365762,13
10309153027,13
1649365764,13
473268999,13
1649365780,13
6137798425,13
1649365789,13
1649365797,13
1649365800,13
1649365810,13
1649365816,13
1649365820,13
2140432704,13
1777742666,13
237911,13
473266524,13
8755808618,13
473269102,13
1955520879,13
8755808627,13
4158223748,13
3763565957,13
3763565959,13
3763565961,13
3763565962,13
1668112790,13
1813794712,13
1813794713,13
1668112792,13
864817628,13
107681,14
21693793,14
1401870340,14
1726730375,14
269549104,14
269549105,14
1163955128,14
21583366,15
4017328647,15
8785484298,15
350377994,15
8785484306,15
4689775126,15
8785484312,15
8785484313,15
25496100,15
6863550501,15
25496617,15
1419565097,15
25496622,15
25496623,15
4689775161,15
4275398714,15
4275398716,15
1148276284,15
4275398720,15
4275398721,15
4275398723,15
5006063174,15
21563463,15
5006063176,15
5006063180,15
269550681,15
269550684,15
26374237,15
26374236,15
5736692333,15
25475182,15
5736692334,15
21563504,15
21563503,15
21563507,15
21563508,15
2294047355,15
2294047375,15
350437528,15
7271474841,15
7271474843,15
6769325725,15
7271474850,15
7271474852,15
8785567909,15
107692,15
107693,15
4691514032,15
4691514035,15
4530270906,15
269550783,15
269550786,15
1617596621,15
4275394254,15
1617596626,15
1617596627,15
21578454,15
1020211942,15
1617596646,15
4691460850,15
4691460851,15
269550330,15
269550331,15
269550332,15
1617596669,15
25475330,15
25475331,15
25475332,15
25495822,15
1617596693,15
25495838,15
1617596711,15
1617596714,15
25495852,15
7223668012,15
25495854,15
269550896,15
25495857,15
269550898,15
25472324,15
1617647944,15
1617647945,15
762080077,15
25378129,15
7223704403,15
7223704404,15
25498458,15
323262310,15
762080105,15
762080145,15
2586616722,15
33141178,15
762080190,15
8373690819,15
269589467,15
7223695325,15
7223695326,15
8785568222,15
8785568223,15
321255907,15
759123955,15
1832227968,16
1832227972,16
338472586,16
338472589,16
1832129807,16
5014591889,16
6279388821,16
6279388822,16
5014591895,16
6279388824,16
2458257563,16
1832129947,16
1832129821,16
1832227996,16
1832129951,16
1832227873,16
343669793,16
8975700260,16
343669796,16
343669798,16
1832129835,16
1364161197,16
5265953455,16
1832228016,16
5265953457,16
5265953459,16
1816038199,16
1832228035,16
1816038214,16
1832228039,16
323260106,16
1364172237,16
1832129869,16
1832240590,16
1832129873,16
1832129878,16
1953202903,16
1832240598,16
1832129881,16
1832129884,16
25495646,16
1832129888,16
25495648,16
25496800,16
6724775012,16
108389,16
6724775018,16
1832248428,16
1832248430,16
1364168178,16
1364168180,16
2458303223,16
1832129917,16
25495807,16
25495617,17
25495618,17
108391,17
350437608,17
25496624,17
25495697,17
25495698,17
5976672308,17
1816038230,17
25495769,17
10543800252,17
25497619,18
5095890460,18
5503142966,18
5503142969,18
5503142970,18
9820537917,18
9820537921,18
1736685635,18
9820537932,18
9820537933,18
1326821457,18
4297243218,18
1816777816,18
9576827482,18
25475674,18
1816777820,18
775984737,18
9820537954,18
9820537955,18
775984738,18
9820537957,18
4729480806,18
4729480807,18
25475692,18
25475693,18
25475694,18
1816705135,18
1736685679,18
4571244660,18
4571244663,18
9820537981,18
9820537982,18
1816705152,18
9820537992,18
9820537993,18
1599652492,18
1816705168,18
1816777873,18
9820538002,18
1816777874,18
9820538004,18
1599652497,18
9820538006,18
1816705175,18
1816705177,18
4297243292,18
1816705180,18
4298971293,18
4297243295,18
1816705183,18
4297243298,18
9820538020,18
4297243301,18
4158004390,18
9820538021,18
25475752,18
1816705193,18
4297243306,18
25475754,18
9820538022,18
4571238068,18
4571238069,18
1938953406,18
1326821568,18
5353127105,18
3257317059,18
1938953413,18
748797126,18
1816705227,18
6828863694,18
1816609486,18
6828863697,18
1816705235,18
6272993491,18
1938953431,18
1938953433,18
1816705242,18
748797145,18
1816609498,18
1938953437,18
1816705246,18
1816705250,18
748797155,18
21990638,18
4158122222,18
9805100783,18
4158122223,18
4298970364,18
25497340,18
4298970368,18
4298970372,18
4298970376,18
4298970380,18
4298970384,18
4298970388,18
1664571164,18
3107212073,18
355416887,18
355416892,18
355416911,18
4297242961,18
1601797458,18
355416920,18
355416921,18
1664571227,18
109403,18
1664571229,18
1664571236,18
4297054053,18
4297242983,18
108393,18
108406,18
1145174402,18
1493229962,18
1145174413,18
1145174417,18
1261120402,18
1145174418,18
9693963681,18
1145174435,18
1145174437,18
9693963688,18
710657963,18
1261120430,18
7947041713,18
4142725554,18
1813618616,18
3830441923,18
7075087299,18
3830441937,18
25499093,18
435104726,18
435104727,18
435104728,18
435104729,18
1145174501,18
1145174508,18
422573549,18
1913216493,18
6239229422,18
6239229423,18
25497595,18
25499808,19
390073160,19
5306194265,19
25632684,19
5973397966,19
3586606039,19
3586606038,19
25634199,19
3586606040,19
108409,19
3809744384,20
3809744385,20
3809744386,20
3809744387,20
3809744389,20
5933145606,20
3809744390,20
3809744392,20
338319877,20
1731235511,20
3809744395,20
3809744396,20
3809744398,20
3809744400,20
3809744401,20
3809744403,20
3809744404,20
906172949,20
3809744406,20
4317178392,20
3809744409,20
3809744412,20
3735886877,20
3809744414,20
3809744415,20
3809744416,20
3809744417,20
3809744418,20
3471375905,20
3809744419,20
3809744421,20
1150003237,20
3809744423,20
3471375913,20
3809744426,20
3809744430,20
3809744431,20
3809744432,20
3809744433,20
3809744434,20
3809744436,20
3809744439,20
3629223995,20
3809744444,20
3629223996,20
3809744446,20
5565466174,20
5565466175,20
5565466177,20
3809744443,20
3809744451,20
1668135492,20
3809744453,20
1390303296,20
5565466183,20
3805378119,20
3805378121,20
3805378122,20
3805378123,20
3805378124,20
25477197,20
1493676622,20
3805378120,20
57786953,20
1327865952,20
4383581281,20
1327865953,20
1233327202,20
1327865956,20
1327865957,20
25477224,20
7151566952,20
250327660,20
3808625773,20
25477228,20
3808625778,20
3808625780,20
3808625782,20
3808625785,20
3808625786,20
3808625791,20
3808625796,20
4749094023,20
1271712905,20
4749094026,20
3808625804,20
1271712911,20
3808625809,20
1271712914,20
2129578132,20
2129578133,20
1271804564,20
1271712920,20
1150003354,20
1271712922,20
2129578142,20
110238,20
1271712931,20
1271712934,20
3808625831,20
3808626859,20
3808626860,20
9030284973,20
3809744558,20
9030284975,20
3808626862,20
9030284977,20
3808626865,20
3808625843,20
3808626868,20
3809744565,20
3808626869,20
9030284983,20
3808626872,20
1150003385,20
1255487162,20
3809744571,20
3809744572,20
806373565,20
1271712957,20
3808625855,20
3808625853,20
3808626878,20
3808626882,20
2496836291,20
3808626884,20
1039290561,20
3808626886,20
1255487174,20
1255487176,20
3809744583,20
1255487171,20
3809744584,20
1255487177,20
3808626893,20
3808626887,20
2496836303,20
3808626895,20
3808626896,20
1731235534,20
1255487187,20
21990614,20
3808626902,20
3808626904,20
3808626905,20
25477335,20
25477339,20
1731235545,20
728370399,20
8210567392,20
3808626913,20
3808626914,20
8210567395,20
8210567396,20
3808626912,20
1039290594,20
21990627,20
302013668,20
8210567401,20
8210567402,20
3808626923,20
3808626922,20
6574794989,20
3805378111,20
1731235558,20
3808626929,20
1731235557,20
3805378112,20
4333847283,20
3808626934,20
3808626935,20
3629217345,20
1255320311,20
3805378113,20
3808626940,20
3808626941,20
4317211389,20
3805378114,20
3629217346,20
3808626945,20
3629217347,20
3808626947,20
3805378116,20
3629217348,20
251757321,20
1255490314,20
3805378117,20
3733299982,20
1255320339,20
3733299988,20
5925626143,20
4086232866,20
1255320354,20
4086232870,20
4086232871,20
1787108647,20
1787108648,20
1787108649,20
1255320363,20
1787108650,20
4316822830,20
1255320367,20
475396924,20
475396929,20
302013666,20
8042031957,20
8042031958,20
1271774552,20
3805122394,20
3805122396,20
2935373159,20
2935373161,20
4382350190,20
3808627061,20
4382273402,20
3808627066,20
4382273404,20
3808625835,20
3515286913,20
3988141441,20
3988141442,20
108420,20
4075008388,20
3808625837,20
249558409,20
28728205,20
2402557839,20
28728208,20
1255369105,20
25477301,20
1255369111,20
1255369125,20
4317187494,20
835390887,20
1255369128,20
3808625844,20
3673602988,20
835390893,20
835390894,20
1255369135,20
3093894066,20
3809870259,20
1255369140,20
3809870261,20
3809870262,20
3809870260,20
3809870264,20
3809870265,20
3809870266,20
3809870267,20
1255369148,20
3809870269,20
3809870270,20
2560785849,20
3809870272,20
3809870273,20
4511948225,20
1255369152,20
1255369156,20
3809870277,20
3629223879,20
1255369159,20
3809870281,20
3629223881,20
3809870283,20
3629223884,20
3629223885,20
4511972302,20
3809870287,20
3809870288,20
4511972301,20
3629223890,20
3152307669,20
3808626871,20
3808625854,20
2929119403,20
1271712946,20
2254629351,20
2929119405,20
3170676207,20
4316823023,20
28193265,20
25477106,20
3637436403,20
3637436404,20
3809744380,20
3809744381,20
3809744383,20
20626290,21
2278320131,21
108838,21
108845,22
5124166975,22
1777728708,23
108871,23
20626317,23
20626318,23
4866475733,23
3796774902,23
4866475736,23
5124166971,23
5124166973,23
18395806,23
108903,24
25496777,24
245200970,24
4211515569,24
663363473,24
8972511964,24
109408,25
894485202,25
470727954,25
1236791504,25
20626311,26
20626312,26
3796814729,26
20626315,26
20626316,26
7572522510,26
7572522511,26
7572522512,26
7572522513,26
7572522523,26
6509584413,26
109734,26
7572522540,26
2012970414,26
1536948536,26
7572522556,26
2504847039,26
4866475729,26
4866475730,26
4866475734,26
4866475738,26
1852996954,26
1536948578,26
109411,26
109412,26
2504822135,26
1536948474,26
1536948477,26
109414,27
9030029183,27
1547013760,28
692162510,28
707377287,28
30056330,28
1547013655,28
27458331,28
109728,28
3215687074,28
1547013667,28
25476134,28
4402594986,28
1566269741,28
4920098350,28
4619022513,28
4619022514,28
27458353,28
5342236721,28
4402629177,28
4402629178,28
1550763708,28
3830043581,28
4402629180,28
6218468163,28
6218468164,28
1547013699,28
5342236740,28
5342236739,28
1547013704,28
5335245256,28
1566270021,28
1312454086,28
5564754892,28
9704122317,28
5335245257,28
27481039,28
1566270409,28
27481040,28
692162514,28
5931509715,28
1550763732,28
3708234964,28
5931509718,28
27481044,28
27481041,28
471488472,28
30056280,28
3830029915,28
4807512540,28
4807512541,28
5564410334,28
692162527,28
1547392865,28
2961891,28
5580861156,28
1547013604,28
1550763620,28
5768339816,28
5768339817,28
30057965,28
5335245254,28
1547013743,28
6600283121,28
367121266,28
30056310,28
1547013754,28
692162559,28
302013676,29
109766,29
302013678,29
373402354,30
109780,30
18468953,31
9514602150,31
9514602151,31
9514602152,31
9514602153,31
5047029672,31
4922952364,31
4922952370,31
109785,31
7911282826,32
10306429323,32
5905896973,32
1556097166,32
3887941007,32
10306429327,32
3887941009,32
3887941010,32
10306429328,32
1556097177,32
6446229933,32
1556097326,32
1556260024,32
6446256190,32
24952268,32
109788,32
4169714270,32
4169714271,32
4169714272,32
6166157035,32
1556097387,32
8675201264,32
6446269173,32
435104742,33
1723340842,33
1723340785,33
25472789,33
110141,33
1685281025,34
1685281029,34
4823246342,34
1685281031,34
4823246344,34
1685281032,34
1685281035,34
1150003340,34
5609643663,34
5609643664,34
1685281041,34
5609643665,34
25498004,34
1685281045,34
1685281046,34
1685281175,34
1141415192,34
5609643670,34
25498010,34
1685281053,34
1686463389,34
1685281056,34
1686463392,34
1685281058,34
1141415202,34
1685281061,34
1686463397,34
1685281063,34
1685281064,34
1684835241,34
1141415215,34
1150003503,34
1686463794,34
1685281075,34
1685281076,34
1685281077,34
1141415220,34
1685281079,34
110143,34
1685281087,34
1686463428,34
1150003270,34
1684835016,34
1150003530,34
1309067472,34
1685281104,34
1757440607,34
1685281123,34
149451620,34
5609643623,34
1685281003,34
1685281260,34
1685281006,34
1493658224,34
1685281010,34
1685281011,34
1685281013,34
1493662967,34
1685281017,34
1685281020,34
1685281021,34
1707790096,35
21392273,35
21392276,35
2343269909,35
4156336278,35
25509526,35
2293833763,35
10241310755,35
5374174119,35
470727722,35
3972566713,35
3972566716,35
9949142599,35
5880186827,35
5880186829,35
5880186830,35
5880186833,35
237908,35
4822267094,35
21563479,35
21563481,35
21563489,35
1707790074,35
1707790076,35
6866779798,36
6866779799,36
6866779802,36
4530012699,36
6866779804,36
4530012700,36
4530012702,36
6866779806,36
4530012703,36
6866779809,36
6866779810,36
6866779817,36
6866779818,36
2632761651,36
282708,36
4316306161,36
4316306163,36
4316306164,36
1761598585,36
25438595,37
25438732,37
25438638,37
282719,37
24661273,38
8807431546,38
2961540,38
24950109,38
8972441125,39
8972441126,39
438170475,39
25496748,39
8972441579,39
21583342,39
5265830862,39
25496815,39
10572785,39
25496785,39
1958800795,39
8972511962,39
8972511963,39
8785568224,40
8785567914,40
8972441580,40
10572786,40
1985084095,40
2990651904,41
2990651905,41
5067002882,41
1759454211,41
2990651908,41
2990651909,41
2990651910,41
2990651906,41
2990651912,41
8989843465,41
2990651914,41
25497611,41
2990651911,41
1759454222,41
2990651918,41
1758552592,41
2990651920,41
973128722,41
2990651921,41
1758552597,41
10607127,41
10607128,41
1150003224,41
1150003238,41
7553479208,41
5040168489,41
5040168491,41
7553479212,41
1596655148,41
1596655149,41
1150003247,41
5040168496,41
8784212017,41
1596655155,41
1813618228,41
1596655157,41
1813618229,41
8784177716,41
2990716984,41
1596655161,41
2990716985,41
2990716986,41
1150003264,41
256766532,41
256766533,41
2755124807,41
256766536,41
256766537,41
2990717001,41
2755124815,41
5238528591,41
256766545,41
1150003289,41
1141487712,41
1759454305,41
25632870,41
5041784423,41
1758552682,41
1141487723,41
1813618288,41
5242049139,41
6978555518,41
5609643647,41
1813618304,41
1150003329,41
6978555522,41
1141487746,41
2990780039,41
2987752071,41
20460681,41
2987752074,41
2987752075,41
2987752073,41
1684710025,41
20460686,41
20460687,41
20460680,41
5269670540,41
20460690,41
20460691,41
1759454351,41
5733998227,41
5733998228,41
28800663,41
20460696,41
20460697,41
819132568,41
28800660,41
6506796188,41
1684710044,41
28800664,41
5041784489,41
1759454378,41
25473199,41
25473200,41
2990664881,41
25473202,41
1758554291,41
25473204,41
5041784501,41
1813618358,41
25473207,41
25473205,41
244128951,41
5060405429,41
5060405427,41
5060405430,41
1813618365,41
5060405434,41
1326821569,41
5060405441,41
5060405443,41
5060405444,41
5060405445,41
5060405446,41
748941508,41
1813618376,41
1813618393,41
1759454429,41
6978557152,41
748941552,41
748941556,41
25497845,41
1813618424,41
748941560,41
1813618426,41
1813618429,41
1813618431,41
1813618432,41
748941573,41
5060388105,41
748941577,41
5060388107,41
5060388110,41
25497872,41
1150003472,41
5060388115,41
2118622487,41
2118622488,41
1813618461,41
1813618463,41
1813618465,41
2480657186,41
1401893666,41
1401893675,41
8975833905,41
6978563378,41
1813618484,41
8975833911,41
5041784633,41
5041784634,41
1813618493,41
8868824899,41
8868824900,41
8868824901,41
1150003532,41
8868824911,41
8868824912,41
8868824913,41
8868824914,41
1366095187,41
875789647,41
1366095189,41
10004388708,41
10004388710,41
1150003563,41
1684781421,41
3739049327,41
632447859,41
1150003571,41
25472885,41
25497978,41
25497979,41
372050299,41
25497981,41
1684781436,41
25497985,41
2990806410,41
2990806411,41
3739049356,41
2990806415,41
968499092,41
3739049365,41
3739049366,41
1759454104,41
6871422361,41
6871422360,41
5238523291,41
1311962012,41
4948630427,41
1684781470,41
4948630428,41
3739049382,41
3739049383,41
316763559,41
5609643658,41
1684781486,41
435104712,41
6816821193,41
1758552522,41
435104715,41
1150003147,41
435104717,41
1758552524,41
1758552521,41
1759454163,41
1150003155,41
1758552541,41
1311962080,41
2990651907,41
1150003170,41
5067002851,41
1758552547,41
5067002855,41
1758552555,41
5067002862,41
1758552559,41
5067002867,41
1150003195,41
1150003197,41
435104736,42
435104738,42
435104732,42
10607132,42
435104735,42
5470932256,43
10607629,43
5468301555,43
25496857,43
5470932252,43
1721713699,44
672061444,44
2902624645,44
2406484455,44
1312188714,44
1721713677,44
672061646,44
1717643505,44
1717643512,44
10677374,44
10677376,45
2642857203,45
5473274959,45
1360122880,46
6431923714,46
6431923715,46
4462680068,46
7840712839,46
1832248457,46
1832248458,46
5642519054,46
5642519055,46
5374174224,46
5642519056,46
4462680078,46
5642519060,46
9804471701,46
9804471702,46
595709975,46
25496854,46
5642519066,46
14672924,46
5642519068,46
5642519069,46
5573994014,46
5573994016,46
9846850973,46
9846850972,46
9846850974,46
5573994020,46
1832129958,46
1832129960,46
5374174120,46
1832129962,46
7203717550,46
5839165751,46
1360122937,46
25151180,46
4512763345,46
4512763347,46
5839155672,46
1360122841,46
5460658138,46
5471345385,46
1360122860,46
308837357,46
5573931376,46
5573931377,46
1360122866,46
5573931380,46
5573931381,46
5573931384,46
529722111,46
21307200,47
18393873,47
28800667,47
25161371,47
1717643530,48
1717643537,48
18395287,48
18395288,48
25161370,48
1939632514,49
8869472263,49
1939632519,49
5041945479,49
5041945480,49
250550024,49
20460684,49
10577984012,49
250550023,49
3320754320,49
3870640530,49
3320754322,49
1723315608,49
3247825561,49
3247825562,49
28800670,49
25498015,49
5938625442,49
250550053,49
3247824558,49
250550447,49
7636278191,49
7636278193,49
4401149234,49
7636278195,49
7636278196,49
7636278198,49
7636278199,49
1343823416,49
7636278200,49
8898783674,49
1343823418,49
7636278201,49
2923703875,49
8898783685,49
8869464390,49
18398282,49
4807521484,49
1312335310,49
8869464398,49
3741131600,49
1309067471,49
5238500306,49
5238500308,49
3741131606,49
8869464407,49
5238500312,49
5238500313,49
7636244314,49
5006781409,49
149451622,49
873809385,49
632438506,49
1169109485,49
2990721390,49
8869472239,49
2990721391,49
8869472242,49
20458277,50
250549587,50
4618510643,50
1312188692,50
4618510644,50
20625793,51
25497603,51
2528484782,51
5905807279,51
5905807278,51
1547657140,51
10544409928,51
10544409929,51
10544409930,51
25474005,51
10544409948,51
10544409950,51
25474015,51
10544409954,51
25474019,51
10544409957,51
10544409958,51
10544409959,51
10544409960,51
10544409961,51
10544409963,51
10544409964,51
10544409966,51
10544409967,51
5976760444,51
5976760446,51
20625800,52
710521820,52
585201189,52
1561411396,52
6918421504,53
6918421508,53
6918421509,53
4777897926,53
6918421511,53
3616299208,53
6918421512,53
20626282,53
1556097098,53
6918421513,53
1951372909,53
10306429333,53
8675201272,53
1556097245,53
1951372927,53
25067398,54
4085778920,54
7824747306,54
20626301,54
1536948431,54
6446301329,54
4085778930,54
5146186589,54
5146186590,54
5146186591,54
20626304,55
2941549929,55
2941549928,55
3519324894,55
5124166978,56
20626307,56
7572833352,57
7572833353,57
20626314,57
20965801,58
2398924898,58
5177397824,59
8755805313,59
3328228994,59
4367041960,59
25524297,59
4367041962,59
21392267,59
6606135977,60
6606135979,60
6606135983,60
21392279,60
4462680066,61
4462680070,61
9201323528,61
21563788,61
6978443788,61
4462680076,61
4208239642,61
21686572,61
21686574,61
3972566705,61
3972566714,61
9203541581,61
4462683090,61
5839163740,61
5788363874,61
5788363878,61
5907366887,61
5788363880,61
9203541611,61
9203541612,61
9236477422,61
6828921212,61
21578456,62
21578457,62
25495589,62
4378043649,63
4378043661,63
4378043662,63
1837610895,63
1837610896,63
4378043667,63
269547420,63
4378043682,63
1360122917,63
4076095791,63
1609966643,63
4076095797,63
1609966653,63
4370333637,63
25500246,63
4076095834,63
1163955034,63
4076095841,63
21685483,63
21685484,63
21685485,63
1832129794,64
1832129785,64
25496847,64
1832129776,64
1832129778,64
4077495826,64
21685497,64
1684437690,64
1684437692,64
1832129789,64
21693787,65
25500239,65
1238259337,66
4530011788,66
3197339664,66
3197339666,66
3197339667,66
4530012691,66
3197339668,66
4530012690,66
4530012695,66
1150003480,66
3197339673,66
3197339674,66
4530012696,66
3197339676,66
1731235480,66
1731235606,66
4530012705,66
4530012706,66
4530012707,66
1731235489,66
1731235492,66
4530012711,66
1731225596,66
288193455,66
1728472241,66
3197333559,66
4729385030,66
4729385031,66
1150003400,66
3794876751,66
1150003547,66
21990620,66
1731225566,66
1327865950,66
5565486432,66
1150003423,66
5565486434,66
1731225575,66
1731225580,66
28728187,66
5565487612,66
4556931604,67
21990622,67
5565443389,68
21990628,68
21990629,68
5565443390,69
250327618,69
21990630,69
250327591,69
1718566880,70
1718566886,70
21990631,70
21990632,70
8869464392,70
5042033643,70
8869464378,70
6116290274,71
24659947,71
6948380395,71
6948380400,71
6948380401,71
24949780,71
9693920800,72
9693920796,72
9693920797,72
24660863,72
5046314043,73
25632860,73
24951854,73
10544113920,74
10544113922,74
24952195,74
10544113923,74
3887940999,74
2528522518,74
6867581464,74
6867581465,74
2528522524,74
694824861,74
2528483741,74
2528522528,74
2528522530,74
6985465124,74
6985465127,74
6985465130,74
6985465133,74
2528522542,74
2528484781,74
2528522547,74
2528522549,74
6886012733,74
2038033986,74
1556324684,74
3385387604,74
3385387606,74
3385387607,74
3385356250,74
4117882857,74
25532273,74
1689387896,74
1689387903,74
5087519104,75
25066338,75
25161347,75
5087519106,75
25066412,75
5090420611,76
25161348,76
5090420613,76
5090420614,76
5090420940,76
5090420941,76
25066419,76
8807429660,76
1718390753,77
1717650794,77
25066451,77
25066453,77
25161369,77
25067264,78
25067265,78
2566132610,78
2566132611,78
25067397,78
5146186503,78
5146186504,78
5146186505,78
950703626,78
5146186507,78
25161356,78
25505685,78
25161373,78
7824747295,78
25067298,78
7824747302,78
25067305,78
6967585840,78
6967585841,78
6967585842,78
6967585843,78
1827389620,78
6967585845,78
1782727992,78
6446304190,78
5201625535,78
5201625537,78
5201625539,78
5201625541,78
25505606,78
700774224,78
25505634,78
5146186468,78
5146186470,78
4085778919,78
1990694638,78
4085778927,78
4085778933,78
5146186489,78
6369361794,79
25161357,79
1309180608,80
7447637305,80
25471289,80
3691462888,80
25471274,80
25471090,80
2755124947,80
2755124949,80
25632854,80
7447565847,80
7447565849,80
7447637306,80
2036181339,80
25471263,80
1309180610,81
1309180612,81
1723389067,81
7792756412,81
7792756414,81
25471135,81
2036185421,82
25472215,82
4675821921,83
25472545,83
4675821944,83
4675821925,83
4675821924,83
4665353643,83
4665353644,83
4675821932,83
4675821931,83
762080111,83
1617596591,83
25473048,83
25472379,83
10196915587,84
10196915588,84
10196915589,84
32921737,84
32921738,84
10196915593,84
4675822093,84
4675822094,84
4675822095,84
4675821968,84
4675822097,84
761831057,84
4675822099,84
4675822100,84
270110481,84
270109325,84
751837591,84
270109327,84
270109326,84
1617647900,84
1617647901,84
270112540,84
270112539,84
751837736,84
25472428,84
1401849779,84
751837622,84
270109370,84
1617647931,84
1617647934,84
1419544126,84
270110143,84
270110142,84
4665352260,84
4665352261,84
4665352262,84
761830981,84
4665352264,84
2134066506,84
761830987,84
9566848716,84
761830989,84
1419544142,84
26374230,84
26374231,84
761831000,84
26374232,84
751837654,84
761831004,84
761831007,84
270110053,84
270110054,84
321255911,84
321255910,84
4781199338,84
761831019,84
761831023,84
751837551,84
6483733489,84
6483733493,84
1419603573,84
25472890,84
761831037,84
25472800,85
149431715,85
2168949324,85
2168949325,85
1954751920,85
2940401398,85
3741131607,85
3741131608,85
4665353660,86
25473004,86
4665353662,86
25475328,87
25473281,87
9700060290,87
9700060291,87
9700060292,87
690295042,87
1563638022,87
690295047,87
1990912136,87
5904615691,87
5904615694,87
5904615699,87
3999987604,87
696477560,87
5904615708,87
2528483742,87
1233353631,87
5574049698,87
5574049700,87
4777885221,87
5574049702,87
4085387943,87
5574049703,87
4085387945,87
1233353642,87
4773889323,87
5574049707,87
5574049709,87
283062189,87
3385332654,87
1233353640,87
9683686963,87
5574049717,87
9683633717,87
5574049718,87
4085600696,87
4229228089,87
4085600698,87
9683633718,87
5574049719,87
3733791671,87
673420216,87
1137777343,87
1155552319,87
1155552322,87
6779394887,87
25475417,87
585148380,87
4832472797,87
9135848928,87
9135845216,87
680069473,87
8497605091,87
9683400934,87
1951242857,87
9683400938,87
680069483,87
713363180,87
4136124526,87
4166219502,87
8031801454,87
1990912115,87
1233353464,87
5574051321,87
585130362,87
1233353467,87
25473279,87
1547392771,88
1547013574,88
9694091976,88
9694091978,88
25475053,88
9694091983,88
9694091984,88
1547013588,88
1547013592,88
1547392927,88
25475072,89
8064065323,89
8064065324,89
1547657099,89
25496910,89
1547657104,89
585180151,89
6332695639,89
277337783,89
4529839800,89
7236131862,89
6332695642,89
6696695781,90
10579930791,90
10579930792,90
8783914189,90
8783914190,90
8604055550,90
8604055549,90
25475678,90
25475688,91
25475690,91
9820538027,91
25475691,91
25499095,91
8632535522,92
1312188614,92
306439304,92
2545230474,92
8632535532,92
306439310,92
8632535535,92
25477149,92
25477150,92
3741078112,93
25477154,93
1312319838,93
306439338,93
306439329,94
25477156,94
249679365,95
9080098310,95
3168378376,95
9080098315,95
9080098316,95
28418580,95
3528711722,95
27459116,95
251757615,95
27459120,95
249679407,95
7817166393,95
249679418,95
249679420,95
7817166397,95
5924603458,95
1042862659,95
5924603460,95
7817166407,95
3073173576,95
3073173585,95
7899973206,95
28418138,95
27459165,95
28418141,95
28418144,95
8500636794,95
1042862718,95
4344245890,95
4344245892,95
4344245893,95
3528738438,95
3528738439,95
3528738440,95
4344245894,95
5257738380,95
5257738381,95
5257738382,95
5257738383,95
5257738384,95
5257738385,95
5257738386,95
5257738387,95
5257738388,95
9030037139,95
3528710291,95
27460250,95
6995618979,95
7817162919,95
5242815659,95
5160943793,95
5160943794,95
5160943795,95
5160943796,95
5160943797,95
5160943798,95
5160943799,95
5160943800,95
5160943803,95
5160943804,95
5160943806,95
5160943807,95
5160943808,95
472493763,95
1039290567,95
4089885900,95
5174825175,95
5174825176,95
5174825178,95
302013659,95
5174825180,95
5174825181,95
3892081373,95
5174825183,95
302013662,95
3892081377,95
3892081378,95
9080123621,95
1014803686,95
3892081382,95
3892081384,95
6969936104,95
6969936106,95
6969936102,95
6969936108,95
6969936109,95
6969936110,95
1014803691,95
6969936114,95
6969936115,95
6969936116,95
302013685,95
6969936117,95
302013682,95
2914561272,95
302013688,95
2914561274,95
25477371,95
3894948091,95
3894948093,95
249679102,95
1014803704,95
28419328,95
3894948098,95
3894948099,95
3894948100,95
670103313,95
670103314,95
1014803736,95
3068267824,95
3068267825,95
2140124982,95
2140124983,95
3682538298,95
8042031930,95
249679168,95
5768339777,95
2140124996,95
4144358216,95
4144358217,95
4949004105,95
4949004106,95
302013776,95
302013777,95
4948602211,95
3550836102,95
3550836104,95
251757452,95
251757458,95
2934411667,95
3014236566,95
3014236567,95
3014236569,95
3014236570,95
2935392676,95
302013683,95
3068270504,95
3068270516,95
5174828980,95
3068270518,95
249558964,95
3186593720,95
1039322041,95
3186593722,95
28418497,95
251757533,95
249559005,95
1039322102,95
9080098298,95
9080098299,95
819157946,96
25477858,96
3661703766,96
819157975,96
1832052008,97
1707790107,97
25495542,97
1832129783,97
8645592520,98
8645592521,98
25495819,98
6354294763,98
25495820,98
1832052016,98
25495858,98
25495639,98
25495640,98
1834657466,98
6354294779,98
1834657469,98
350628799,98
7279228683,99
317930380,99
25496773,99
1985084135,100
1985084137,100
25496781,100
25496783,100
25496787,100
25496788,100
25496825,101
5060391418,101
321255925,101
5060391821,101
25496850,102
25496851,102
4730978983,102
9690974273,103
9690974274,103
4920098344,103
4920098349,103
25496920,103
2480657188,104
25632678,104
2480657190,104
1954751914,104
25497968,104
25497970,104
2135411292,104
2135411293,104
25497986,105
6374802555,105
5711517570,106
5711517571,106
4703559689,106
25497997,106
5479654172,106
1723388957,106
5479654175,106
1723388960,106
5479654177,106
2331184930,106
2331184932,106
25498021,106
2331184935,106
1723388970,106
1723388974,106
1723388976,106
1723388979,106
1723388981,106
1723388986,106
1723388988,106
5006916678,106
446765895,106
446765900,106
5479655630,106
5479655634,106
4703542485,106
4703542486,106
390073175,106
6525670236,106
6525670237,106
2135411294,106
2135389151,106
2135411296,106
2135411297,106
6525670242,106
5479655652,106
5479655662,106
6374802559,106
25498016,107
6569580040,107
3247578847,107
25498018,108
3725817386,108
6374802579,108
6374802582,108
6374802583,108
7792756672,109
7792756674,109
7792756676,109
7792756680,109
7792756713,109
25498026,109
5711517569,110
5711517565,110
25499655,110
25505679,111
9988193967,111
25505607,111
6606135968,112
25509513,112
9197589233,112
9197589238,112
316763584,113
25632865,113
316763586,113
25632864,113
5046627553,113
316763600,113
1215563891,113
5046627638,113
5046627642,113
25632859,113
5046627645,113
25632862,113
429346241,114
4534184514,114
4534184515,114
429346238,114
4223357836,114
27460210,114
429346236,114
27459198,114
302013672,115
302013674,115
347542742,115
347542743,115
3081980920,115
3081980922,115
27480956,115
27480957,115
27480958,115
27480960,116
9678821156,116
1736734053,116
1238249900,116
1238249901,116
1238249904,116
7900221108,116
249560091,116
7900221087,116
5106520280,117
429346251,117
3632577084,117
28418909,117
3984132032,118
4116809027,118
3984132036,118
3984132037,118
302013708,118
4422013486,118
249679343,118
4089885902,118
28418929,118
1401908258,119
1401908260,119
250550183,119
28800661,119
28800662,119
250550174,119
8869464371,120
28800668,120
32921724,121
761830999,121
761830991,121
32921728,122
32921729,122
32921731,122
4697525030,122
4697525032,122
1401849768,122
26374229,122
32921748,123
32921743,123
354886099,124
213668839,124
1685276643,125
250549700,125
250549699,125
255700677,125
213672005,125
250327619,125
8868010217,125
213668842,125
2642612586,125
213668844,125
8868010221,125
2642612585,125
213670986,125
2642878644,125
250327576,125
8868010202,125
250327547,125
8868010204,125
7815533545,126
7815533546,126
249558966,126
250326914,127
18469132,127
1401416208,127
8868010160,127
8868010162,127
250327159,127
354886082,128
250549670,128
1310663631,128
3114645200,128
3114645201,128
250327037,128
250550400,129
973101839,129
4275394255,130
350377999,130
1707790105,130
6828921210,130
6828921211,130
269550333,130
316763595,131
316763589,131
316763590,131
1832129796,132
338474279,132
1832129800,132
1832129838,132
1832129809,132
4462680082,132
1832129815,132
1686463489,133
1686463523,133
3739049325,133
1686463503,133
1686463471,133
1686463505,133
1686463476,133
1686463510,133
390073208,133
7882485394,134
10308697502,134
469785734,134
471488499,135
1493722803,135
1547013711,135
2137096880,136
4305235825,136
473257581,136
473262660,137
473262822,137
697044225,138
707377382,138
1609966639,139
7946378609,139
4370333651,139
4370333652,139
4370333653,139
748799641,139
4370333657,139
796809545,140
8497605078,140
249467025,141
806373533,141
1556097120,142
811035012,142
6446229925,142
5905897286,142
8807410149,142
6446218920,142
1547013705,142
1556097111,142
1569300062,143
1144619335,143
1150003141,144
5609643622,144
1150003479,144
5609643652,145
5609643653,145
5609643656,145
1150003213,145
5609643662,145
5609643672,145
1684835097,145
5609643673,145
5609643674,145
5609643675,145
5609643676,145
5609643682,145
5609643685,145
5609643686,145
5609643687,145
6816821186,145
1684835019,145
1684835152,145
1684835156,145
6014333809,145
1684835062,145
1163955119,146
1401870341,146
1163955037,146
5353114285,146
1987381555,147
1237876710,147
1237876703,147
1255491496,148
1255369133,148
4511972303,148
1255491504,148
4511972304,148
1255491506,148
1255487160,149
1255487172,149
1255487166,149
1722268388,150
3093897990,150
4749090120,150
2387232554,150
2387232559,150
1722268367,150
5565455858,150
1280491924,150
1280491926,150
1722268381,150
3741117630,150
2402557599,150
3272782432,151
8807410151,151
1547013738,151
2454119184,151
1547013589,151
2454091736,151
3272782431,151
1556097306,152
1556097431,152
1587318992,153
1587318999,153
1817617689,154
1817617691,154
1817617692,154
1596648669,154
1596648671,154
1617532088,155
4697287185,155
4696544876,155
4663312759,155
1617596593,156
3328228993,156
1617532092,156
1617596606,156
6866592992,157
6866516262,157
2453947049,157
2453947051,157
4211515634,157
1637578547,157
1637578516,157
6866516278,157
1637578522,157
2576893629,157
1637578551,158
1637578535,158
1668135493,159
3197339661,159
3197339662,159
3170676206,159
5565475799,159
1668135486,159
1685281036,160
1685281022,160
1707790024,161
1707790026,161
4650375494,162
1707790055,162
1707790057,162
4650375504,162
4650375505,162
1707790067,162
4650375508,162
4658088539,162
1955520890,162
3972566715,162
6978459068,163
5177352922,163
1707790099,163
5177352932,163
1810130458,164
4077495964,164
1816038215,165
1832665997,165
1832666001,165
7279239795,165
1816038195,165
4158000323,166
1816959492,166
4142725558,166
1832228100,167
1832228080,167
1832228112,167
1832228144,167
1832228083,167
1832228115,167
1832228120,167
1832228159,167
1882379248,168
10090013713,168
10090013714,168
2306288080,168
4823243100,168
3247578846,168
3987750688,169
5269678593,169
1951190474,169
1968744210,170
3992885062,170
4697288399,170
1990694620,171
1990694647,171
2502545024,172
9619940387,172
1990912102,172
1990912134,172
4117896490,172
2502545041,172
9683400946,172
9683400950,172
9678366518,172
9678523000,172
8031800090,172
5574051323,172
8031800092,172
8031800094,172
2141364708,173
2141364732,173
2341656968,174
4697287177,174
4697287178,174
3265436691,174
4696545402,174
4696568110,174
8620105277,174
8620105279,174
4697288390,174
4085747017,174
367102039,174
4166662874,174
4166662878,174
3265436260,174
4174200048,174
4696544885,174
4696545399,174
4175081593,174
4175081594,174
3911044734,174
3247589712,175
6569580044,175
6569580045,175
2531863975,175
2531863977,176
2531863978,176
2612458244,177
3987750692,177
9673189926,177
5977954180,177
6110164649,177
7900888467,177
3850146457,177
10539068564,178
2665239972,178
10539068565,178
10539068590,178
2935373301,179
3809870263,179
3739049344,180
2990721387,180
5992797788,180
3739049346,181
2990732269,181
6116290280,182
5473274252,182
5473274253,182
5473274254,182
5473274256,182
5473274257,182
5473274259,182
5473274260,182
3139655930,182
3139655933,182
5473273470,182
3158794148,183
5473272900,183
5473272902,183
3158794151,183
5473272904,183
5473273067,183
5473273068,183
4534858543,183
5473272882,183
5473272983,183
5473272984,183
5473272667,183
5473272700,183
3578315456,184
3586606037,184
4089885905,185
6294214898,185
6294214897,185
4369519260,186
4369519219,186
4369519227,186
4369519206,186
4554237017,187
5009054889,187
5009054892,187
4696545403,188
4697287188,188
4781199345,189
4781199346,189
4781199348,189
4781199350,189
4781199352,189
4781199354,189
4781199355,189
6374802572,190
5006965588,190
5006965589,190
5060405461,191
1954751918,191
5095547184,192
5095547180,192
5095547181,192
5095547182,192
5468301601,193
10607626,193
5468301602,193
5473273795,194
5473273796,194
5473273798,194
5473273803,194
5473273805,194
5473273616,194
5473273791,194
5473273788,195
5473273789,195
5473273790,195
5475684676,196
5475684680,196
5475684684,196
5475684621,196
5475675316,196
5733997920,197
5733997919,197
5927671120,198
5927671121,198
6525701529,199
4142725557,199
6525701539,200
6525701540,200
6525701530,200
6525701533,200
6525701535,200
6606148797,201
6606148798,201
6855696495,202
6855696496,202
6855696497,202
6855696502,202
6855696503,202
6855696504,202
6855696506,202
7553887392,203
8869435266,203
8869435267,203
8869435272,203
8869435273,203
8869435257,203
7792756538,204
7792756539,204
7792756540,204
8357847937,205
8357847938,205
8357847939,205
8357847927,205
8357847928,205
8357847929,205
8357847930,205
8357847931,205
8357847932,205
8357847933,205
8357847934,205
8515091587,206
8515091588,206
8515091590,206
25532494,207
8807410150,207
9524817681,208
9524817682,208
10306423508,209
10306429309,209
10306429310,209
10306429319,209
