node_id,cluster_id
1596648673,0
1832129762,0
4076126468,0
7946372941,0
5516594509,0
1401849810,0
25509527,0
25509533,0
104318,0
2398924896,1
20965798,1
20965799,1
20965800,1
25500427,1
8868824844,1
2398924877,1
7946378606,1
7946378610,1
2398924886,1
104319,1
104320,2
1215563904,2
373364228,2
1649365894,2
3229825163,2
6369329166,2
3229825166,2
8868824851,2
8868824852,2
3229825173,2
5475684758,2
8868824855,2
8868824856,2
8868824857,2
5475684763,2
20965794,2
20965797,2
107687,2
18397096,2
20965803,2
1163955130,2
10263444809,2
441958994,2
21693795,2
5475684848,2
1649365878,2
1215563895,2
1771426174,2
104321,3
25161346,3
25161349,3
7553887464,3
25161367,3
24951853,3
4922952366,3
1046306670,3
4922952365,3
1046334318,3
4922952371,3
4922952372,3
4922952373,3
4922952374,3
24658003,3
24658007,3
24658010,3
25066333,3
28800672,4
25161345,4
104322,4
8869435268,4
24950117,4
316763500,4
316763501,4
317380078,4
7553887409,4
8869435288,4
8869435286,4
8869435287,4
25161368,4
316763513,4
5046005789,4
5046005790,4
8438226815,4
25475712,5
4715264001,5
4715264002,5
104323,5
4715264004,5
4715264006,5
4715264007,5
722208263,5
7623861385,5
6014302222,5
6014302224,5
6014302225,5
8064065315,5
8064065316,5
8429812517,5
9216868136,5
722208297,5
9216868137,5
9216868141,5
1532087855,5
295977520,5
9216868143,5
9216868145,5
5924603442,5
4136137529,5
4136137530,5
5924603450,5
4534184512,5
9690915267,5
9690915275,5
9690915278,5
25475663,5
25475664,5
2374491605,5
4167762776,5
2969438426,5
4167762778,5
6265654111,5
4715263991,5
4715263992,5
4715263993,5
4715263995,5
1237883773,5
4715263998,5
107584,6
27459905,6
5580861153,6
1312471267,6
429346243,6
429346242,6
429346244,6
742399752,6
4629462859,6
4430996044,6
429346253,6
6218501742,6
5116226063,6
251892754,6
252601811,6
251892950,6
28418877,6
5580861151,6
107585,7
6218501739,7
6218501740,7
6218501748,7
6218501751,7
8515091591,8
4726152850,8
1787108626,8
4726152852,8
4726152853,8
4726152857,8
4726152858,8
250549282,8
250325411,8
2003007012,8
4453606953,8
2920433449,8
3334162601,8
3375451566,8
4453606958,8
2929116721,8
4224123324,8
250327100,8
8043350334,8
8043350335,8
107586,8
1779589718,8
1312188768,8
21990624,8
21990625,8
250549348,8
2934268024,8
1733389314,9
5473274891,9
1365887500,9
25069071,9
5473274896,9
3136311315,9
3136311316,9
8807429659,9
25071133,9
5473274911,9
25071136,9
25071137,9
25071139,9
1733389349,9
25071142,9
25071145,9
1733389353,9
2218344510,9
5473272894,9
5473272896,9
5473272897,9
5473272895,9
107587,9
107588,9
5473272899,9
5473274957,9
3141817429,9
5473274969,9
2218340965,9
5473273451,9
5473274990,9
5473273966,9
5473273968,9
3136301320,9
5473273967,9
5473273457,9
4861365369,9
4861365370,9
5473275004,9
4861365372,9
5473274494,9
5473274493,9
5473274501,9
5473274502,9
5473274503,9
3136301324,9
4861365383,9
5473274506,9
1497452171,9
5473274507,9
5473274508,9
5473272978,9
5473273490,9
2961557,9
5473274519,9
1497452184,9
3136301328,9
2793874587,9
5473273499,9
5473274525,9
5473273500,9
5473274528,9
5473274529,9
3136301730,9
5473274531,9
5473274532,9
5473274533,9
5473274534,9
3136301731,9
5473274540,9
3715515059,9
4688513218,9
4688513221,9
4688513226,9
4688513227,9
4688513230,9
4688513231,9
25069265,9
4688513237,9
4688513240,9
5473273571,9
2642857191,9
5334381837,9
5473273069,9
5473273070,9
5473273071,9
5473273072,9
7223365368,9
1939558651,9
7223365372,9
24659709,9
2622212862,9
2622212860,9
1939558655,9
2622212865,9
5473273604,9
5473273605,9
1939558661,9
2538458887,9
2538458888,9
2538458889,9
5473273610,9
5473273607,9
5473273612,9
2538458893,9
3136301321,9
5473273611,9
1939558667,9
5473273613,9
2538458898,9
2538458899,9
5473273615,9
1939558672,9
3136301325,9
2538458903,9
2538458904,9
1939558681,9
2528522522,9
5473273621,9
1939558684,9
5473273623,9
2538458905,9
1939558687,9
2622212895,9
2622212897,9
3139677982,9
3139705124,9
2622212903,9
1939558697,9
1939558700,9
24950061,9
4534858546,9
2622212914,9
4534858548,9
2622212925,9
2622212927,9
2622222657,9
2622222658,9
2622222659,9
2622212930,9
2622212933,9
2622212937,9
2622212939,9
25070924,9
2622222668,9
2622212941,9
2622212942,9
24950101,9
5473274710,9
25069911,9
24950104,9
24950102,9
24950105,9
24950107,9
357999964,9
5473274717,9
24950110,9
24950111,9
24950112,9
5473274724,9
5473274725,9
4866976614,9
109416,9
3381130090,9
3381130092,9
25248112,9
25248113,9
25248114,9
25248115,9
3141814027,9
25248119,9
25248120,9
25248122,9
25248126,9
25248127,9
25248128,9
25248129,9
25248130,9
5473274242,9
1678245252,9
8807431559,9
8807431560,9
5473273606,9
2538458886,9
1312264600,9
2622212878,9
1733389217,9
5473273622,9
24951721,9
3375451563,9
24661419,9
3375451565,9
1939558663,9
1939558666,9
2538458894,9
1733389249,9
2622212885,9
25070019,9
2538458895,9
2622212887,9
2622212889,9
25066457,9
1733389278,9
2218362849,9
5473274866,9
5473274867,9
5816744255,10
28418921,10
4136137525,10
107606,10
4136137527,10
25475770,10
1689605567,10
585124778,11
1951242858,11
107614,11
1864047135,11
1312454055,12
8807410152,12
107626,12
8807410154,12
25532464,12
5473273363,13
5473273364,13
24662037,13
5473273368,13
5473273372,13
5473273373,13
5473273376,13
5473273379,13
3076574254,13
3076574255,13
5473273399,13
6018098767,13
5473273425,13
5473273429,13
1678227031,13
5238587992,13
5473273433,13
5238587994,13
5473273435,13
5473273441,13
107627,13
107634,13
5049840244,13
25161361,13
25161362,13
25161363,13
4867087524,13
4867087532,13
4867087535,13
6463230640,13
1418752689,13
1401459399,13
1401459400,13
1401459403,13
24660697,13
3153656028,13
3153656030,13
2378843907,13
1951616261,13
1951616268,13
1951616276,13
6463234329,13
24950064,13
5473273139,13
5473273140,13
5473273141,13
5473273142,13
1951616319,13
2577040703,13
5473273154,13
5473272665,13
5473272666,13
5141354330,13
5141354331,13
5473272668,13
24950114,13
24950115,13
8807431534,13
5227220846,13
8807431536,13
1782714747,13
1678226827,13
5473273227,13
5065949596,13
1678226846,13
5065949598,13
25544110,13
259252667,13
5340811707,13
5340811717,13
5340811719,13
5340811720,13
1312454094,13
5473273295,13
25532377,13
5473273305,13
25532384,13
8807410158,13
5473273326,13
5473273332,13
107632,14
6458938017,14
5198585559,15
5198585557,15
5198585558,15
107638,15
5198585560,15
5198585561,15
5198585562,15
25067324,15
9024139143,16
9024139144,16
1835355931,16
7926506525,16
4922952353,16
7926506531,16
1726730029,16
1726730033,16
1726730049,16
1707790029,16
7223709662,16
18468962,16
1726730082,16
7223709668,16
7223709669,16
2466442731,16
2466442741,16
2466442743,16
107641,16
107646,16
1938819328,17
4830306813,17
1938819330,17
25161350,17
1938819335,17
25161352,17
25161353,17
1311962122,17
25161351,17
2387194123,17
8807441166,17
2387194127,17
107644,17
2387194128,17
2387194131,17
25161365,17
2387194133,17
8807441176,17
8807441177,17
8807441178,17
3664405913,17
8807429661,17
8807429662,17
8807429663,17
25066784,17
1311962016,17
1401926435,17
6055863205,17
4729448869,17
2387194149,17
2387194150,17
6055863211,17
2387194156,17
3656358067,17
1678155318,17
4866651961,17
1938819326,17
4866651969,17
10311362114,17
10311362115,17
25066694,17
5046447437,17
10311178960,17
10311178961,17
10311178964,17
1938819284,17
1938819294,17
18468958,17
18468961,17
6369390690,17
10311362148,17
1938819301,17
10311362150,17
6369390692,17
6369390696,17
10311362153,17
10311362154,17
6369390700,17
4830306810,17
1938819317,17
1938819320,17
4866623226,17
107643,17
4866623228,17
1938819325,17
4866623230,17
5207476608,18
5207476609,18
25504128,18
473264514,18
5207476611,18
5207476613,18
4627445254,18
4627445252,18
4627445253,18
4627445257,18
5207476616,18
4627445260,18
4627445261,18
419350669,18
10309458701,18
4089236236,18
1536948492,18
107667,18
10309472541,18
10309472542,18
10309472543,18
10309472544,18
5009054881,18
4085767970,18
10309472547,18
10309472548,18
473264937,18
10309472553,18
4085767979,18
473265708,18
4627491632,18
10539712057,18
10539712058,18
10539589691,18
10310609852,18
4627491645,18
10539589692,18
10310609849,18
473265346,18
4627491650,18
419350723,18
7179983946,18
7179983947,18
10539856459,18
10541894095,18
3696548432,18
10541894097,18
4166634960,18
3696548437,18
3696548438,18
10310609879,18
1828402774,18
10310609881,18
3696548440,18
10310609887,18
4627445215,18
473265762,18
1268903266,18
10310609894,18
1938819302,18
4175059691,18
25504753,18
4627445239,18
4627445240,18
4627445241,18
7827997819,18
10309153027,19
10309140683,19
107668,19
490946748,19
490946813,19
107681,20
1401870340,20
1726730375,20
5342251136,21
25503876,21
25503880,21
5114681227,21
4379801357,21
25503885,21
5342251151,21
25504144,21
5114681230,21
10572178,21
25504143,21
7607080091,21
7607080092,21
1726730272,21
107684,21
1726730281,21
1726730162,21
1163954995,21
1726730292,21
1726730165,21
1726730295,21
1678452793,21
1726730303,21
747893184,21
25471681,21
7610670913,21
1726730307,21
7610670912,21
7610670919,21
7610670920,21
8785457870,21
8785457871,21
1726730326,21
4379801694,21
25577057,21
25503841,21
4379801706,21
4329502449,21
25500535,21
8785484288,22
956233216,22
25504129,22
490947077,22
25504134,22
10572179,22
10572180,22
2005131543,22
107685,22
107686,22
4643337000,22
490947124,22
4643337012,22
4643337143,22
4643337146,22
7613626042,22
7613626044,22
7613626045,22
7613626046,22
7613626047,22
25470782,22
7613626050,22
7613626059,22
7613626060,22
7613626066,22
7613626070,22
1726730329,22
25503845,22
25503848,22
25503851,22
25503856,22
1726730354,22
4530339698,22
4530339699,22
25471732,22
25503865,22
25503867,22
25503869,22
956233215,22
107692,23
2294047375,23
269550681,24
7271474850,24
7271474852,24
5006063174,24
6769325725,24
323262310,24
107693,24
25496622,24
5736692334,24
5736692333,24
25496623,24
26374237,24
7271474841,24
26374236,24
7223695325,24
7223695326,24
1832227968,25
1832227972,25
338472586,25
338472589,25
1832129807,25
6279388821,25
6279388822,25
6279388824,25
2458257563,25
1832129947,25
1832129821,25
1832227996,25
1832129951,25
1832227873,25
343669793,25
8975700260,25
343669796,25
343669798,25
1832129835,25
1364161197,25
5265953455,25
1832228016,25
5265953457,25
5265953459,25
1832228035,25
1832228039,25
1364172237,25
1832129869,25
1832240590,25
1832129873,25
1832129878,25
1832240598,25
1832129881,25
1832129884,25
1832129888,25
6724775012,25
108389,25
6724775018,25
1832248428,25
1832248430,25
1364168178,25
1364168180,25
2458303223,25
1832129917,25
25495807,25
25496624,26
25495698,26
108391,26
25497619,27
5503142966,27
5503142969,27
5503142970,27
1736685635,27
9820537932,27
9820537933,27
4297243218,27
25475674,27
9576827482,27
1816777820,27
775984737,27
775984738,27
4729480806,27
4729480807,27
25475692,27
25475693,27
25475694,27
1736685679,27
1816705135,27
4571244660,27
4571244663,27
9820537981,27
9820537982,27
1816705152,27
9820537992,27
9820537993,27
1599652492,27
1816705168,27
1816777873,27
1816777874,27
1599652497,27
1816705175,27
1816705177,27
4297243292,27
4298971293,27
1816705180,27
4297243295,27
1816705183,27
4297243298,27
9820538020,27
9820538021,27
9820538022,27
4297243301,27
4158004390,27
1816705193,27
4297243306,27
4571238069,27
1938953406,27
5353127105,27
3257317059,27
1938953413,27
748797126,27
1816705227,27
6828863694,27
6828863697,27
1816705235,27
748797145,27
1816705242,27
1816609498,27
1816705246,27
1816705250,27
748797155,27
21990638,27
4158122222,27
9805100783,27
4158122223,27
4298970364,27
4298970368,27
4298970372,27
4298970376,27
4298970380,27
4298970384,27
4298970388,27
1664571164,27
355416887,27
355416892,27
355416911,27
4297242961,27
355416920,27
355416921,27
1664571227,27
109403,27
1664571229,27
1664571236,27
4297054053,27
4297242983,27
108406,27
1145174402,27
1145174413,27
1145174417,27
1261120402,27
1145174418,27
9693963681,27
1145174435,27
1145174437,27
9693963688,27
710657963,27
1261120430,27
4142725554,27
1813618616,27
3830441937,27
25499093,27
435104726,27
435104727,27
435104728,27
435104729,27
1145174501,27
1145174508,27
1913216493,27
422573549,27
25497595,27
390073160,28
5306194265,28
25632684,28
3586606039,28
3586606038,28
25634199,28
108409,28
3809744384,29
3809744385,29
3809744386,29
3809744387,29
3809744389,29
3809744390,29
338319877,29
3809744392,29
1731235511,29
3809744395,29
3809744396,29
3809744398,29
3809744400,29
3809744401,29
3809744403,29
3809744404,29
906172949,29
3809744406,29
4317178392,29
3809744409,29
3809744412,29
3735886877,29
3809744414,29
3809744415,29
3809744416,29
3809744417,29
3809744418,29
3809744419,29
3809744421,29
1150003237,29
3809744423,29
3471375913,29
3809744426,29
3809744430,29
3809744431,29
3809744432,29
3809744433,29
3809744434,29
3809744436,29
3809744439,29
3809744443,29
3809744444,29
3809744446,29
5565466174,29
5565466175,29
5565466177,29
1390303296,29
3809744451,29
3805378116,29
3809744453,29
3805378117,29
3805378119,29
3805378120,29
3805378121,29
3805378122,29
3805378123,29
3805378124,29
3629217348,29
57786953,29
1327865952,29
4383581281,29
1327865953,29
1327865956,29
1327865957,29
25477224,29
7151566952,29
250327660,29
3808625773,29
25477228,29
3808625778,29
3808625780,29
3808625782,29
3808625785,29
3808625786,29
3808625791,29
3808625796,29
4749094023,29
1271712905,29
4749094026,29
3808625804,29
1271712911,29
3808625809,29
1271712914,29
2129578132,29
2129578133,29
1271804564,29
1271712920,29
1150003354,29
1271712922,29
2129578142,29
1271712931,29
1271712934,29
3808625831,29
3808626859,29
3808626860,29
9030284973,29
3809744558,29
9030284975,29
3808626862,29
9030284977,29
3808626865,29
3808625843,29
3808626868,29
3809744565,29
3808626869,29
9030284983,29
3808626872,29
1150003385,29
1255487162,29
3809744571,29
3809744572,29
806373565,29
1271712957,29
3808625855,29
3808625853,29
3808626878,29
3808626882,29
1039290561,29
3808626884,29
1255487171,29
3808626886,29
1255487174,29
1255487176,29
3809744583,29
3809744584,29
1255487177,29
3808626887,29
3808626893,29
1731235534,29
3808626895,29
3808626896,29
1255487187,29
3808626902,29
25477335,29
3808626904,29
3808626905,29
1731235545,29
25477339,29
728370399,29
8210567392,29
3808626913,29
3808626914,29
8210567395,29
8210567396,29
3808626912,29
1039290594,29
1731235557,29
1731235558,29
8210567401,29
8210567402,29
3808626923,29
3808626922,29
6574794989,29
3805378111,29
3808626929,29
3805378112,29
3808626934,29
3808626935,29
3629217345,29
1255320311,29
3805378113,29
3808626940,29
3808626941,29
4317211389,29
3805378114,29
3629217346,29
3808626945,29
3629217347,29
3808626947,29
251757321,29
1255490314,29
3733299982,29
1255320339,29
3733299988,29
5925626143,29
4086232866,29
1255320354,29
4086232870,29
4086232871,29
1255320363,29
4316822830,29
1255320367,29
8042031957,29
8042031958,29
1271774552,29
3805122394,29
3805122396,29
2935373159,29
2935373161,29
4382350190,29
3808627061,29
4382273402,29
3808627066,29
4382273404,29
3808625835,29
3988141441,29
3988141442,29
108420,29
4075008388,29
3808625837,29
249558409,29
25477301,29
1255369105,29
1255369111,29
1255369125,29
4317187494,29
1255369128,29
3808625844,29
3673602988,29
1255369135,29
3093894066,29
3809870259,29
1255369140,29
3809870261,29
3809870262,29
3809870260,29
3809870264,29
3809870265,29
3809870266,29
3809870267,29
1255369148,29
3809870269,29
3809870270,29
2560785849,29
3809870272,29
3809870273,29
4511948225,29
1255369152,29
1255369156,29
3809870277,29
3629223879,29
1255369159,29
3809870281,29
3629223881,29
3809870283,29
3629223884,29
3629223885,29
4511972302,29
3809870287,29
3809870288,29
4511972301,29
3629223890,29
3152307669,29
3808626871,29
3808625854,29
1271712946,29
2254629351,29
4316823023,29
3637436403,29
3637436404,29
3809744380,29
3809744381,29
3809744383,29
2278320131,30
108838,30
108845,31
5124166975,31
1777728708,32
108871,32
20626317,32
20626318,32
4866475733,32
3796774902,32
4866475736,32
5124166971,32
5124166973,32
18395806,32
4211515569,33
245200970,33
108903,33
109408,34
894485202,34
470727954,34
1236791504,34
109411,35
20626311,35
3796814729,35
2012970414,35
4866475738,35
20626312,36
20626315,36
20626316,36
7572522510,36
7572522511,36
7572522512,36
7572522513,36
7572522523,36
6509584413,36
109734,36
7572522540,36
1536948536,36
7572522556,36
2504847039,36
4866475729,36
4866475730,36
4866475734,36
1852996954,36
1536948578,36
109412,36
2504822135,36
1536948474,36
1536948477,36
109414,37
9030029183,37
109728,38
25476134,38
5564754892,38
5931509715,38
5931509718,38
30056310,38
5564410334,38
1722621701,39
25067929,39
25067914,39
5141216782,39
1722621711,39
5141216785,39
1719663634,39
5141216787,39
25067670,39
5141216790,39
5104314264,39
5141216792,39
5104314266,39
473219610,39
5104314268,39
5104314269,39
5104314270,39
1951372959,39
5104314272,39
1569312412,39
25067936,39
5104314275,39
5104314276,39
25161375,39
5141228834,39
7824803495,39
10542989479,39
109737,39
7824803497,39
10542989484,39
6032044857,39
1719661631,39
4085783105,39
4085783106,39
4085783107,39
10543014340,39
25067461,39
10543014339,39
25067463,39
10543014343,39
6032044874,39
10543014346,39
4166634957,39
25067727,39
25067728,39
25067479,39
6446292570,39
6446292571,39
25067871,39
7911267685,39
5141216742,39
1722621718,39
7911267688,39
5141216745,39
5141216746,39
25067883,39
5104314096,39
4085778931,39
7911231384,39
5104314358,39
1719529597,39
1719529599,39
109766,40
302013678,40
373402354,41
109780,41
18468953,42
9514602150,42
9514602151,42
9514602152,42
9514602153,42
5047029672,42
4922952364,42
4922952370,42
109785,42
6166157035,43
24952268,43
3887941010,43
6446269173,43
109788,43
1685281025,44
1685281029,44
4823246342,44
1685281031,44
1685281032,44
1685281035,44
5609643663,44
5609643664,44
1685281041,44
5609643665,44
25498004,44
1685281045,44
5609643670,44
1685281175,44
1141415192,44
25498010,44
1685281053,44
1686463389,44
1685281056,44
1686463392,44
1685281058,44
1685281061,44
1686463397,44
1685281063,44
1685281064,44
1141415215,44
1686463794,44
1685281075,44
1141415220,44
1685281077,44
1685281087,44
110143,44
1686463428,44
1684835016,44
1150003530,44
1685281104,44
1685281123,44
5609643623,44
1685281003,44
1685281260,44
1685281006,44
1685281010,44
1685281011,44
1685281013,44
1685281017,44
1685281020,44
1685281021,44
1233327202,45
1787108647,45
1787108648,45
1787108649,45
1787108650,45
110238,45
2293833763,46
1707790076,46
5374174119,46
9949142599,46
5880186827,46
5880186829,46
5880186830,46
5880186833,46
21392273,46
237908,46
3972566713,46
3972566716,46
473267328,47
10309153025,47
1649365762,47
4158223748,47
1649365764,47
10539068550,47
3763565959,47
8620105223,47
3763565961,47
473268999,47
1678452753,47
1649365780,47
1668112790,47
1813794712,47
1813794713,47
1668112792,47
6137798425,47
1239549084,47
1649365789,47
268124704,47
3267461666,47
1649365797,47
1905779367,47
1649365800,47
1905779369,47
5177397419,47
8620105262,47
5009054894,47
1777740337,47
1649365810,47
419632307,47
5009054898,47
10539068598,47
3972566710,47
1649365816,47
368044217,47
1649365820,47
5177397822,47
5177397823,47
2140432704,47
5177397825,47
5177397826,47
10309153022,47
5177397828,47
1214922433,47
8755805305,47
1707790023,47
4197401800,47
4197401802,47
1777742666,47
10309140686,47
4150883407,47
4150883409,47
4197401811,47
4197401813,47
237911,47
864817628,47
473266524,47
2360681703,47
4034060007,47
8755808618,47
2360681709,47
473269102,47
1955520879,47
4034060015,47
4034060017,47
4034060018,47
4696544883,47
2265065203,47
2360681711,47
2360681716,47
2265065207,47
2360681713,47
8755808627,47
4696545406,47
10309153023,47
6866779798,48
6866779799,48
6866779802,48
4530012699,48
6866779804,48
4530012700,48
4530012702,48
6866779806,48
4530012703,48
6866779809,48
6866779810,48
6866779817,48
6866779818,48
2632761651,48
282708,48
4316306161,48
4316306163,48
4316306164,48
1761598585,48
25438595,49
25438732,49
25438638,49
282719,49
24661273,50
8807431546,50
2961540,50
24950109,50
24950113,51
8807431541,51
2961549,51
1547013655,52
27458331,52
3215687074,52
1547013667,52
4402594986,52
1566269741,52
5342236721,52
4402629177,52
4402629178,52
4402629180,52
1566270021,52
1312454086,52
5335245254,52
5335245256,52
5335245257,52
1566270409,52
692162510,52
27481039,52
27481040,52
27481041,52
692162514,52
27481044,52
3708234964,52
30056280,52
4807512540,52
4807512541,52
692162527,52
2961891,52
5768339816,52
5768339817,52
30057965,52
1547013743,52
367121266,52
692162559,52
10572785,53
8972511963,53
25496748,53
21583342,53
8785568224,54
8785567914,54
8972441580,54
10572786,54
1985084095,54
1813618432,55
8989843465,55
20460681,55
25497611,55
20460686,55
20460690,55
10607127,55
10607128,55
20460697,55
20460696,55
2118622487,55
2118622488,55
6871422361,55
6871422360,55
1813618463,55
1813618461,55
1813618465,55
7553479208,55
5041784489,55
7553479212,55
1596655149,55
1596655148,55
1596655155,55
1813618484,55
5041784501,55
1813618358,55
25473207,55
1596655157,55
5041784633,55
5041784634,55
1813618228,55
1813618229,55
1813618365,55
1813618493,55
1596655161,55
1326821569,55
8868824899,55
8868824900,55
8868824901,55
2755124807,55
256766536,55
256766537,55
1813618376,55
8868824911,55
8868824912,55
256766545,55
2755124815,55
1366095187,55
8868824913,55
1366095189,55
8868824914,55
1813618393,55
10004388708,55
10004388710,55
25497978,55
632447859,55
25497979,55
1813618424,55
1813618426,55
372050299,55
1813618429,55
1813618431,55
435104736,56
435104738,56
435104732,56
10607132,56
435104735,56
5470932256,57
5468301555,57
5470932252,57
10607629,57
1721713699,58
672061444,58
2902624645,58
2406484455,58
1312188714,58
1721713677,58
672061646,58
1717643505,58
1717643512,58
10677374,58
8869464354,59
5046005731,59
5046005730,59
8869464357,59
5046005743,59
5043864464,59
8869435281,59
5046005745,59
1684511955,59
1718328435,59
1718328442,59
316763548,59
10677375,59
10677376,60
2642857203,60
5473274959,60
10677377,61
1401416203,61
25248118,61
1832129958,62
1832129960,62
1832248457,62
5374174120,62
1832248458,62
1832129962,62
25151180,62
7203717550,62
5374174224,62
5573931377,62
14672924,62
529722111,62
21307200,63
18393873,63
18395288,64
1717643537,64
25161370,64
1717643530,64
25504770,65
470729237,65
1678452792,65
1678452795,65
1678452796,65
1678452797,65
1828402763,65
470729292,65
3474115151,65
5976850019,65
5976850023,65
5976850024,65
7610670710,65
21565570,65
7610670751,65
7610670752,65
18395811,65
1268892338,65
3664398006,65
3664398007,65
3664398009,65
10311362236,65
8785457865,65
8785457866,65
8785457867,65
10311178967,65
10311178970,65
1268892379,65
1707790044,65
367105757,65
10311362270,65
10311362271,65
10311362272,65
10311178978,65
10311178985,65
1707790062,65
10311178991,65
1835355913,65
1835355922,65
1835355929,65
8807441179,65
1835355936,65
1268900644,65
1835355940,65
1835355946,65
1835355955,65
1835355964,65
1835355965,65
1835355972,65
1268900678,65
1793420652,65
1655418222,65
1793420660,65
1268892533,65
1268892541,65
25505662,65
25504145,65
25504146,65
25504148,65
25504149,65
25504150,65
10310609841,65
10310609842,65
1777727945,65
1777727947,65
1777727949,65
1777727950,65
10310609872,65
1777727958,65
1777727960,65
1777727961,65
1777727962,65
10310609885,65
1725360097,65
7223709667,65
25504755,65
25504763,65
5006781409,66
8869472263,66
18398282,66
632438506,66
20460684,66
10577984012,66
8869472239,66
8869472242,66
4922952363,67
18468951,67
20458277,68
250549587,68
4618510643,68
1312188692,68
4618510644,68
25497985,69
6978555522,69
5067002882,69
1150003329,69
748941573,69
2990780039,69
20460680,69
748941577,69
1684710025,69
2990806410,69
2990806411,69
3739049356,69
2990806415,69
5733998227,69
968499092,69
5733998228,69
3739049366,69
3739049365,69
819132568,69
1684710044,69
1684781470,69
316763559,69
8975833905,69
6978563378,69
1758554291,69
8975833911,69
256766532,69
256766533,69
748941508,69
6816821193,69
1150003147,69
1150003532,69
1759454163,69
1759454429,69
6978557152,69
1759454305,69
5041784423,69
1684781421,69
5067002862,69
3739049327,69
1150003571,69
5067002867,69
1684781436,69
25497981,69
6978555518,69
5609643647,69
435104715,70
435104717,70
5238528591,70
25497872,70
20460687,70
1813618288,70
5242049139,70
5238523291,70
6506796188,70
5060405441,71
2480657186,71
5060405443,71
5060405444,71
5060405445,71
5060405446,71
20460691,71
20625793,72
2528484782,72
5905807278,72
5905807279,72
10544409928,72
10544409929,72
10544409930,72
25474005,72
10544409948,72
10544409950,72
25474015,72
10544409954,72
25474019,72
10544409957,72
10544409958,72
10544409959,72
10544409960,72
10544409961,72
10544409963,72
10544409964,72
10544409966,72
10544409967,72
5976760444,72
5976760446,72
3616299208,73
20626282,73
8675201272,73
4777897926,73
25067398,74
4085778920,74
7824747306,74
20626301,74
1536948431,74
6446301329,74
4085778930,74
5146186589,74
5146186590,74
5146186591,74
20626304,75
2941549929,75
5124166978,76
20626307,76
7572833352,77
7572833353,77
20626314,77
20965801,78
2398924898,78
5177397824,79
8755805313,79
3328228994,79
4367041960,79
25524297,79
4367041962,79
21392267,79
21392276,80
4156336278,80
6606135977,81
6606135979,81
6606135983,81
21392279,81
6218501761,82
21523714,82
3145798533,82
4726152844,82
3215685153,82
5641663538,82
5342236723,82
5342236724,82
5641663539,82
4430996023,82
5342236728,82
5342229818,82
5342236733,82
5342236734,82
5342236743,82
5342236744,82
10599654857,82
6465896907,82
6465896909,82
471488469,82
4688513242,82
6218501723,82
6218501724,82
6218501725,82
4688513244,82
4688513245,82
6218501730,82
6218501736,82
6218501737,82
1678283242,82
1678283247,82
4552504560,82
6218501745,82
6218501746,82
4552504562,82
2203268985,82
6218501758,82
6218501759,82
251892353,83
21523718,83
252729234,83
4726152859,83
4726152860,83
1014649631,83
2934288512,84
10596794785,84
27459970,84
5165786242,84
5009060057,84
5165786245,84
21523719,84
4138224462,84
4138224463,84
5335233113,84
2934288510,84
25475330,85
25475331,85
25475332,85
8785484298,85
762080145,85
8785484306,85
1617596693,85
4689775126,85
8785484312,85
8785484313,85
1617596711,85
1617596714,85
269550898,85
4530270906,85
762080190,85
269550783,85
269550786,85
8373690819,85
21563463,85
1617647944,85
1617647945,85
1617596621,85
762080077,85
1617596626,85
1617596627,85
269589467,85
1617596646,85
1020211942,85
762080105,85
25475182,85
21563503,85
21563504,85
21563507,85
21563508,85
269550330,85
1617596669,85
21563489,86
470727722,86
1707790096,86
4822267094,86
21563479,86
21563481,86
1707790074,86
6828921212,87
21563788,87
8785567909,88
7223668012,88
5006063180,88
33141178,88
7223704403,88
7223704404,88
21578454,88
25498458,88
1148276284,88
8785568222,88
8785568223,88
6863550501,89
21583366,89
4017328647,89
1419565097,89
25378129,89
2586616722,89
4378043649,90
21685483,90
4378043661,90
4378043662,90
1837610895,90
1837610896,90
4378043667,90
1163955034,90
269547420,90
4076095841,91
4378043682,91
4370333637,91
1360122917,91
21685484,91
21685485,91
4076095791,91
4076095797,91
25500246,91
4076095834,91
1832129794,92
1832129785,92
25496847,92
1832129776,92
1832129778,92
4077495826,92
21685497,92
1684437690,92
1684437692,92
1832129789,92
5788363874,93
4462680070,93
5788363878,93
5788363880,93
5907366887,93
9203541611,93
9203541612,93
21686572,93
21686574,93
9236477422,93
4462680076,93
3972566705,93
4462683090,93
6978443788,93
3972566714,93
4208239642,93
5839163740,93
21693787,94
25500239,94
3515286913,95
3471375905,95
5565466183,95
1493676622,95
21990614,95
3629223996,95
4556931604,96
21990622,96
475396929,97
21990627,97
475396924,97
5565443389,98
21990629,98
5565443390,99
250327618,99
21990630,99
1718566880,100
1718566886,100
21990631,100
21990632,100
8869464392,100
5042033643,100
8869464378,100
6116290274,101
24659947,101
6948380395,101
6948380400,101
6948380401,101
24949780,101
9693920800,102
9693920796,102
9693920797,102
24660863,102
5094718794,103
5094718798,103
24949783,103
5046314043,104
25632860,104
24951854,104
10544113920,105
10544113922,105
24952195,105
10544113923,105
3887940999,105
2528522518,105
6867581464,105
6867581465,105
2528522524,105
694824861,105
2528483741,105
2528522528,105
2528522530,105
6985465124,105
6985465127,105
6985465130,105
6985465133,105
2528522542,105
2528484781,105
2528522547,105
2528522549,105
6886012733,105
1556324684,105
3385387604,105
3385387606,105
3385387607,105
3385356250,105
4117882857,105
25532273,105
1689387896,105
1689387903,105
5087519104,106
25066338,106
25161347,106
5087519106,106
25066412,106
5090420611,107
25161348,107
5090420613,107
5090420614,107
5090420940,107
5090420941,107
25066419,107
8807429660,107
1718390753,108
1717650794,108
25066451,108
25066453,108
25161369,108
25067264,109
25067265,109
25067298,109
25067266,110
1852996996,110
4085778922,110
4866552622,110
4866552623,110
6509584414,110
2566132610,111
2566132611,111
25067397,111
5146186503,111
5146186504,111
5146186505,111
950703626,111
5146186507,111
25161356,111
25505685,111
25161373,111
7824747295,111
7824747302,111
25067305,111
6967585840,111
6967585841,111
6967585842,111
6967585843,111
1827389620,111
6967585845,111
1782727992,111
6446304190,111
5201625535,111
5201625537,111
5201625539,111
5201625541,111
700774224,111
25505634,111
5146186468,111
5146186470,111
4085778919,111
4085778927,111
4085778933,111
5146186489,111
5141625635,112
5141625637,112
25067400,112
5141625655,112
5141625653,112
107637,112
5141625623,112
5141625625,112
3100169049,112
5141625621,112
5141625654,112
5141625629,112
5141625630,112
3637449663,112
5141625696,113
1951616322,113
5141625698,113
5141625699,113
5096270631,113
25161360,113
25067473,113
5141625681,113
7906964248,113
7906964249,113
2642857197,114
25068755,114
25248117,114
2642857199,114
25161371,115
28800667,115
3375451555,116
30078473,116
30056277,116
25248123,116
25248124,116
25248125,116
1211381855,116
10306429312,117
10306429318,117
2278320167,117
10306423498,117
4166634955,117
10306423499,117
1556260011,117
4166634961,117
4166634962,117
5340811825,117
6446292564,117
25265077,117
3887941013,117
25265080,117
2278320154,117
4085783099,117
2059790748,117
7610670890,118
7610670892,118
25470928,118
1678452788,118
1678452789,118
25471090,119
2036181339,119
1309180610,120
1309180612,120
1723389067,120
7792756412,120
7792756414,120
25471135,120
1309180608,121
25471274,121
7447565849,121
25632854,121
7447637305,121
7447637306,121
3691462888,122
25471289,122
2755124947,122
2755124949,122
748885408,123
4240028578,123
4240028580,123
25503860,123
25503862,123
25471740,123
2036185421,124
25472215,124
2294047355,125
25472324,125
7271474843,125
321255907,125
4675821921,126
4675821924,126
4675821925,126
4675821931,126
4675821932,126
762080111,126
4675821944,126
25472379,126
4675821968,127
6483733489,127
25472428,127
6483733493,127
25472545,128
4665353643,128
4665353644,128
1617596591,128
25473048,128
25472800,129
2940401398,129
1954751920,129
4948630427,130
4948630428,130
25472885,130
1684781486,130
4675822093,131
4675822094,131
4675822095,131
4675822097,131
761831057,131
4675822099,131
4675822100,131
270110481,131
1617647900,131
1617647901,131
1617647931,131
1617647934,131
4665352260,131
4665352261,131
4665352262,131
761830981,131
4665352264,131
761830987,131
9566848716,131
761830989,131
26374230,131
26374231,131
761831000,131
761831004,131
761831007,131
761831019,131
761831023,131
25472890,131
761831037,131
4665353660,132
25473004,132
4665353662,132
1311962080,133
25473200,133
25473199,133
1813618304,134
1401893666,134
1759454211,134
3739049382,134
3739049383,134
5060388105,134
5060388107,134
1401893675,134
1759454222,134
875789647,134
1150003472,134
5060388110,134
25473202,134
5060388115,134
25473204,134
25473205,134
1311962012,134
1150003197,134
5904615699,135
3999987604,135
5904615708,135
2528483742,135
5574049698,135
5574049700,135
5574049702,135
5574049703,135
4085387943,135
4085387945,135
5574049707,135
5574049709,135
5574049717,135
5574049718,135
5574049719,135
4085600696,135
4229228089,135
4085600698,135
9683633717,135
9683633718,135
6779394887,135
585148380,135
9683400934,135
9683400938,135
713363180,135
4136124526,135
4166219502,135
8031801454,135
5574051321,135
25473279,135
25473281,136
8497605091,136
4777885221,136
4773889323,136
1547013574,137
9694091976,137
9694091978,137
25475053,137
9694091983,137
9694091984,137
1547013588,137
1547013592,137
25475072,138
8064065323,138
8064065324,138
25496910,138
1547657104,138
585180151,138
6332695639,138
277337783,138
4529839800,138
7236131862,138
6332695642,138
25475328,139
9700060290,139
9700060291,139
9700060292,139
1155552322,139
1155552319,139
1990912136,139
1951242857,139
3385332654,139
9683686963,139
1990912115,139
4832472797,139
1137777343,139
9135845216,140
9135848928,140
3733791671,140
25475417,140
585130362,140
1233350889,141
283061836,141
1233350862,141
675734610,141
1402070363,141
675734613,141
25475419,141
1402070364,141
1402070365,141
675734622,141
9690878337,142
1312471202,142
1312471234,142
1796137508,142
9690974277,142
6266867111,142
25475561,142
6266867114,142
6266867113,142
25475661,142
9699961628,142
25475550,142
6696695781,143
10579930791,143
10579930792,143
8783914189,143
8783914190,143
8604055550,143
8604055549,143
25475678,143
25475688,144
25475690,144
9820538027,144
25475691,144
25499095,144
25475752,145
25475754,145
1493229962,145
28728208,146
25477106,146
1668135492,146
28728205,146
306439304,147
8632535522,147
25477149,147
8632535535,147
1312188614,148
2545230474,148
8632535532,148
306439310,148
25477150,148
306439338,149
25477154,149
306439329,150
25477156,150
25477197,151
2402557839,151
28419328,152
3528738438,152
3528738439,152
3528738440,152
9080098310,152
9080098315,152
5257738380,152
5257738381,152
5257738382,152
5257738383,152
5257738384,152
5257738385,152
5257738386,152
5257738387,152
5257738388,152
2934411667,152
3528710291,152
9030037139,152
1014803736,152
6995618979,152
2935392676,152
3528711722,152
27459116,152
9080098316,152
27459120,152
5160943793,152
5160943794,152
5160943795,152
5160943796,152
5160943797,152
5160943798,152
5174828980,152
5160943799,152
5160943800,152
8042031930,152
5160943803,152
1039322041,152
3682538298,152
5160943806,152
5160943807,152
5160943808,152
5160943804,152
28418497,152
4144358216,152
4144358217,152
302013776,152
3073173585,152
5174825175,152
5174825176,152
5174825178,152
5174825180,152
251757533,152
5174825181,152
5174825183,152
27459165,152
2914561272,152
2914561274,152
25477371,152
249679102,152
819157946,153
25477858,153
3661703766,153
819157975,153
1832052008,154
25495542,154
1832129783,154
25495617,155
25495618,155
350437608,155
5976672308,155
1816038230,155
25495769,155
10543800252,155
8645592520,156
8645592521,156
25495858,156
25495639,156
25495640,156
25495648,157
5014591895,157
25495646,157
1953202903,157
25495819,158
6354294763,158
25495820,158
1832052016,158
1834657466,158
6354294779,158
1834657469,158
350628799,158
350377994,159
4275394254,159
25495822,159
25495857,159
350437528,159
4689775161,159
269550332,159
25495838,159
4275398720,160
4275398721,160
4275398723,160
25495852,160
4275398714,160
4275398716,160
759123955,161
25496100,161
269550896,162
25496617,162
269550331,162
269550684,162
7279228683,163
25496773,163
25496777,164
663363473,164
8972511964,164
8972441125,165
8972441126,165
438170475,165
8972441579,165
5265830862,165
25496815,165
25496785,165
8972511962,165
1958800795,165
1985084135,166
1985084137,166
25496781,166
25496787,166
25496788,166
25496800,167
1816038214,167
323260106,167
5014591889,167
1816038199,167
25496825,168
5060391418,168
321255925,168
5060391821,168
25496850,169
25496851,169
4730978983,169
25496920,170
9690974273,170
4920098344,170
9690974274,170
9820537921,171
9820537954,171
9820537955,171
9820537957,171
108393,171
7947041713,171
1601797458,171
9820537917,171
4571238068,171
1326821457,171
9820538006,171
9820538002,171
9820538004,171
5095890460,171
1938953431,171
25497340,171
1938953437,171
25497603,172
1547657140,172
2480657188,173
25632678,173
2480657190,173
1954751914,173
25497968,173
25497970,173
2135411292,173
2135411293,173
1723388960,174
5006916678,174
1723388970,174
25497997,174
1723388974,174
1723388981,174
390073175,174
1723388988,174
1723388957,174
6374802559,174
3320754320,175
3320754322,175
1723315608,175
3247825561,175
3247825562,175
25498015,175
3247824558,175
250550447,175
7636278193,175
7636278195,175
7636278196,175
7636278198,175
7636278199,175
7636278200,175
8898783674,175
4807521484,175
1309067471,175
3741131600,175
3741131606,175
7636244314,175
149451622,175
1169109485,175
25498016,176
6569580040,176
25498018,177
3725817386,177
6374802579,177
6374802582,177
6374802583,177
7792756672,178
7792756674,178
7792756676,178
7792756680,178
7792756713,178
25498026,178
5711517569,179
5711517565,179
25499655,179
25505679,180
9988193967,180
25505607,180
4962956931,181
1828402760,181
9611081868,181
1938819283,181
2012969972,181
25505629,181
6606135968,182
25509513,182
9197589233,182
9197589238,182
5223919938,183
3272782406,183
1312454087,183
25532332,183
3272712566,183
316763584,184
25632865,184
316763586,184
25632864,184
5046627553,184
316763600,184
1215563891,184
5046627642,184
25632859,184
5046627645,184
25632862,184
1141487746,185
1150003224,185
1150003238,185
1150003247,185
8784212017,185
5060405427,185
8784177716,185
5060405429,185
5060405430,185
5060405434,185
1150003264,185
1150003155,185
1141487712,185
1150003170,185
5067002851,185
25632870,185
5067002855,185
1150003563,185
1141487723,185
1150003195,185
5342236739,186
1550763620,186
5342236740,186
27458353,186
471488472,186
429346241,187
4534184514,187
4534184515,187
429346238,187
4223357836,187
27460210,187
429346236,187
27459198,187
4430996033,188
27459971,188
3906588452,188
3247933381,188
2934288518,188
3906588454,188
6288147785,188
6288147786,188
4195103055,188
27459729,188
2934288530,188
6218501757,188
27460198,189
843376594,189
2870261844,189
27459830,189
6995618971,189
3906588446,189
27460226,190
3930921860,190
4223357841,190
4155841810,190
4155841811,190
4155841816,190
4155841818,190
3932064154,190
4155841820,190
3932064156,190
3906588448,190
251892523,190
28418859,190
4430996024,190
4430996027,190
4430996028,190
3932064957,190
4430996029,190
32838084,190
3708234955,190
3708234956,190
3708234957,190
843376591,190
4089885906,190
843376610,190
3632581622,190
1233350848,191
1233350847,191
7644741346,191
7644741345,191
7644741348,191
6110164647,191
377490664,191
5904585328,191
1312932849,191
3987750677,191
27460439,191
10013517434,191
7644741343,191
302013672,192
302013674,192
3081980920,192
3081980922,192
27480956,192
27480958,192
27480957,193
347542742,193
347542743,193
27480960,194
9678821156,194
28193265,195
3170676207,195
3894948098,196
3894948099,196
3894948100,196
249679365,196
4344245894,196
3168378376,196
670103314,196
3014236566,196
3014236567,196
3014236569,196
3014236570,196
7817162919,196
3068270504,196
249679407,196
3068270516,196
249558964,196
2140124982,196
2140124983,196
3186593720,196
3068270518,196
3186593722,196
7817166393,196
249679420,196
7817166397,196
249679418,196
1014803704,196
5768339777,196
1042862659,196
2140124996,196
5924603460,196
7817166407,196
4949004105,196
4949004106,196
28418138,196
302013659,196
28418141,196
3892081373,196
249559005,196
302013662,196
3892081377,196
3892081378,196
4948602211,196
3892081382,196
1014803686,196
3892081384,196
1014803691,196
302013682,196
302013688,196
8500636794,196
3894948091,196
3894948093,196
1042862718,196
28418144,197
472493763,197
4344245892,197
4344245893,197
6969936102,197
9080123621,197
6969936104,197
6969936106,197
6969936108,197
6969936109,197
6969936110,197
302013777,197
6969936114,197
6969936115,197
6969936116,197
6969936117,197
27460250,197
249679168,198
5924603458,198
28418580,198
5106520280,199
429346251,199
3632577084,199
28418909,199
3984132032,200
3984132036,200
3984132037,200
302013708,200
4422013486,200
4089885902,200
28418929,200
1238259337,201
4530011788,201
4530012690,201
4530012691,201
1731235606,201
4530012695,201
4530012696,201
1150003480,201
3197339673,201
3197339674,201
3197339676,201
4530012705,201
4530012706,201
4530012707,201
1731235492,201
4530012711,201
288193455,201
4729385030,201
4729385031,201
1150003547,201
1731225566,201
1150003423,201
5565486432,201
5565486434,201
28728187,201
5565487612,201
2990651904,202
2990651905,202
2990651906,202
2990651907,202
2990651908,202
2990651909,202
2990651910,202
2990651911,202
2990651912,202
2987752073,202
2990651914,202
2987752074,202
5269670540,202
2987752071,202
2990651918,202
1759454351,202
1758552592,202
2990651920,202
973128722,202
2987752075,202
28800660,202
1758552597,202
2990651921,202
28800663,202
1759454378,202
5040168491,202
5040168496,202
2990664881,202
244128951,202
2990716984,202
2990716985,202
2990716986,202
1758552521,202
1758552522,202
2990717001,202
1758552524,202
1758552541,202
1758552547,202
1758552682,202
1758552555,202
1758552559,202
1401908258,203
250550183,203
28800661,203
28800662,203
250550174,203
8869464371,204
28800668,204
250550053,205
8869464390,205
5041945479,205
250550024,205
250550023,205
5041945480,205
873809385,205
8869464398,205
8869464407,205
1343823418,205
28800670,205
3375451561,206
30056255,206
1547392865,207
6218468163,207
5580861156,207
6218468164,207
707377287,207
30056330,207
9704122317,207
4920098350,207
6600283121,207
4619022514,207
4619022513,207
1547013754,207
3830029915,207
1550763708,207
3830043581,207
32825440,208
843376569,208
843376643,208
4155841827,208
32825442,209
843376588,209
32921724,210
761830999,210
761830991,210
32921728,211
32921729,211
32921731,211
4697525030,211
4697525032,211
1401849768,211
26374229,211
270110053,212
270110054,212
32921737,212
32921738,212
270109325,212
751837551,212
751837591,212
32921748,213
32921743,213
149431715,214
2168949324,214
2168949325,214
3741131607,214
3741131608,214
354886099,215
213668839,215
1685276643,216
250549700,216
250549699,216
8868010217,216
213668842,216
2642612586,216
213668844,216
8868010221,216
2642612585,216
250327576,216
8868010202,216
8868010204,216
255700677,217
213672005,217
213670986,217
2642878644,217
250327547,217
7815533545,218
7815533546,218
249558966,218
249560091,219
7900221087,219
4116809027,220
249679343,220
250326914,221
1401416208,221
8868010160,221
8868010162,221
250327159,221
354886082,222
250549670,222
1310663631,222
3114645200,222
3114645201,222
250327037,222
250550400,223
973101839,223
3550836102,224
1039290567,224
3550836104,224
5242815659,224
251757452,224
251757615,224
251757458,224
1039322102,224
269549104,225
269549105,225
1163955128,225
10196915587,226
10196915588,226
10196915589,226
321255910,226
321255911,226
751837736,226
10196915593,226
2134066506,226
1419544126,226
270109326,226
270109327,226
1419544142,226
1401849779,226
270109370,226
270112539,226
270112540,226
270110142,226
1563638022,227
690295047,227
283062189,227
673420216,227
1233353464,227
1233353467,227
302013666,228
302013668,228
4344245890,229
302013683,229
302013685,229
7899973206,229
6431923714,230
6431923715,230
5471345385,230
308837357,230
9804471701,230
9804471702,230
25496854,230
9846850972,230
9846850973,230
9846850974,230
316763595,231
316763589,231
316763590,231
4275394255,232
350377999,232
1707790105,232
6828921210,232
6828921211,232
1686463489,233
1686463523,233
3739049325,233
1686463503,233
1686463471,233
1686463505,233
1686463476,233
1686463510,233
390073208,233
1723340785,234
1723340842,234
435104742,234
5711517570,235
5711517571,235
4703559689,235
5479654172,235
5479654175,235
5479654177,235
2331184930,235
2331184932,235
2331184935,235
1723388979,235
446765895,235
446765900,235
5479655630,235
5479655634,235
4703542485,235
4703542486,235
6525670236,235
6525670237,235
2135411294,235
2135389151,235
2135411296,235
2135411297,235
6525670242,235
5479655662,235
7882485394,236
10308697502,236
469785734,236
471488499,237
1493722803,237
1547013711,237
2137096880,238
473257581,238
10543014371,239
10543014372,239
10543014373,239
7911267686,239
10543014374,239
473258313,239
10543014377,239
10543014379,239
10543014380,239
10543014386,239
10543014388,239
10543014390,239
6458938007,239
6458938008,239
10543014362,239
10543014363,239
5905893980,239
10543014367,239
473258826,240
6458938011,240
6446292572,240
1727515734,240
473259748,241
8814668133,241
8814668137,241
8814668138,241
2197518969,241
473262660,242
473262822,242
1561411396,243
585201189,243
1360122880,244
4462680068,244
7840712839,244
4462680078,244
5642519054,244
5642519055,244
5642519056,244
5642519060,244
595709975,244
5642519066,244
5642519068,244
5642519069,244
5573994014,244
5573994016,244
5573994020,244
5839165751,244
1360122937,244
4512763345,244
4512763347,244
5839155672,244
1360122841,244
5460658138,244
1360122860,244
5573931376,244
1360122866,244
5573931380,244
5573931381,244
5573931384,244
3068267824,245
670103313,245
3068267825,245
697044225,246
707377382,246
1609966639,247
7946378609,247
4370333651,247
4370333652,247
4370333653,247
748799641,247
4370333657,247
748941552,248
748941556,248
748941560,248
751837654,249
751837622,249
796809545,250
8497605078,250
6446218920,251
811035012,251
6446229925,251
835390893,252
835390894,252
835390887,252
1141415202,253
1150003340,253
1150003503,253
1150003141,254
5609643622,254
1150003479,254
6816821186,255
5609643682,255
5609643652,255
5609643653,255
5609643686,255
5609643685,255
5609643656,255
5609643687,255
1150003213,255
5609643662,255
5609643673,255
5609643674,255
5609643676,255
1150003270,256
4823246344,256
1684835241,256
1309067472,256
1493658224,256
1685281076,256
1685281046,256
1685281079,256
1150003289,257
5040168489,257
1150003400,258
1731225575,258
1726730080,259
1835355973,259
1835356006,259
1726730120,259
1835355944,259
1163954922,259
1726730123,259
1835356013,259
1835355953,259
1726730167,259
1835355961,259
1726730043,259
1163955119,260
1401870341,260
1163955037,260
5353114285,260
1233353642,261
1233353631,261
1987381555,262
1237876710,262
1237876703,262
1736734053,263
1238249900,263
1238249901,263
1238249904,263
7900221108,263
1255491496,264
1255369133,264
4511972303,264
1255491504,264
4511972304,264
1255491506,264
1255487160,265
1255487172,265
1255487166,265
1722268388,266
3093897990,266
4749090120,266
2387232554,266
2387232559,266
1722268367,266
5565455858,266
1280491924,266
1280491926,266
1722268381,266
3741117630,266
2402557599,266
2538458897,267
1312188886,267
2218344503,267
3741078112,268
1312319838,268
1939632514,269
2923703875,269
1939632519,269
1312335310,269
3870640530,269
5238500306,269
5238500308,269
5238500312,269
5238500313,269
1326821568,270
3830441923,270
1731225580,271
3794876751,271
3197339664,271
3197339666,271
3197339667,271
3197339668,271
1327865950,271
1547013589,272
8807410151,272
1547013704,273
1547013699,273
1550763732,273
1547013604,273
1547013705,274
8807410149,274
1547392771,275
1547392927,275
1556097098,276
1951372909,276
10306429333,276
1556097245,276
1951372927,276
5905897286,277
1556097111,277
1556097177,278
5905896973,278
1556097166,278
1556097306,279
1556097431,279
4169714272,280
7911282826,280
10306429323,280
1556097387,280
6446229933,280
1556097326,280
10306429327,280
8675201264,280
10306429328,280
3887941007,280
4169714270,280
4169714271,280
1556260024,281
3887941009,281
6446256190,281
1587318992,282
1587318999,282
1817617689,283
1596648669,283
1596648671,283
1609966643,284
1609966653,284
1617532088,285
4697287185,285
4696544876,285
4663312759,285
1617596593,286
3328228993,286
1617532092,286
1617596606,286
6866592992,287
6866516262,287
2453947051,287
1637578547,287
1637578516,287
6866516278,287
1637578522,287
1637578551,288
1637578535,288
1668135493,289
3197339661,289
3197339662,289
3170676206,289
5565475799,289
1668135486,289
10539068544,290
6509684096,290
10539589696,290
3267461729,290
10539589701,290
1828402758,290
4085767974,290
10539589704,290
2665239978,290
10539589707,290
1678452780,290
10539589706,290
4085767983,290
10539648210,290
2620105428,290
4085767989,290
7610670769,291
7610670771,291
1678452790,291
1684835019,292
1684835152,292
6014333809,292
1684835156,292
1684835062,292
1684835097,292
1685281036,293
1685281022,293
1707790024,294
1707790026,294
4650375494,295
1707790055,295
1707790057,295
4650375504,295
4650375505,295
1707790067,295
4650375508,295
4658088539,295
1955520890,295
3972566715,295
1723388976,296
1723388986,296
1731235480,297
1728472241,297
1731235489,297
1810130458,298
4077495964,298
1816038215,299
1832665997,299
1832666001,299
7279239795,299
1816038195,299
1816777816,300
3107212073,300
1816609486,300
4158000323,301
1816959492,301
4142725558,301
1817617691,302
1817617692,302
1832129809,303
4462680082,303
1832129796,303
1832228100,304
1832228080,304
1832228112,304
1832228144,304
1832228083,304
1832228115,304
1832228120,304
1832228159,304
1882379248,305
10090013713,305
10090013714,305
2306288080,305
4823243100,305
3247578846,305
3987750688,306
5269678593,306
1951190474,306
1968744210,307
3992885062,307
4697288399,307
1990694620,308
1990694647,308
2502545024,309
9619940387,309
1990912102,309
1990912134,309
4117896490,309
2502545041,309
9683400946,309
9678366518,309
9678523000,309
8031800090,309
8031800092,309
8031800094,309
2141364708,310
2141364732,310
3265436260,311
4175081594,311
4696545402,311
2341656968,311
4085747017,311
4697287178,311
4697287177,311
3911044734,311
4697288390,311
4696568110,311
4174200048,311
3265436691,311
4696544885,311
367102039,311
4696545399,311
4175081593,311
4166662874,311
4166662878,311
2453947049,312
4211515634,312
2576893629,312
2496836291,313
2496836303,313
3247589712,314
6569580044,314
6569580045,314
2531863975,314
2531863977,315
2531863978,315
6995618977,316
2872704413,316
2872704414,316
2935373301,317
3809870263,317
2941549928,318
3519324894,318
3739049344,319
2990721387,319
5992797788,319
2990721390,320
2990721391,320
3739049346,321
2990732269,321
6116290280,322
5473274252,322
5473274253,322
5473274254,322
5473274256,322
5473274257,322
5473274259,322
5473274260,322
3139655930,322
3139655933,322
5473273470,322
3158794148,323
5473272900,323
5473272902,323
3158794151,323
5473272904,323
5473273067,323
5473273068,323
4534858543,323
5473272882,323
5473272983,323
5473272984,323
5473272667,323
5473272700,323
3272782432,324
1547013738,324
3272782431,324
3578315456,325
3586606037,325
3704225378,326
4085778924,326
4085778928,326
4866552625,326
4085778934,326
25066684,326
3987750692,327
5977954180,327
9673189926,327
6110164649,327
7900888467,327
3850146457,327
6446292562,328
3887941012,328
4085778929,329
4085783103,329
4089885905,330
6294214898,330
6294214897,330
4369519260,331
4369519219,331
4369519227,331
4369519206,331
7636278201,332
4401149234,332
7636278191,332
4554237017,333
5009054889,333
5009054892,333
5006063176,334
4691514032,334
4691460850,334
4691460851,334
4691514035,334
4696545403,335
4697287188,335
4781199345,336
4781199346,336
4781199348,336
4781199350,336
4781199352,336
4781199354,336
4781199355,336
6374802572,337
5006965588,337
5006965589,337
5046314074,338
5046314077,338
5060405461,339
1954751918,339
5095547184,340
5095547180,340
5095547181,340
5095547182,340
5141876996,341
5141876999,341
6978459068,342
5177352922,342
5177352932,342
5468301601,343
10607626,343
5468301602,343
5473273795,344
5473273796,344
5473273798,344
5473273803,344
5473273805,344
5473273616,344
5473273791,344
5473273788,345
5473273789,345
5473273790,345
5475684676,346
5475684680,346
5475684684,346
5475684621,346
5475675316,346
5609643672,347
5609643675,347
5733997920,348
5733997919,348
5904615691,349
5904615694,349
5927671120,350
5927671121,350
6272993491,351
6239229422,351
7075087299,351
6369329170,352
6369329155,352
4076095262,352
6525701529,353
4142725557,353
6525701539,354
6525701540,354
6525701530,354
6525701533,354
6525701535,354
6606148797,355
6606148798,355
6855696495,356
6855696496,356
6855696497,356
6855696502,356
6855696503,356
6855696504,356
6855696506,356
6918421504,357
6918421508,357
6918421509,357
6918421511,357
6918421512,357
6918421513,357
7553887392,358
8869435273,358
8869435267,358
8869435272,358
7792756538,359
7792756539,359
7792756540,359
8357847937,360
8357847938,360
8357847939,360
8357847927,360
8357847928,360
8357847929,360
8357847930,360
8357847931,360
8357847932,360
8357847933,360
8357847934,360
8515091587,361
8515091590,361
8620105277,362
8620105279,362
25532494,363
8807410150,363
8814668136,364
8814668131,364
8814668135,364
8869435257,365
8869435266,365
9080098298,366
9080098299,366
9524817681,367
9524817682,367
10241310755,368
25509526,368
10306423508,369
10306429309,369
10306429310,369
10306429319,369
10539068564,370
10539068565,370
2665239972,371
10539068590,371
