node_id,cluster_id
4076126468,0
7946372941,0
104318,0
7946378610,1
104319,1
104320,2
10263444809,2
8868824851,2
20965803,2
104322,3
8869435268,3
25161368,3
7553887409,3
8869435286,3
8869435287,3
8869435288,3
8438226815,3
104323,4
7623861385,4
1532087855,4
295977520,4
2374491605,4
4715263991,4
4167762776,4
4715263993,4
2969438426,4
107584,5
251892950,5
107585,6
6218501751,6
1312188768,7
107586,7
8515091591,7
3375451566,7
4726152850,7
4726152852,7
4726152853,7
4726152857,7
4726152858,7
8043350334,7
8043350335,7
107587,8
1678245252,8
3381130090,8
3375451563,8
3381130092,8
3375451565,8
4688513230,8
4688513231,8
4688513237,8
4688513240,8
107588,9
2642857191,9
2538458887,9
5473274957,9
25248112,9
3715515059,9
25475770,10
4136137527,10
107606,10
1689605567,10
107626,11
8807410154,11
1312454055,11
107627,12
8807410158,12
107632,13
6458938017,13
7926506531,14
9024139143,14
9024139144,14
107641,14
7926506525,14
4866651969,15
1938819301,15
6055863205,15
10311362153,15
5046447437,15
8807441166,15
10311178960,15
3656358067,15
107643,15
4866623228,15
10311362114,16
10311362115,16
4729448869,16
10311178964,16
3664405913,16
8807441178,16
107644,16
1938819294,16
4922952353,17
1726730082,17
107646,17
5207476608,18
5207476609,18
5207476611,18
5207476613,18
5207476616,18
4627445257,18
4627445261,18
10309458701,18
107667,18
10309472541,18
10309472542,18
10309472543,18
10309472544,18
10309472547,18
10309472548,18
10309472553,18
4627491632,18
473265346,18
10539856459,18
3696548432,18
3696548437,18
3696548438,18
1828402774,18
4627445215,18
10310609894,18
1938819302,18
4175059691,18
10309153027,19
107668,19
10309140683,19
107681,20
1401870340,20
25503848,21
1726730329,21
1726730354,21
107685,21
8785484288,22
4530339699,22
7613626070,22
107686,22
1163955130,23
3229825173,23
107687,23
107692,24
2294047375,24
107693,25
25496622,25
7223695326,25
338472586,26
338472589,26
6279388821,26
6279388822,26
6279388824,26
2458257563,26
1832129947,26
1832129951,26
343669793,26
343669796,26
1364161197,26
5265953455,26
5265953457,26
5265953459,26
1364172237,26
1832129869,26
1832240590,26
1832129873,26
1832129878,26
1832240598,26
1832129881,26
1832129884,26
1832129888,26
6724775012,26
108389,26
6724775018,26
1832248428,26
1832248430,26
1364168178,26
1364168180,26
2458303223,26
1832129917,26
25495698,27
108391,27
390073160,28
108409,28
108845,29
5124166975,29
1145174402,30
1145174413,30
4571238069,30
109403,30
355416892,30
109408,31
894485202,31
1536948474,32
109412,32
1536948578,32
109414,33
9030029183,33
25248128,34
109416,34
1497452171,34
25248115,34
2218344510,34
25248127,34
109728,35
5931509715,35
5931509718,35
109766,36
302013678,36
373402354,37
109780,37
9514602150,38
9514602151,38
9514602152,38
9514602153,38
4922952364,38
4922952370,38
109785,38
4823246342,39
1150003530,39
1685281260,39
1141415215,39
110143,39
1787108647,40
1787108648,40
1787108649,40
1787108650,40
110238,40
2293833763,41
5374174119,41
5880186827,41
5880186829,41
5880186830,41
5880186833,41
237908,41
3972566716,41
4150883407,42
4034060018,42
4197401811,42
4696544883,42
237911,42
4696545406,42
4530012702,43
6866779817,43
6866779818,43
282708,43
6866779798,43
6866779799,43
6866779802,43
4530012699,43
6866779806,43
4530012703,43
24661273,44
8807431546,44
2961540,44
24950109,44
24950113,45
8807431541,45
2961549,45
5473273604,46
5473274501,46
5473274502,46
5473273607,46
2538458888,46
8807431560,46
5473273610,46
5473274507,46
5473274508,46
2538458893,46
5473273611,46
5473273615,46
5473274506,46
5473273612,46
2538458898,46
5473273613,46
8807431559,46
2961557,46
5473273621,46
5473274519,46
5473273623,46
5473272978,46
5473273622,46
5473274525,46
5473274528,46
5473274529,46
5473274531,46
5473274532,46
5473274533,46
5473274534,46
4534858546,46
4534858548,46
5473273605,46
24950101,46
5473274710,46
24950102,46
5473273606,46
24950105,46
5473274717,46
5473274724,46
5473273451,46
5473273069,46
5473273070,46
5473273071,46
5473273072,46
5473274503,46
24659709,46
3215687074,47
2961891,47
1312454086,47
4807512540,47
4807512541,47
747893184,48
7610670913,48
7610670912,48
25503876,48
7610670919,48
25503880,48
7610670920,48
25503885,48
10572178,48
25503851,49
10572179,49
25503845,49
10572785,50
8972511963,50
25496748,50
8785568224,51
8785567914,51
8972441580,51
10572786,51
1985084095,51
8868824899,52
10004388708,52
10004388710,52
5041784489,52
8989843465,52
8868824911,52
8868824912,52
256766545,52
632447859,52
1366095189,52
5041784501,52
10607127,52
10607128,52
435104736,53
435104738,53
435104732,53
10607132,53
435104735,53
5468301555,54
5470932252,54
10607629,54
1721713699,55
672061444,55
2406484455,55
1312188714,55
1721713677,55
10677374,55
8869464354,56
8869464357,56
5043864464,56
8869435281,56
1684511955,56
1718328435,56
10677375,56
10677376,57
2642857203,57
5473274959,57
1832129960,58
1832248457,58
1832248458,58
5374174120,58
1832129962,58
7203717550,58
5374174224,58
5573931377,58
14672924,58
529722111,58
21307200,59
18393873,59
3664398009,60
18395811,60
1725360097,60
10311178967,60
8869472263,61
18398282,61
632438506,61
20460684,61
10577984012,61
8869472239,61
8869472242,61
4922952363,62
18468951,62
18468958,63
25161351,63
1938819328,64
1938819335,64
25161352,64
1311962122,64
8807429662,64
8807429663,64
1311962016,64
2387194156,64
1678155318,64
1938819325,64
18468961,64
6369390690,64
6369390692,64
6369390696,64
6369390700,64
1938819317,64
1938819320,64
4830306810,64
4830306813,64
1938819326,64
250549587,65
4618510643,65
1312188692,65
20458277,65
6978557152,66
5067002882,66
5041784423,66
20460680,66
1684710025,66
1150003147,66
1150003532,66
3739049356,66
5067002862,66
3739049327,66
8975833905,66
6978563378,66
5067002867,66
968499092,66
3739049365,66
8975833911,66
1684710044,66
5238528591,67
20460687,67
20625793,68
10544409954,68
10544409957,68
10544409958,68
10544409959,68
10544409960,68
10544409928,68
10544409961,68
10544409963,68
10544409964,68
10544409930,68
10544409929,68
10544409966,68
10544409948,68
3616299208,69
20626282,69
8675201272,69
4777897926,69
4085778920,70
20626301,70
1536948431,70
6446301329,70
4085778930,70
5146186589,70
5146186590,70
5146186591,70
5124166978,71
20626307,71
3796814729,72
20626311,72
20626312,73
4866475729,73
4866475730,73
4866475734,73
7572522523,73
1536948477,73
2504847039,73
7572522513,74
20626316,74
7572522511,74
3796774902,75
1777728708,75
20626317,75
20626318,75
20965794,76
3229825166,76
8868824852,76
8868824856,76
8868824857,76
2398924896,77
20965798,77
20965800,77
2398924877,77
7946378606,77
2398924886,77
20965801,78
2398924898,78
25524297,79
3328228994,79
21392267,79
21392273,80
3972566713,80
21392276,81
4156336278,81
6606135977,82
6606135979,82
6606135983,82
21392279,82
3215685153,83
21523714,83
6218501730,83
6218501725,83
6218501761,83
6218501736,83
6218501737,83
1678283242,83
6465896907,83
4726152844,83
6465896909,83
1678283247,83
6218501745,83
6218501746,83
5342236733,83
5342236734,83
21523718,84
1014649631,84
10596794785,85
27459970,85
5165786242,85
5165786245,85
21523719,85
2934288510,85
1707790096,86
21563479,86
21563481,87
21563489,87
1617596627,88
1617596669,88
1617596646,88
21563503,88
21563504,89
762080105,89
21563507,90
762080077,90
6828921212,91
21563788,91
21565570,92
1777727947,92
1777727950,92
1777727958,92
25504150,92
1777727960,92
1777727961,92
1777727962,92
21578454,93
8785568223,93
6863550501,94
21583366,94
4017328647,94
1419565097,94
25378129,94
2586616722,94
4462683090,95
21686572,95
21686574,96
4462680070,96
21693787,97
25500239,97
21693795,98
8868824855,98
3515286913,99
1493676622,99
21990614,99
5565466183,99
4556931604,100
21990622,100
21990624,101
21990625,101
250327100,101
2003007012,101
21990627,102
475396924,102
5565443389,103
21990629,103
5565443390,104
21990630,104
8869464392,105
8869464378,105
5042033643,105
21990631,105
21990632,106
1718566886,106
1718566880,106
9693963681,107
775984737,107
775984738,107
1938953413,107
9820537993,107
710657963,107
9820537932,107
422573549,107
21990638,107
9820537933,107
9820537982,107
9820537981,107
1938953406,107
25161367,108
24658003,108
25161349,108
24658007,108
24659947,109
24949780,109
9693920796,110
9693920797,110
24660863,110
1418752689,111
24662037,111
25248129,112
25248130,112
24661419,112
24950061,112
2538458889,113
25248114,113
24950107,113
24950110,114
24950111,114
24950112,115
25248126,115
24950115,116
25161363,116
316763501,117
24950117,117
4922952371,118
24951853,118
4922952366,118
4922952373,118
5046314043,119
25632860,119
24951854,119
10544113920,120
10544113922,120
24952195,120
10544113923,120
3887940999,120
2528522518,120
2528522524,120
2528522528,120
6985465124,120
6985465127,120
6985465130,120
6985465133,120
2528522542,120
2528522549,120
6886012733,120
1556324684,120
3385387604,120
3385387606,120
3385356250,120
25532273,120
1689387903,120
3887941010,121
24952268,121
6446269173,121
25066338,122
25066412,122
5090420613,123
5090420614,123
5090420940,123
5090420941,123
25066419,123
1717650794,124
25066451,124
25066453,124
25067264,125
25067265,125
25067266,126
1852996996,126
4085778922,126
4866552622,126
4866552623,126
6509584414,126
5104314272,127
5104314275,127
5104314276,127
25067461,127
25067463,127
7824803495,127
7824803497,127
10542989484,127
4166634957,127
4085778931,127
5104314264,127
5104314268,127
5104314269,127
5104314270,127
1951372959,127
25067727,128
1719529597,128
25067479,128
25067728,129
5104314096,129
5104314358,129
25067670,129
1569312412,130
25067871,130
5141216745,131
25067883,131
5141216790,131
6032044857,132
25067914,132
25067936,133
5141216742,133
5141216746,133
5141216782,133
5141216787,133
25068755,134
25248117,134
4688513218,135
4688513221,135
4688513227,135
25069265,135
25248120,135
25070924,136
25071133,136
25071136,137
25071145,137
2793874587,137
25071137,137
25151180,138
1832129958,138
25161346,139
4922952372,139
5087519104,140
25161347,140
25161348,141
8807429660,141
25161360,142
7906964248,142
8807441176,143
4866623226,143
25161365,143
4866623230,143
7824747302,144
4085778919,144
4085778927,144
700774224,144
6967585841,144
6967585842,144
6967585843,144
1827389620,144
1782727992,144
25161373,144
7824747295,144
4085783105,145
5141228834,145
4085783107,145
10543014339,145
7911267685,145
10543014343,145
7911267688,145
10543014346,145
1722621711,145
1722621718,145
7911231384,145
6446292570,145
6446292571,145
25161375,145
25248113,146
2538458899,146
4688513226,147
25248122,147
3375451555,148
25248123,148
25248124,148
30056277,148
25248125,149
1211381855,149
10306429318,150
4166634955,150
4166634961,150
4166634962,150
5340811825,150
6446292564,150
25265077,150
3887941013,150
4085783099,150
2059790748,150
10306429312,151
10306423498,151
10306423499,151
25265080,151
2278320154,151
25504129,152
25504134,152
2005131543,152
25503869,152
25470782,152
25471090,153
2036181339,153
1309180610,154
1309180612,154
1723389067,154
7792756412,154
7792756414,154
25471135,154
1309180608,155
7447565849,155
25471274,155
25632854,155
3691462888,156
25471289,156
2036185421,157
25472215,157
2294047355,158
25472324,158
321255907,158
4675821921,159
4675821924,159
4675821925,159
4675821931,159
4675821932,159
762080111,159
4675821944,159
25472379,159
4675821968,160
25472428,160
6483733493,160
25472800,161
2940401398,161
25472890,162
4675822095,162
1311962080,163
25473200,163
25473199,163
25473204,164
25473205,164
6871422361,165
25473207,165
5574049698,166
5574049700,166
5574049702,166
5574049703,166
6779394887,166
5574049707,166
5574049709,166
4136124526,166
5574049717,166
25473279,166
25474019,167
5976760444,167
5976760446,167
25475072,168
585180151,168
7236131862,168
6332695639,168
6332695642,168
25475330,169
25475332,169
25475182,169
762080145,169
762080190,169
25475328,170
9700060290,170
9700060291,170
9700060292,170
3385332654,170
9683686963,170
1617647945,171
8785484306,171
25475331,171
9135845216,172
25475417,172
3733791671,172
25475419,173
283061836,173
25475561,174
9690878337,174
25475550,174
9699961628,175
25475661,175
1796137508,175
9690915267,176
8064065316,176
25475663,176
4298970368,177
4298970372,177
4298970376,177
4298970380,177
4298970384,177
4298970388,177
4298971293,177
9820538021,177
9820538022,177
6828863694,177
6828863697,177
25499093,177
355416920,177
9576827482,177
25475674,177
4297054053,177
25475693,177
108406,177
4298970364,177
25475688,178
25475690,178
9820538027,178
25499095,178
435104728,179
25475694,179
25475754,180
1493229962,180
28728208,181
25477106,181
306439304,182
25477149,182
306439310,183
8632535532,183
25477150,183
306439338,184
25477154,184
306439329,185
25477156,185
25477197,186
2402557839,186
25477228,187
3735886877,187
25477301,188
2935373159,188
1327865956,189
57786953,189
3673602988,189
3809870260,189
25477339,189
5925626143,189
28419328,190
5257738380,190
5257738381,190
5257738382,190
5257738383,190
5257738384,190
5257738385,190
5257738386,190
5257738387,190
5257738388,190
25477371,190
819157946,191
25477858,191
3661703766,191
1832052008,192
25495542,192
1832129783,192
25495617,193
25495618,193
10543800252,193
25495769,193
8645592520,194
8645592521,194
25495858,194
25495639,194
25495640,194
1832228035,195
343669798,195
1832228039,195
1832228016,195
1832129821,195
25495807,195
6354294763,196
25495820,196
1834657466,196
6354294779,196
1834657469,196
350437528,197
4275394254,197
25495822,197
25495857,198
269550332,198
759123955,199
25496100,199
7279228683,200
25496773,200
25496777,201
8972511964,201
25496785,202
8972441125,202
25496787,203
1985084135,203
8972441579,204
25496815,204
1684437690,205
1832129778,205
25496847,205
25496920,206
4920098344,206
9820537921,207
9820537957,207
108393,207
7947041713,207
1326821457,207
9820537917,207
4571238068,207
9820538002,207
9820538006,207
1938953431,207
25497340,207
1938953437,207
25497603,208
1547657140,208
9693963688,209
1816705193,209
25497619,209
1816705177,209
1816705183,209
25497968,210
25632678,210
25497978,211
25497979,211
2755124807,211
2755124815,211
1150003329,212
25497981,212
25497985,213
748941508,213
5733998227,213
5733998228,213
819132568,213
1684781470,213
5609643647,213
6374802559,214
25497997,214
390073175,214
1685281025,215
1685281029,215
1685281031,215
1685281032,215
1685281035,215
1685281041,215
1685281045,215
1685281175,215
25498010,215
1686463389,215
1685281053,215
1686463392,215
1685281056,215
1685281058,215
1685281061,215
1685281063,215
1685281064,215
1686463794,215
1685281075,215
1141415220,215
1685281077,215
1685281087,215
1686463428,215
1685281104,215
1685281123,215
1685281003,215
1685281010,215
1685281011,215
1685281013,215
1685281017,215
1685281020,215
1685281021,215
250550447,216
25498015,216
25498016,217
6569580040,217
25498018,218
6374802582,218
7792756713,219
25498026,219
5711517565,220
25499655,220
4378043682,221
25500246,221
25500427,222
8868824844,222
20965799,222
1726730307,223
25500535,223
25503841,224
25471681,224
1726730303,224
748885408,225
4240028578,225
4240028580,225
25503862,225
25503865,226
4643337012,226
5114681227,227
8785457870,227
8785457871,227
25504143,227
5114681230,227
1726730162,227
1726730165,227
25504145,228
25504146,228
25504148,228
1835355940,229
1835355972,229
1777727945,229
1777727949,229
1835355922,229
1835355955,229
1793420660,229
25504149,229
1678452795,229
1707790044,229
25504753,230
7827997819,230
4627491645,230
25505679,231
9988193967,231
25505607,231
4962956931,232
1828402760,232
9611081868,232
1938819283,232
2012969972,232
25505629,232
25509533,233
25509527,233
5223919938,234
25532332,234
5473273376,235
1951616261,235
1951616268,235
5473273433,235
5473273363,235
1951616276,235
1782714747,235
25532377,235
5473273435,235
5473273372,235
5473273373,235
25532384,236
5238587994,236
1951616319,236
25532464,237
8807410152,237
5340811717,238
5340811719,238
5340811720,238
1401459399,238
1401459400,238
1401459403,238
25544110,238
5340811707,238
2577040703,238
1726730272,239
25577057,239
5342251151,239
316763600,240
316763586,240
25632859,240
25632864,241
25632865,241
1150003264,242
25632870,242
5067002855,242
1150003247,242
8784212017,242
8784177716,242
5306194265,243
25634199,243
270110481,244
26374230,244
26374231,244
761831004,244
761831037,244
7271474850,245
7271474852,245
7271474841,245
26374236,245
26374237,245
27481040,246
27458331,246
1566270021,246
27481039,246
5342236739,247
1550763620,247
5342236740,247
27458353,247
471488472,247
6995618979,248
9080098315,248
9080098316,248
27459120,248
302013776,248
1014803736,249
28418497,249
2935392676,249
3528738438,249
9080098310,249
3073173585,249
9030037139,249
3528710291,249
2914561272,249
2914561274,249
27459165,249
4430996033,250
27459971,250
3906588452,250
3247933381,250
2934288518,250
3906588454,250
27459729,250
2934288530,250
27460198,251
843376594,251
2870261844,251
27459830,251
6995618971,251
3906588446,251
3906588448,252
27460226,252
3930921860,252
251892523,252
3708234956,252
3708234955,252
3708234957,252
4089885906,252
3932064154,252
3932064156,252
3932064957,252
27480957,253
347542743,253
27480960,254
9678821156,254
5768339816,255
27481041,255
30056280,255
692162527,255
1566270409,256
5768339817,256
30057965,256
5342236721,256
692162514,256
27481044,256
692162559,256
28193265,257
3170676207,257
302013688,258
3892081377,258
3892081378,258
3892081382,258
4344245894,258
7817162919,258
1014803704,258
28418138,258
3892081373,258
2140124996,259
249679365,259
1014803691,259
302013682,259
28418141,259
28418144,260
4344245892,260
4344245893,260
249679168,261
28418580,261
4223357841,262
28418859,262
429346242,263
429346243,263
4629462859,263
429346253,263
28418877,263
5106520280,264
28418909,264
28418921,265
4136137525,265
5816744255,265
3984132032,266
3984132036,266
3984132037,266
302013708,266
4422013486,266
4089885902,266
28418929,266
1758552547,267
1758552521,267
1758552522,267
1758552555,267
1758552524,267
1758552559,267
2990664881,267
28800660,267
1758552541,267
1401908258,268
250550174,268
28800661,268
28800662,268
1758552682,269
5040168491,269
973128722,269
28800663,269
2990716985,269
8869464371,270
28800668,270
5041945479,271
5041945480,271
8869464398,271
8869464407,271
28800670,271
3375451561,272
30056255,272
1547392865,273
30056330,273
5580861156,273
707377287,273
32825440,274
843376569,274
32825442,275
843376588,275
843376610,276
32838084,276
843376591,276
32921724,277
761830991,277
32921728,278
32921729,278
32921731,278
4697525030,278
4697525032,278
1401849768,278
26374229,278
270110054,279
32921737,279
32921738,279
751837551,279
751837591,279
32921748,280
32921743,280
8785567909,281
7223668012,281
5006063180,281
33141178,281
1148276284,281
3741131608,282
149431715,282
3247824558,283
149451622,283
1685276643,284
250549700,284
250549699,284
8868010217,284
213668842,284
8868010221,284
8868010202,284
8868010204,284
255700677,285
250327547,285
213672005,285
2987752071,286
2990717001,286
2987752073,286
2987752074,286
5269670540,286
244128951,286
2990716984,286
249558964,287
1042862718,287
7815533545,288
7815533546,288
249558966,288
249560091,289
7900221087,289
3528738439,290
3528738440,290
2934411667,290
251757533,290
249679102,290
5174825183,290
4116809027,291
249679343,291
4948602211,292
3168378376,292
4949004105,292
249679407,292
670103314,292
249679418,292
7817166393,293
249679420,293
7817166397,293
1401416208,294
250326914,294
250327037,295
1310663631,295
250327576,296
2642612586,296
1039290561,297
1039290594,297
4511948225,297
338319877,297
7151566952,297
250327660,297
4511972301,297
4511972302,297
3637436403,297
3152307669,297
2560785849,297
4453606953,298
250549282,298
4224123324,298
4453606958,298
3114645200,299
354886082,299
250549670,299
250550024,300
1343823418,300
8869464390,300
250550023,300
3550836104,301
251757458,301
251757452,301
3550836102,301
1039322102,302
251757615,302
251892754,303
6218501742,303
252601811,304
4430996044,304
252729234,305
4726152859,305
4726152860,305
256766532,306
256766533,306
473267328,307
1649365762,307
4158223748,307
3763565959,307
8620105223,307
473268999,307
1678452753,307
1649365780,307
1813794712,307
6137798425,307
1649365789,307
268124704,307
3267461666,307
1649365797,307
1649365800,307
5009054894,307
1777740337,307
5009054898,307
1649365810,307
10539068598,307
1649365816,307
368044217,307
1649365820,307
4197401800,307
4197401802,307
1777742666,307
4150883409,307
4197401813,307
864817628,307
4034060007,307
473269102,307
4034060015,307
1955520879,307
4034060017,307
2265065203,307
1837610896,308
1163955034,308
269547420,308
1837610895,308
269550786,309
8373690819,309
269550898,309
4689775126,309
8785484313,309
269550330,309
269550896,310
269550331,310
8785484312,311
269589467,311
270110053,312
270109325,312
10196915587,313
10196915588,313
10196915589,313
321255911,313
10196915593,313
270109326,313
270109327,313
1419544142,314
270109370,314
2134066506,314
1419544126,314
270112539,315
321255910,315
4529839800,316
277337783,316
283062189,317
690295047,317
302013666,318
302013668,318
302013672,319
27480956,319
302013683,320
7899973206,320
4344245890,321
302013685,321
472493763,322
9080123621,322
6969936102,322
6969936104,322
6969936106,322
6969936108,322
6969936109,322
6969936110,322
302013777,322
6969936114,322
6969936115,322
6969936116,322
6969936117,322
316763513,323
316763500,323
2990806415,324
1759454163,324
2990806411,324
316763559,324
316763584,325
5046627553,325
1215563891,325
5046627645,325
316763595,326
316763590,326
323260106,327
1816038214,327
4275394255,328
350377999,328
350437608,329
5976672308,329
1816038230,329
1832052016,330
350628799,330
4729480806,331
4729480807,331
355416887,331
3830441937,331
4571244663,331
4297243298,332
4297243301,332
4158004390,332
4297242983,332
4297243306,332
1913216493,332
355416911,332
4297242961,332
4297243218,332
748797145,332
1664571227,332
4297243292,332
4297243295,332
24950104,333
2538458904,333
357999964,333
1835355936,334
7223709667,334
1835355946,334
1268892541,334
1707790062,334
1268892533,334
1835355929,334
367105757,334
367121266,335
3708234964,335
1547013743,335
1326821569,336
7553479208,336
7553479212,336
20460686,336
372050299,336
1215563904,337
373364228,337
5475684848,337
5475684758,337
1215563895,337
5475684763,337
7644741346,338
7644741348,338
6110164647,338
377490664,338
1312932849,338
10013517434,338
7644741343,338
4085767970,339
419350723,339
4085767979,339
4089236236,339
419350669,339
1536948492,339
4166634960,339
10309153025,340
1239549084,340
1905779367,340
1905779369,340
5177397419,340
8620105262,340
419632307,340
3972566710,340
5177397822,340
5177397823,340
5177397825,340
5177397826,340
5177397828,340
1707790023,340
10309140686,340
2360681703,340
8755808618,340
2360681709,340
2360681711,340
2360681713,340
2360681716,340
2265065207,340
10309153022,340
10309153023,340
4534184514,341
429346236,341
429346241,342
4534184515,342
1813618288,343
435104715,343
435104717,343
1723340842,344
435104742,344
8972511962,345
438170475,345
5711517570,346
5711517571,346
4703559689,346
5479654175,346
5479654177,346
2331184930,346
2331184932,346
2331184935,346
1723388979,346
446765895,346
4703542485,346
4703542486,346
6525670236,346
6525670237,346
2135411294,346
2135389151,346
2135411296,346
2135411297,346
6525670242,346
7882485394,347
10308697502,347
469785734,347
470727722,348
4822267094,348
1707790074,348
8807441179,349
10311362236,349
470729237,349
1655418222,349
8785457865,350
470729292,350
1835355965,350
1678452796,350
471488469,351
3145798533,351
471488499,352
1493722803,352
473219610,353
10543014340,353
10542989479,353
2137096880,354
473257581,354
6458938008,355
473258313,355
5905893980,355
6458938007,355
473264514,356
4627491650,356
4627445252,356
4627445253,356
4627445254,356
4627445240,356
473264937,356
7179983946,356
7179983947,356
4627445260,356
4627445241,356
10310609879,356
3696548440,356
10310609881,356
10310609852,356
1668112792,357
473266524,357
490947124,358
490947077,358
4085387945,359
585148380,359
1561411396,360
585201189,360
5573994016,361
4462680068,361
5573994020,361
5573931384,361
7840712839,361
1360122860,361
4462680078,361
4512763345,361
1360122866,361
4512763347,361
5573931380,361
5573931381,361
595709975,361
5839155672,361
1360122937,361
5460658138,361
1360122841,361
5573994014,361
3068267824,362
670103313,362
673420216,363
1563638022,363
1233350889,364
1233350862,364
675734610,364
675734613,364
675734622,364
5335245254,365
1566269741,365
692162510,365
4117882857,366
2528522547,366
694824861,366
697044225,367
707377382,367
4715264001,368
4715264002,368
4715264004,368
722208263,368
4715263992,368
4136137530,368
748797155,369
9820538020,369
748797126,369
1609966639,370
4370333651,370
4370333653,370
748799641,370
4370333657,370
751837654,371
751837622,371
761830981,372
761830987,372
9566848716,372
761831019,372
761831023,372
761831000,372
761831007,372
761831057,373
761830989,373
796809545,374
8497605078,374
4749094023,375
4749094026,375
1255490314,375
3809744396,375
3733299982,375
3809744398,375
3809744400,375
3809744401,375
3809744403,375
3809744404,375
3809744406,375
3809744409,375
3809744412,375
3809744414,375
3809744415,375
3809744416,375
3809744417,375
3809744418,375
3809744419,375
3809744421,375
3809744423,375
3809744426,375
3809744558,375
3809744431,375
3809744430,375
9030284977,375
3809744433,375
3809744434,375
3809744436,375
3809744565,375
3809744432,375
9030284983,375
3809744439,375
1150003385,375
3809744571,375
3809744444,375
806373565,375
3809744572,375
3809744446,375
3809870272,375
3809870273,375
3809744443,375
3809744451,375
3809870277,375
3809744453,375
3809870281,375
3809870283,375
3809870287,375
3809870288,375
8210567392,375
6574794989,375
835390894,376
835390887,376
4155841827,377
843376643,377
3988141441,378
3988141442,378
1150003237,378
2254629351,378
3093894066,378
906172949,378
1271774552,378
3805378111,378
5146186489,379
950703626,379
956233216,380
956233215,380
3894948098,381
3894948099,381
3894948100,381
1042862659,381
1014803686,381
3014236569,381
3014236570,381
3894948091,381
3894948093,381
4530270906,382
8785484298,382
1020211942,382
1617596711,382
1039322041,383
5174825180,383
5174825181,383
4922952374,384
4922952365,384
1046306670,384
1155552322,385
1155552319,385
1990912136,385
1951242857,385
1990912115,385
4832472797,385
1137777343,385
1141415202,386
1150003340,386
1150003503,386
5060405434,387
1141487723,387
1145174417,388
1145174418,388
1816705135,388
1261120402,389
1145174435,389
1816609498,390
1145174508,390
1145174501,390
1816777820,390
1150003141,391
5609643622,391
1150003479,391
1150003155,392
5060405427,392
5060405430,392
5060405429,392
1150003224,393
1150003170,393
1150003563,393
1150003238,393
1813618304,394
3739049382,394
1401893675,394
1150003472,394
25473202,394
1150003197,394
5609643652,395
5609643653,395
5609643656,395
1150003213,395
5609643662,395
5609643676,395
1150003270,396
1309067472,396
1493658224,396
1685281076,396
1685281079,396
1150003289,397
5040168489,397
1238259337,398
1731235492,398
1731235606,398
1150003423,398
1150003480,399
1150003547,399
5565487612,399
1401870341,400
1163955037,400
5353114285,400
1233353464,401
1233353467,401
1237876710,402
1237876703,402
8429812517,403
1237883773,403
1238249904,404
1736734053,404
3809744384,405
3809744385,405
3809744386,405
3809744387,405
3809744389,405
3809744390,405
3809744392,405
3809744395,405
3805378112,405
3805378113,405
3805378114,405
1390303296,405
3805378116,405
3805378117,405
3629217345,405
3805378119,405
3805378120,405
3805378121,405
3805378122,405
3805378123,405
3805378124,405
3629217348,405
1327865952,405
1327865953,405
1327865957,405
3808625773,405
3808625778,405
3808625780,405
3808625782,405
3808625785,405
1271712905,405
3808625804,405
1271712911,405
1271712914,405
2129578132,405
1271712920,405
2129578142,405
1271712931,405
1271712934,405
3808625831,405
3808626859,405
3808626860,405
3808625837,405
3808626862,405
3808626865,405
3808625843,405
3808626868,405
3808626869,405
3808626871,405
3808626872,405
1271712957,405
3808625853,405
3808626878,405
3808625855,405
3808625854,405
3808626882,405
3808626884,405
3808626886,405
3808626887,405
3808626893,405
3808626895,405
3808626896,405
3808626902,405
3808626904,405
3808626905,405
3808626912,405
3808626913,405
3808626914,405
8210567396,405
8210567401,405
3808626922,405
3808626923,405
3808626929,405
3808626934,405
3808626935,405
1255320311,405
3808626940,405
3808626941,405
3629217346,405
3808626945,405
3629217347,405
3808626947,405
1255320339,405
3733299988,405
1255320354,405
1255320363,405
4316822830,405
1255320367,405
1255369105,405
1255369111,405
1255369125,405
1255369135,405
3809870261,405
3809870262,405
3809870264,405
3809870265,405
3809870266,405
3809870267,405
1255369148,405
3809870269,405
3809870270,405
1255369156,405
1255369159,405
4316823023,405
3809744380,405
3809744381,405
3809744383,405
1255369152,406
1271712922,406
1255369128,406
3808625835,406
1271712946,406
3808625844,406
1255369140,406
3805122394,406
3805122396,406
1255491496,407
1255369133,407
4511972303,407
1255491504,407
4511972304,407
1255491506,407
1255487160,408
1255487172,408
1255487166,408
4383581281,409
1255487171,409
1255487174,409
4317187494,409
1255487176,409
1255487177,409
4382350190,409
1255487187,409
1271804564,409
3637436404,409
2129578133,409
4317178392,409
1255487162,409
4382273404,409
4317211389,409
7610670751,410
7610670752,410
1268900644,410
10310609841,410
1268892338,410
10310609842,410
3664398007,410
1268900678,410
3474115151,410
10310609872,410
10311178970,410
10310609885,410
10311362270,410
10311362271,410
10311362272,410
10311178978,410
5976850019,410
5976850023,410
5976850024,410
10311178985,410
10311178991,410
7610670710,410
1268903266,411
10541894095,411
10541894097,411
4627445239,411
10310609849,411
1722268388,412
2387232554,412
2387232559,412
1722268367,412
1280491924,412
1280491926,412
1722268381,412
3741117630,412
2402557599,412
4807521484,413
1309067471,413
3741131600,413
3320754320,413
3320754322,413
7636278195,413
7636278196,413
7636278193,413
7636278198,413
7636278200,413
1723315608,413
7636278199,413
7636244314,413
5060388115,414
5060388107,414
1311962012,414
5060388110,414
2545230474,415
1312188614,415
2538458897,416
1312188886,416
2218344503,416
3741078112,417
1312319838,417
1939632514,418
2923703875,418
1939632519,418
1312335310,418
3870640530,418
3272712566,419
3272782406,419
1312454087,419
5473273441,420
2378843907,420
5473273379,420
1678226827,420
5473273305,420
3076574254,420
1312454094,420
5473273295,420
5473273326,420
8807431534,420
5473273332,420
5473273364,420
5049840244,420
5473273399,420
5473273368,420
5473272665,420
5473272666,420
5473273429,420
27459905,421
1312471267,421
1326821568,422
3830441923,422
3197339666,423
3197339667,423
1327865950,423
3794876751,423
2622212865,424
5473274242,424
1939558661,424
2538458886,424
1939558663,424
4861365383,424
3136301320,424
1939558666,424
5473274891,424
1365887500,424
1939558667,424
2538458894,424
2538458895,424
3136301328,424
3136301324,424
3136301321,424
3136311315,424
1939558672,424
2622212885,424
2622212878,424
2538458903,424
2622212887,424
2538458905,424
2528522522,424
8807429659,424
1939558684,424
1939558681,424
3139677982,424
5473274911,424
1939558687,424
2622212897,424
3136301730,424
2622212895,424
3139705124,424
2622212903,424
1939558697,424
5473274540,424
1939558700,424
2622212914,424
2622212925,424
2622212927,424
2622222657,424
2622222658,424
2622222659,424
2622212930,424
2622212933,424
2622212860,424
2622212937,424
2622212939,424
2622222668,424
2622212941,424
2622212942,424
4861365372,424
5473275004,424
2622212889,424
5473274969,424
1733389278,424
2218362849,424
2218340965,424
4866976614,424
5473274990,424
5473274866,424
5473274867,424
7223365368,424
4861365369,424
4861365370,424
1939558651,424
7223365372,424
2622212862,424
1939558655,424
8868824913,425
8868824914,425
1366095187,425
1813618228,425
1813618229,425
6871422360,425
1401893666,426
3739049383,426
1401926435,427
2387194149,427
2387194150,427
2387194123,427
2387194127,427
2387194128,427
2387194131,427
2387194133,427
8807429661,427
1402070363,428
1402070364,428
1402070365,428
1536948536,429
1852996954,429
7572522540,429
1547013592,430
1547013588,430
1547013589,431
8807410151,431
4402594986,432
1547013655,432
4402629177,432
4402629178,432
4402629180,432
1547013699,433
1550763732,433
1547013705,434
8807410149,434
4619022513,435
4619022514,435
6600283121,435
1547013754,435
3830029915,435
3830043581,435
1547392771,436
1547392927,436
1547657104,437
8064065324,437
6218468163,438
1550763708,438
9704122317,438
6218468164,438
1556097245,439
1556097098,439
1951372909,439
10306429333,439
5905897286,440
1556097111,440
1556097177,441
5905896973,441
1556097166,441
4169714272,442
7911282826,442
10306429323,442
1556097326,442
10306429327,442
8675201264,442
10306429328,442
4169714270,442
4169714271,442
1556097387,443
6446229933,443
3887941007,443
1556260024,444
3887941009,444
6446256190,444
1587318992,445
1587318999,445
1817617689,446
1596648669,446
1813618432,447
1813618461,447
1813618463,447
1813618465,447
1596655148,447
1596655149,447
1596655155,447
1813618484,447
1596655157,447
1813618358,447
1596655161,447
5041784633,447
1813618493,447
1813618365,447
8868824900,447
8868824901,447
1813618376,447
1813618393,447
1813618424,447
1813618426,447
1813618429,447
1813618431,447
1599652497,448
5503142970,448
1599652492,448
5503142969,448
1601797458,449
9820538004,449
1617532088,450
4697287185,450
4696544876,450
4663312759,450
25473048,451
1617596591,451
1617596593,452
3328228993,452
6866592992,453
6866516262,453
2453947051,453
1637578547,453
1637578516,453
6866516278,453
1637578522,453
1637578551,454
1637578535,454
1649365894,455
1649365878,455
1664571164,456
1664571229,456
1668135493,457
5565475799,457
1678226846,458
4867087524,458
4867087532,458
4867087535,458
8807431536,458
6018098767,458
1678227031,458
5065949596,458
5141354330,458
5141354331,458
3153656028,458
3153656030,458
5065949598,458
10539068544,459
6509684096,459
10539589696,459
10539589701,459
1828402758,459
10539589704,459
2665239978,459
10539589707,459
1678452780,459
10539589706,459
10539648210,459
1678452788,460
1678452789,460
7610670769,461
7610670771,461
1678452790,461
8785457867,462
1678452797,462
1832129794,463
1832129776,463
4077495826,463
1832129785,463
1684437692,463
1832129789,463
1684781436,464
1684781421,464
1684835097,465
6014333809,465
1684835062,465
1684835152,466
1684835156,466
4823246344,467
1684835241,467
1685281046,467
1686463397,468
1685281006,468
1686463489,469
1686463523,469
3739049325,469
1686463503,469
1686463471,469
1686463505,469
1686463476,469
1686463510,469
7223709668,470
7223709669,470
1707790029,470
1726730033,470
1835355931,470
7223709662,470
1707790057,471
4650375508,471
1707790055,471
4650375504,472
4650375505,472
1707790067,472
4658088539,472
1955520890,472
3972566715,472
1707790105,473
6828921210,473
6828921211,473
1717643512,474
1717643505,474
1722621701,475
1719663634,475
1719661631,475
1719529599,475
1723388970,476
1723388957,476
1723388960,477
1723388974,477
1835355944,478
1726730043,478
1726730080,479
1726730120,479
1726730123,479
1835356013,479
1726730167,479
1726730281,480
107684,480
1726730292,480
5342251136,481
4329502449,481
1726730326,481
1726730295,481
4379801694,481
6458938011,482
6446292572,482
1727515734,482
1728472241,483
1731235489,483
1731235534,484
1731235511,484
1731235545,485
1731235557,485
1733389217,486
1733389314,486
1733389249,486
5334381837,486
2990651904,487
2990651906,487
2990651907,487
2990651908,487
2990651909,487
2990651910,487
2990651911,487
2990651912,487
2990651914,487
2990651918,487
1758552597,487
5060388105,488
1759454211,488
1759454222,488
1759454378,489
1759454351,489
1761598585,490
6866779810,490
8785457866,491
1793420652,491
1835355964,491
5014591889,492
1816038199,492
3107212073,493
1816609486,493
1816705152,494
1816705180,494
1816705168,494
1816705175,494
1816705250,495
1816705227,495
1816705235,495
1816705242,495
1816705246,495
1816777873,496
1816777874,496
4158000323,497
1816959492,497
1817617691,498
1817617692,498
1832129762,499
5516594509,499
4462680082,500
1832129796,500
1832227968,501
1832227873,501
1832227972,501
1832129807,501
1832227996,501
1832228100,502
1832228080,502
1832228112,502
1832228144,502
1832228083,502
1832228115,502
1832228120,502
1832228159,502
1835355953,503
1835355961,503
585124778,504
1864047135,504
1882379248,505
10090013713,505
10090013714,505
2306288080,505
3247578846,505
3987750688,506
5269678593,506
1951190474,506
1951616322,507
5096270631,507
25495646,508
1953202903,508
1990694620,509
1990694647,509
2502545024,510
9619940387,510
1990912102,510
1990912134,510
4117896490,510
2502545041,510
9678523000,510
8031800090,510
8031800092,510
8031800094,510
2480657188,511
2135411293,511
2480657190,511
2140124982,512
2140124983,512
2168949324,513
2168949325,513
8814668137,514
2197518969,514
8814668138,514
8814668133,514
5342236744,515
5342236723,515
5342236724,515
5641663539,515
5342236728,515
2203268985,515
5342229818,515
6218501723,515
3265436260,516
2341656968,516
4085747017,516
4697287178,516
4697287177,516
4696568110,516
4174200048,516
3265436691,516
2466442741,517
2466442743,517
2480657186,518
5060405446,518
6509584413,519
109734,519
2504822135,519
5904615699,520
2528483742,520
6867581464,521
2528484781,521
3247589712,522
6569580044,522
6569580045,522
2531863975,522
2531863977,523
2531863978,523
2566132610,524
2566132611,524
2620105428,525
4085767989,525
4085767974,525
4085767983,525
2642857197,526
2642857199,526
6995618977,527
2872704413,527
2935373301,528
3809870263,528
2990651920,529
2990651921,529
3739049344,530
2990721387,530
5992797788,530
3739049346,531
2990732269,531
1758554291,532
2990780039,532
7817166407,533
3892081384,533
3014236566,533
3014236567,533
3186593720,533
3068270516,534
3068270518,534
5473273154,535
5473273141,535
3076574255,535
3081980920,536
3081980922,536
4749090120,537
3093897990,537
3136301731,538
3136301325,538
3136311316,539
5473274493,539
5473274494,539
5473274253,540
5473274254,540
5473274260,540
3139655930,540
3139655933,540
3141814027,541
3141817429,541
3158794148,542
3158794151,542
5473273067,542
5473273068,542
5473272882,542
5473272983,542
5473272984,542
3197339661,543
3170676206,543
3197339662,543
5565486432,544
3197339673,544
3197339674,545
3197339676,545
3247825561,546
3247825562,546
3741131606,546
3272782432,547
3272782431,547
3334162601,548
250325411,548
3471375913,549
4086232870,549
3528711722,550
3682538298,550
3578315456,551
3586606037,551
3586606038,552
3586606039,552
3629223881,553
3629223890,553
5565466177,554
3629223884,554
3629223885,554
4086232871,554
3632581622,555
4430996024,555
4155841818,555
4430996027,555
4155841820,555
3704225378,556
4085778934,556
6978555518,557
3739049366,557
6978555522,557
3763565961,558
8755808627,558
8755805305,558
10539068550,558
3808625796,559
3808625809,559
8042031957,559
8042031958,559
3808625786,559
3808625791,559
3809744584,560
3808627066,560
3808627061,560
3809744583,560
5977954180,561
3987750692,561
9673189926,561
6110164649,561
3850146457,561
6446292562,562
3887941012,562
4175081593,563
4166662874,563
4175081594,563
3911044734,563
5788363874,564
5788363878,564
5907366887,564
5788363880,564
6978443788,564
3972566705,564
3972566714,564
5839163740,564
3992885062,565
4697288399,565
4085600698,566
3999987604,566
4075008388,567
5565466174,567
4076095797,568
4076095791,568
4076095841,569
4076095834,569
4085387943,570
5574051321,570
5574049718,570
5574049719,570
4085600696,570
4229228089,570
4085778928,571
4866552625,571
25066684,571
4085778924,571
4085778929,572
4085783103,572
4085778933,573
6446304190,573
4085783106,574
6032044874,574
4089885905,575
6294214898,575
4715264006,576
4715264007,576
9690915275,576
6014302222,576
9690915278,576
25475664,576
6014302224,576
6014302225,576
4136137529,576
4167762778,576
4715263995,576
4715263998,576
5335233113,577
5009060057,577
4138224462,577
4138224463,577
5160943808,578
4144358216,578
4144358217,578
5160943793,578
5160943794,578
5160943795,578
5160943800,578
8042031930,578
5160943803,578
5160943804,578
5160943806,578
5160943807,578
4155841816,579
4155841810,579
4155841811,579
5353127105,580
4158122222,580
4158122223,580
9683400934,581
8031801454,581
4166219502,581
9683633717,581
9683633718,581
6288147785,582
6288147786,582
6218501757,582
4195103055,582
4208239642,583
4462680076,583
4211515569,584
108903,584
4275398721,585
4275398714,585
4275398716,585
6866779809,586
4316306161,586
4316306163,586
4316306164,586
6866779804,586
4367041960,587
8755805313,587
4367041962,587
5177397824,587
4369519219,588
4369519206,588
4369519227,589
4369519260,589
4378043649,590
4378043667,590
4378043661,590
4378043662,590
7636278201,591
4401149234,591
7636278191,591
4688513244,592
6218501724,592
4688513245,592
4430996023,592
4430996028,593
4430996029,593
4530012705,594
4530012706,594
4530012707,594
4729385030,594
4729385031,594
4530012711,594
4530011788,594
4530012690,594
4530012691,594
4530012695,594
4530012696,594
5473272900,595
5473272902,595
5473272904,595
4534858543,595
5473272700,595
4571244660,596
5503142966,596
4643337146,597
10572180,597
4665352264,598
4665352260,598
4665352261,598
4665352262,598
4665353643,599
4665353644,599
4675822093,600
4675822094,600
4675822097,601
4675822099,601
4675822100,601
4696545402,602
4697288390,602
367102039,602
4696545403,603
4697287188,603
25496851,604
4730978983,604
4773889323,605
4777885221,605
8497605091,605
4781199345,606
4781199346,606
4781199348,606
4781199350,606
4781199352,606
4781199354,606
4781199355,606
4866475736,607
4866475733,607
4866651961,608
10311362154,608
8807441177,608
5006063176,609
4691460851,609
6374802572,610
5006965588,610
5009054889,611
5009054892,611
5046005745,612
5046005730,612
5046005731,612
5046005743,612
5046005789,613
5046005790,613
5046314074,614
5046314077,614
5060391418,615
5060391821,615
5060405441,616
5060405443,616
5060405444,616
5060405445,616
5060405461,617
1954751918,617
5094718794,618
5094718798,618
5095547184,619
5095547180,619
5095547181,619
9820537954,620
9820537955,620
5095890460,620
5124166971,621
5124166973,621
5141625635,622
5141625637,622
25067400,622
5141625655,622
5141625621,622
5141625654,622
5141625623,622
5141625653,622
5141625625,622
5141625630,622
25067397,623
5146186470,623
5201625537,624
5201625539,624
5201625541,624
5146186503,624
5146186504,624
5146186505,624
5146186507,624
6967585840,624
6967585845,624
5201625535,624
5160943796,625
5160943797,625
5160943798,625
5160943799,625
5174825176,626
5174828980,626
5174825175,626
6978459068,627
5177352922,627
5177352932,627
5198585557,628
5198585558,628
5198585559,628
5198585560,628
5198585561,628
5198585562,628
5238587992,629
6463234329,629
6463230640,629
5227220846,629
5238500312,630
5238500313,630
5238500306,630
5238500308,630
5335245256,631
5335245257,631
5468301601,632
10607626,632
5468301602,632
5471345385,633
308837357,633
9846850972,633
9846850973,633
9846850974,633
5473272899,634
5473272894,634
5473272896,635
5473272897,635
5473272895,635
5473273139,636
5473273227,636
5473273140,636
5473273425,637
24950114,637
5473273457,638
5473273490,638
5473273500,638
5473273788,639
5473273789,639
5473273790,639
5473273795,640
5473273796,640
5473273791,640
5473273803,641
5473273805,641
5473273798,641
5473273968,642
5473273966,642
5473273967,642
5473274256,643
5473274257,643
5473274259,643
5473274252,643
5475675316,644
5475684621,644
5475684680,645
5475684676,645
5479654172,646
5479655630,646
5564754892,647
5564410334,647
5580861153,648
5580861151,648
5609643623,649
5609643663,649
5609643664,649
5609643665,649
5609643670,649
5609643672,650
5609643675,650
5609643682,651
6816821186,651
5609643685,651
5609643686,651
5609643687,651
5609643673,651
5609643674,651
5642519054,652
5839165751,652
5642519066,652
5642519068,652
5642519069,652
5642519056,653
5642519060,653
5642519055,653
5904585328,654
27460439,654
5904615691,655
5904615694,655
10544409950,656
5905807279,656
5905807278,656
10544409967,656
9216868136,657
9216868137,657
5924603442,657
5924603450,658
6265654111,658
5927671120,659
5927671121,659
6218501748,660
6218501739,660
6218501740,660
10599654857,661
6218501758,661
6218501759,661
6266867113,662
6266867114,662
9690974277,662
6266867111,662
6369329170,663
6369329155,663
6431923714,664
6431923715,664
6446218920,665
6446229925,665
6525701539,666
6525701540,666
6525701533,666
6525701535,666
6606148797,667
6606148798,667
6855696504,668
6855696506,668
6855696496,668
6855696495,668
6855696497,669
6855696502,669
6855696503,669
6918421504,670
6918421512,670
6918421508,670
6918421513,671
6918421511,671
6948380401,672
6116290274,672
6948380395,672
7223704403,673
7223704404,673
8785568222,673
7447637305,674
7447637306,674
7553887392,675
8869435273,675
8869435267,675
8869435272,675
7572833352,676
7572833353,676
25504144,677
7607080091,677
7607080092,677
7610670890,678
7610670892,678
7613626050,679
7613626059,679
7613626060,679
7613626066,679
7613626042,679
7613626044,679
7613626045,679
7613626046,679
7613626047,679
7644741345,680
1233350847,680
7792756539,681
7792756540,681
7792756672,682
7792756674,682
7792756676,682
7792756680,682
7911267686,683
10543014374,683
10543014386,683
10543014388,683
10543014362,683
10543014363,683
8210567402,684
8210567395,684
8357847937,685
8357847938,685
8357847939,685
8357847927,685
8357847928,685
8357847929,685
8357847930,685
8357847931,685
8357847932,685
8357847933,685
8357847934,685
8500636794,686
5924603460,686
8515091587,687
8515091590,687
10579930791,688
10579930792,688
8783914189,688
8783914190,688
8604055549,688
8604055550,688
8620105277,689
8620105279,689
8632535522,690
8632535535,690
25532494,691
8807410150,691
8814668136,692
8814668135,692
8868010160,693
8868010162,693
250327159,693
8869435257,694
8869435266,694
9030284973,695
9030284975,695
25509513,696
9197589238,696
9203541611,697
9203541612,697
9236477422,697
9216868145,698
9216868143,698
9524817681,699
9524817682,699
9683400946,700
9678366518,700
9690974273,701
9690974274,701
9694091976,702
9694091978,702
25475053,702
9694091984,703
9694091983,703
9804471701,704
9804471702,704
25496854,704
10241310755,705
25509526,705
10306423508,706
10306429309,706
10306429310,706
10306429319,706
10311362148,707
10311362150,707
10539068564,708
10539068565,708
2665239972,709
10539068590,709
10539589691,710
10539589692,710
10539712057,711
10539712058,711
10543014371,712
10543014372,712
10543014373,712
10543014377,712
10543014379,712
10543014380,712
10543014367,712
