node_id,cluster_id
1832129762,0
4076126468,0
5516594509,0
7946372941,0
104318,0
7946378610,1
104319,1
104320,2
10263444809,2
8868824851,2
20965803,2
104322,3
8869435268,3
7553887409,3
8869435288,3
8869435286,3
8869435287,3
25161368,3
8438226815,3
104323,4
7623861385,4
1532087855,4
295977520,4
2374491605,4
4715263991,4
4167762776,4
4715263993,4
2969438426,4
107584,5
251892950,5
107585,6
6218501751,6
1312188768,7
107586,7
8515091591,7
3375451566,7
4726152850,7
4726152852,7
4726152853,7
4726152857,7
4726152858,7
8043350334,7
8043350335,7
107587,8
1678245252,8
3381130090,8
3375451563,8
3381130092,8
3375451565,8
4688513230,8
4688513231,8
4688513237,8
4688513240,8
107588,9
2642857191,9
2538458887,9
5473274957,9
25248112,9
3715515059,9
25475770,10
4136137527,10
107606,10
1689605567,10
585124778,11
107614,11
1864047135,11
107626,12
8807410154,12
1312454055,12
107627,13
8807410158,13
107632,14
6458938017,14
25161361,15
107634,15
5198585559,16
5198585557,16
5198585558,16
107638,16
5198585560,16
5198585561,16
5198585562,16
18468962,17
7926506531,17
9024139143,17
9024139144,17
2466442731,17
107641,17
7926506525,17
4866651969,18
1938819301,18
6055863205,18
10311362153,18
5046447437,18
8807441166,18
10311178960,18
10311178961,18
3656358067,18
25161365,18
8807441176,18
4866623226,18
107643,18
4866623228,18
4866623230,18
10311362114,19
10311362115,19
4729448869,19
10311178964,19
3664405913,19
8807441178,19
107644,19
1938819294,19
1726730049,20
4922952353,20
1726730082,20
107646,20
5207476608,21
5207476609,21
5207476611,21
5207476613,21
5207476616,21
4627445257,21
4627445261,21
10309458701,21
107667,21
10309472541,21
10309472542,21
10309472543,21
10309472544,21
10309472547,21
10309472548,21
10309472553,21
473265708,21
4627491632,21
473265346,21
10539856459,21
3696548432,21
3696548437,21
3696548438,21
1828402774,21
4627445215,21
10310609894,21
1938819302,21
4175059691,21
10309153027,22
107668,22
10309140683,22
107681,23
1401870340,23
25503848,24
1726730329,24
1726730354,24
107685,24
8785484288,25
7613626050,25
107686,25
7613626059,25
7613626060,25
7613626066,25
4530339699,25
7613626070,25
7613626042,25
7613626044,25
7613626045,25
7613626046,25
7613626047,25
1163955130,26
3229825173,26
107687,26
107692,27
2294047375,27
107693,28
25496622,28
7223695326,28
338472586,29
338472589,29
6279388821,29
6279388822,29
6279388824,29
2458257563,29
1832129947,29
1832129951,29
343669793,29
8975700260,29
343669796,29
1364161197,29
5265953455,29
5265953457,29
5265953459,29
1364172237,29
1832129869,29
1832240590,29
1832129873,29
1832129878,29
1832240598,29
1832129881,29
1832129884,29
1832129888,29
6724775012,29
108389,29
6724775018,29
1832248428,29
1832248430,29
1364168178,29
1364168180,29
2458303223,29
1832129917,29
25495698,30
108391,30
390073160,31
108409,31
108845,32
5124166975,32
1145174402,33
1145174413,33
4571238069,33
109403,33
355416892,33
109408,34
894485202,34
470727954,34
1236791504,34
1536948474,35
109412,35
1536948578,35
109414,36
9030029183,36
25248128,37
109416,37
1497452171,37
25248115,37
25248119,37
2218344510,37
25248127,37
109728,38
25476134,38
5931509715,38
5931509718,38
109766,39
302013678,39
373402354,40
109780,40
9514602150,41
9514602151,41
9514602152,41
9514602153,41
4922952364,41
4922952370,41
109785,41
4823246342,42
1150003530,42
1685281260,42
1141415215,42
110143,42
1787108647,43
1787108648,43
1787108649,43
1787108650,43
110238,43
2293833763,44
5374174119,44
5880186827,44
5880186829,44
5880186830,44
5880186833,44
237908,44
3972566716,44
4150883407,45
4034060018,45
4197401811,45
4696544883,45
237911,45
4696545406,45
4530012702,46
6866779817,46
6866779818,46
282708,46
6866779798,46
6866779799,46
6866779802,46
4530012699,46
6866779806,46
4530012703,46
24661273,47
8807431546,47
2961540,47
24950109,47
24950113,48
8807431541,48
2961549,48
5473273604,49
5473274501,49
5473274502,49
5473273605,49
2538458888,49
8807431560,49
5473274506,49
5473273610,49
5473274507,49
2538458893,49
5473274508,49
5473273612,49
5473274503,49
8807431559,49
2538458898,49
5473273611,49
5473273613,49
2961557,49
5473273615,49
5473274519,49
5473273621,49
5473273623,49
5473272978,49
5473273622,49
5473274525,49
5473274528,49
5473274529,49
5473274531,49
5473274532,49
5473274533,49
5473274534,49
4534858546,49
4534858548,49
24950101,49
5473274710,49
24950102,49
5473273606,49
24950105,49
5473273607,49
5473274717,49
5473274724,49
5473274725,49
5473273451,49
5473273069,49
5473273070,49
5473273071,49
5473273072,49
24659709,49
3215687074,50
2961891,50
1312454086,50
4807512540,50
4807512541,50
747893184,51
7610670913,51
7610670912,51
25503876,51
7610670919,51
25503880,51
7610670920,51
25503885,51
10572178,51
25503851,52
10572179,52
25503845,52
4643337146,53
10572180,53
25471732,53
10572785,54
8972511963,54
25496748,54
8785568224,55
8785567914,55
8972441580,55
10572786,55
1985084095,55
1813618432,56
8989843465,56
10607127,56
10607128,56
1813618461,56
1813618463,56
1813618465,56
5041784489,56
1596655148,56
1596655149,56
1596655155,56
1813618484,56
5041784501,56
1813618358,56
1596655157,56
5041784633,56
1596655161,56
1813618365,56
1813618493,56
8868824899,56
8868824900,56
8868824901,56
1813618376,56
8868824911,56
8868824912,56
256766545,56
1366095189,56
1813618393,56
10004388708,56
10004388710,56
632447859,56
1813618424,56
1813618426,56
1813618429,56
1813618431,56
435104736,57
435104738,57
435104732,57
10607132,57
435104735,57
5470932256,58
5468301555,58
5470932252,58
10607629,58
1721713699,59
672061444,59
2406484455,59
1312188714,59
1721713677,59
10677374,59
8869464354,60
8869464357,60
5043864464,60
8869435281,60
1684511955,60
1718328435,60
10677375,60
10677376,61
2642857203,61
5473274959,61
1832129960,62
1832248457,62
1832248458,62
5374174120,62
1832129962,62
7203717550,62
5374174224,62
5573931377,62
14672924,62
529722111,62
21307200,63
18393873,63
7610670751,64
7610670752,64
18395811,64
1268900644,64
10310609841,64
1268892338,64
10310609842,64
3664398007,64
3664398009,64
1268900678,64
3474115151,64
10310609872,64
10311178967,64
10311178970,64
10310609885,64
10311362270,64
10311362271,64
10311362272,64
1725360097,64
10311178978,64
5976850019,64
5976850023,64
5976850024,64
10311178985,64
10311178991,64
7610670710,64
5006781409,65
8869472263,65
18398282,65
632438506,65
20460684,65
10577984012,65
8869472239,65
8869472242,65
4922952363,66
18468951,66
18468958,67
25161351,67
1938819328,68
4830306813,68
1938819330,68
1938819335,68
25161352,68
1311962122,68
8807429662,68
8807429663,68
1311962016,68
2387194156,68
1678155318,68
18468961,68
6369390690,68
6369390692,68
6369390696,68
6369390700,68
1938819317,68
1938819320,68
4830306810,68
1938819325,68
1938819326,68
20458277,69
250549587,69
4618510643,69
1312188692,69
4618510644,69
25497985,70
6978555522,70
5067002882,70
20460680,70
1684710025,70
3739049356,70
5733998227,70
968499092,70
5733998228,70
3739049366,70
3739049365,70
819132568,70
1684710044,70
1684781470,70
8975833905,70
6978563378,70
8975833911,70
256766532,70
256766533,70
748941508,70
1150003147,70
1150003532,70
6978557152,70
5041784423,70
5067002862,70
3739049327,70
5067002867,70
1150003571,70
6978555518,70
5609643647,70
5238528591,71
20460687,71
20625793,72
10544409954,72
10544409957,72
10544409958,72
10544409959,72
10544409960,72
10544409928,72
10544409961,72
10544409963,72
10544409964,72
10544409930,72
10544409929,72
10544409966,72
10544409948,72
3616299208,73
20626282,73
8675201272,73
4777897926,73
4085778920,74
7824747306,74
20626301,74
1536948431,74
6446301329,74
4085778930,74
5146186589,74
5146186590,74
5146186591,74
5124166978,75
20626307,75
3796814729,76
20626311,76
20626312,77
7572522540,77
4866475729,77
4866475730,77
4866475734,77
1536948536,77
1852996954,77
7572522523,77
1536948477,77
2504847039,77
7572522513,78
20626316,78
7572522510,78
7572522511,78
3796774902,79
1777728708,79
20626317,79
20626318,79
1215563904,80
20965794,80
373364228,80
20965797,80
3229825166,80
5475684848,80
8868824852,80
5475684758,80
1215563895,80
8868824856,80
8868824857,80
5475684763,80
2398924896,81
20965798,81
20965800,81
2398924877,81
7946378606,81
2398924886,81
20965801,82
2398924898,82
25524297,83
3328228994,83
21392267,83
21392273,84
3972566713,84
21392276,85
4156336278,85
6606135977,86
6606135979,86
6606135983,86
21392279,86
3215685153,87
21523714,87
6218501730,87
6218501725,87
6218501761,87
6218501736,87
6218501737,87
1678283242,87
6465896907,87
4726152844,87
6465896909,87
1678283247,87
6218501745,87
6218501746,87
5342236733,87
5342236734,87
21523718,88
1014649631,88
10596794785,89
27459970,89
5165786242,89
5165786245,89
21523719,89
2934288510,89
1707790096,90
21563479,90
21563481,91
21563489,91
1617596646,92
1617596621,92
21563503,92
1617596627,92
1617596669,92
21563504,93
762080105,93
21563507,94
762080077,94
6828921212,95
21563788,95
21565570,96
1835355940,96
1835355972,96
1777727945,96
1777727947,96
1777727949,96
1777727950,96
1835355922,96
1835355955,96
1793420660,96
25504149,96
1777727958,96
25504150,96
1777727960,96
1777727961,96
1777727962,96
1678452795,96
1707790044,96
21578454,97
8785568223,97
6863550501,98
21583366,98
4017328647,98
1419565097,98
25378129,98
2586616722,98
4462683090,99
21686572,99
21686574,100
4462680070,100
21693787,101
25500239,101
21693795,102
8868824855,102
3515286913,103
1493676622,103
21990614,103
5565466183,103
4556931604,104
21990622,104
21990624,105
21990625,105
2003007012,105
1779589718,105
250327100,105
21990627,106
475396924,106
5565443389,107
21990629,107
5565443390,108
21990630,108
8869464392,109
8869464378,109
5042033643,109
21990631,109
21990632,110
1718566886,110
1718566880,110
9820537993,111
4297243292,111
4297243295,111
9693963681,111
4297243298,111
9820538020,111
4297243301,111
4158004390,111
4297243306,111
710657963,111
1938953406,111
1938953413,111
748797126,111
9820537932,111
9820537933,111
355416911,111
4297242961,111
4297243218,111
748797145,111
1664571227,111
775984737,111
775984738,111
748797155,111
4297242983,111
422573549,111
21990638,111
1913216493,111
9820537981,111
9820537982,111
25161349,112
25161367,112
24658003,112
24658007,112
25066333,112
24659947,113
24949780,113
9693920796,114
9693920797,114
24660863,114
1418752689,115
24662037,115
25248129,116
25248130,116
24661419,116
24950061,116
2538458889,117
25248113,117
25248114,117
2538458899,117
24950107,117
24950110,118
24950111,118
24950112,119
25248126,119
2378843907,120
1678226827,120
25161362,120
25161363,120
5473273364,120
5473273368,120
5065949596,120
1678226846,120
5065949598,120
5473273379,120
4867087524,120
4867087532,120
3076574254,120
4867087535,120
3076574255,120
5473273141,120
5473273399,120
5473273154,120
1312454094,120
6018098767,120
5473273295,120
5473273429,120
1678227031,120
5473273305,120
5141354330,120
5141354331,120
3153656028,120
5473272666,120
3153656030,120
5473272665,120
5473273441,120
24950115,120
8807431534,120
5473273326,120
8807431536,120
5473273332,120
5049840244,120
316763501,121
24950117,121
4922952371,122
24951853,122
4922952366,122
4922952373,122
5046314043,123
25632860,123
24951854,123
10544113920,124
10544113922,124
24952195,124
10544113923,124
3887940999,124
2528522518,124
2528522524,124
2528522528,124
6985465124,124
6985465127,124
6985465130,124
6985465133,124
2528522542,124
2528522549,124
6886012733,124
1556324684,124
3385387604,124
3385387606,124
3385356250,124
25532273,124
1689387903,124
3887941010,125
24952268,125
6446269173,125
25066338,126
25066412,126
5090420611,127
5090420613,127
5090420614,127
5090420940,127
5090420941,127
25066419,127
1717650794,128
25066451,128
25066453,128
25066784,129
25066694,129
25067264,130
25067265,130
25067298,130
25067266,131
1852996996,131
4085778922,131
4866552622,131
4866552623,131
6509584414,131
5104314272,132
5104314275,132
5104314276,132
25067461,132
25067463,132
7824803495,132
7824803497,132
10542989484,132
4166634957,132
4085778931,132
5104314264,132
5104314268,132
5104314269,132
5104314270,132
1951372959,132
25067727,133
1719529597,133
25067479,133
25067728,134
5104314096,134
5104314358,134
25067670,134
1569312412,135
25067871,135
5141216792,136
5141216745,136
25067883,136
5141216790,136
6032044857,137
25067914,137
25067929,137
25067936,138
5141216742,138
5141216746,138
5141216782,138
5141216787,138
25068755,139
25248117,139
4688513218,140
4688513221,140
4688513226,140
4688513227,140
25069265,140
25248120,140
25248122,140
25070924,141
25071133,141
25071136,142
25071145,142
2793874587,142
25071137,142
25151180,143
1832129958,143
25161346,144
4922952372,144
5087519104,145
25161347,145
25161348,146
8807429660,146
25161360,147
7906964248,147
7824747302,148
4085778919,148
4085778927,148
700774224,148
6967585841,148
6967585842,148
6967585843,148
1827389620,148
1782727992,148
25161373,148
7824747295,148
4085783105,149
5141228834,149
4085783107,149
10543014339,149
7911267685,149
10543014343,149
7911267688,149
10543014346,149
1722621711,149
1722621718,149
7911231384,149
6446292570,149
6446292571,149
25161375,149
3375451555,150
25248123,150
25248124,150
30056277,150
25248125,151
1211381855,151
10306429318,152
4166634955,152
4166634961,152
4166634962,152
5340811825,152
6446292564,152
25265077,152
3887941013,152
4085783099,152
2059790748,152
10306429312,153
10306423498,153
10306423499,153
25265080,153
2278320154,153
25504129,154
25504134,154
2005131543,154
25503869,154
25470782,154
25471090,155
2036181339,155
1309180610,156
1309180612,156
1723389067,156
7792756412,156
7792756414,156
25471135,156
1309180608,157
7447565849,157
25471274,157
25632854,157
3691462888,158
25471289,158
2036185421,159
25472215,159
2294047355,160
25472324,160
321255907,160
4675821921,161
4675821924,161
4675821925,161
4675821931,161
4675821932,161
762080111,161
4675821944,161
25472379,161
4675821968,162
6483733489,162
25472428,162
6483733493,162
25472800,163
2940401398,163
25472890,164
1617647934,164
4675822095,164
1311962080,165
25473200,165
25473199,165
25473204,166
25473205,166
6871422361,167
25473207,167
5574049698,168
5574049700,168
5574049702,168
5574049703,168
6779394887,168
5574049707,168
5574049709,168
4136124526,168
5574049717,168
25473279,168
25474019,169
5976760444,169
5976760446,169
25475072,170
585180151,170
7236131862,170
6332695639,170
6332695642,170
25475330,171
25475332,171
1617647944,171
25475182,171
762080145,171
762080190,171
25475328,172
9700060290,172
9700060291,172
9700060292,172
1155552322,172
1155552319,172
1990912136,172
1951242857,172
3385332654,172
9683686963,172
1990912115,172
4832472797,172
1137777343,172
1617647945,173
8785484306,173
25475331,173
9135845216,174
25475417,174
3733791671,174
25475419,175
283061836,175
25475561,176
9690878337,176
25475550,176
9699961628,177
25475661,177
1796137508,177
9690915267,178
8064065316,178
25475663,178
4298970368,179
4298970372,179
4298970376,179
4298970380,179
4298970384,179
4298970388,179
4298971293,179
9820538021,179
9820538022,179
6828863694,179
6828863697,179
25499093,179
355416920,179
9576827482,179
25475674,179
4297054053,179
25475693,179
108406,179
4298970364,179
6696695781,180
25475678,180
25475688,181
25475690,181
9820538027,181
25499095,181
435104728,182
25475694,182
25475754,183
1493229962,183
28728208,184
25477106,184
28728205,184
306439304,185
8632535522,185
25477149,185
8632535535,185
306439310,186
8632535532,186
25477150,186
306439338,187
25477154,187
306439329,188
25477156,188
25477197,189
2402557839,189
249558409,190
25477228,190
3735886877,190
25477301,191
2935373159,191
1327865956,192
57786953,192
3673602988,192
3809870260,192
25477339,192
5925626143,192
28419328,193
5257738380,193
5257738381,193
5257738382,193
5257738383,193
5257738384,193
5257738385,193
5257738386,193
5257738387,193
5257738388,193
25477371,193
819157946,194
25477858,194
3661703766,194
1832052008,195
25495542,195
1832129783,195
25495617,196
25495618,196
350437608,196
5976672308,196
1816038230,196
25495769,196
10543800252,196
8645592520,197
8645592521,197
25495858,197
25495639,197
25495640,197
25495648,198
25495646,198
1953202903,198
1832227968,199
1832227873,199
1832228035,199
1832227972,199
343669798,199
1832228039,199
1832129807,199
1832228016,199
1832227996,199
1832129821,199
25495807,199
6354294763,200
25495820,200
1834657466,200
6354294779,200
1834657469,200
350437528,201
4275394254,201
25495822,201
25495857,202
269550332,202
4689775161,202
759123955,203
25496100,203
269550896,204
25496617,204
269550331,204
7279228683,205
25496773,205
25496777,206
8972511964,206
25496785,207
8972441125,207
1985084137,208
25496787,208
1985084135,208
8972441579,209
25496815,209
1684437690,210
1832129778,210
25496847,210
25496920,211
4920098344,211
9820537921,212
9820537954,212
9820537955,212
9820537957,212
108393,212
7947041713,212
1326821457,212
9820537917,212
4571238068,212
9820538002,212
9820538006,212
1938953431,212
5095890460,212
25497340,212
1938953437,212
25497603,213
1547657140,213
9693963688,214
1816705193,214
25497619,214
1816705177,214
1816705183,214
25497968,215
25632678,215
25497978,216
25497979,216
2755124807,216
2755124815,216
1150003329,217
25497981,217
6374802559,218
1723388988,218
25497997,218
390073175,218
1685281025,219
1685281029,219
1685281031,219
1685281032,219
1685281035,219
1685281041,219
1685281045,219
1685281175,219
25498010,219
1686463389,219
1685281053,219
1686463392,219
1685281056,219
1685281058,219
1685281061,219
1685281063,219
1685281064,219
1686463794,219
1685281075,219
1141415220,219
1685281077,219
1685281087,219
1686463428,219
1685281104,219
1685281123,219
1685281003,219
1685281010,219
1685281011,219
1685281013,219
1685281017,219
1685281020,219
1685281021,219
250550447,220
25498015,220
25498016,221
6569580040,221
25498018,222
6374802582,222
7792756713,223
25498026,223
5711517565,224
25499655,224
4378043682,225
25500246,225
25500427,226
8868824844,226
20965799,226
1726730272,227
25577057,227
1726730307,227
5342251151,227
25500535,227
25503841,228
25471681,228
1726730303,228
748885408,229
4240028578,229
4240028580,229
25503862,229
25503865,230
4643337012,230
5114681227,231
8785457870,231
8785457871,231
25504143,231
5114681230,231
1726730162,231
1726730165,231
25504145,232
25504146,232
25504148,232
25504753,233
7827997819,233
4627491645,233
25505679,234
9988193967,234
25505607,234
4962956931,235
1828402760,235
9611081868,235
1938819283,235
2012969972,235
25505629,235
25509533,236
25509527,236
5223919938,237
25532332,237
5473273376,238
1951616261,238
1951616268,238
5473273433,238
5473273363,238
1951616276,238
1782714747,238
25532377,238
5473273435,238
5473273372,238
5473273373,238
25532384,239
5238587994,239
1951616319,239
25532464,240
8807410152,240
5340811717,241
5340811719,241
5340811720,241
1401459399,241
1401459400,241
1401459403,241
25544110,241
5340811707,241
2577040703,241
316763600,242
316763586,242
25632859,242
25632864,243
25632865,243
1150003264,244
1141487746,244
25632870,244
5067002855,244
1150003247,244
8784212017,244
8784177716,244
5306194265,245
25634199,245
270110481,246
26374230,246
26374231,246
761831004,246
761831037,246
7271474850,247
7271474852,247
7271474841,247
26374236,247
26374237,247
27481040,248
27458331,248
1566270021,248
27481039,248
5342236739,249
1550763620,249
5342236740,249
27458353,249
471488472,249
6995618979,250
9080098315,250
9080098316,250
27459120,250
302013776,250
1014803736,251
28418497,251
2935392676,251
3528738438,251
9080098310,251
3073173585,251
9030037139,251
3528710291,251
2914561272,251
2914561274,251
27459165,251
4430996033,252
27459971,252
3906588452,252
3247933381,252
2934288518,252
3906588454,252
27459729,252
2934288530,252
27460198,253
843376594,253
2870261844,253
27459830,253
6995618971,253
3906588446,253
3906588448,254
27460226,254
3930921860,254
251892523,254
3708234956,254
3708234955,254
3708234957,254
4089885906,254
3932064154,254
3932064156,254
3932064957,254
27480957,255
347542742,255
347542743,255
27480960,256
9678821156,256
5768339816,257
27481041,257
30056280,257
692162527,257
1566270409,258
5768339817,258
30057965,258
5342236721,258
692162514,258
27481044,258
692162559,258
28193265,259
3170676207,259
302013688,260
3892081377,260
3892081378,260
3892081382,260
4344245894,260
7817162919,260
1014803704,260
28418138,260
3892081373,260
2140124996,261
249679365,261
1014803691,261
302013682,261
28418141,261
28418144,262
4344245892,262
4344245893,262
249679168,263
28418580,263
4223357841,264
28418859,264
429346242,265
429346243,265
4629462859,265
429346253,265
28418877,265
5106520280,266
28418909,266
28418921,267
4136137525,267
5816744255,267
3984132032,268
3984132036,268
3984132037,268
302013708,268
4422013486,268
4089885902,268
28418929,268
2990651905,269
1758552547,269
1758552521,269
1758552522,269
1758552555,269
1758552524,269
1758552559,269
2990664881,269
28800660,269
1758552541,269
1401908258,270
250550174,270
28800661,270
28800662,270
1758552682,271
5040168491,271
1759454378,271
1759454351,271
973128722,271
28800663,271
2990716985,271
8869464371,272
28800668,272
5041945479,273
5041945480,273
8869464398,273
8869464407,273
28800670,273
3375451561,274
30056255,274
1547392865,275
30056330,275
5580861156,275
707377287,275
32825440,276
843376569,276
32825442,277
843376588,277
843376610,278
32838084,278
4430996024,278
843376591,278
4155841810,278
4155841811,278
3632581622,278
4155841816,278
4155841818,278
4430996027,278
4155841820,278
32921724,279
761830991,279
32921728,280
32921729,280
32921731,280
4697525030,280
4697525032,280
1401849768,280
26374229,280
270110054,281
32921737,281
32921738,281
751837551,281
751837591,281
32921748,282
32921743,282
8785567909,283
7223668012,283
5006063180,283
33141178,283
1148276284,283
3741131608,284
149431715,284
3247824558,285
149451622,285
1685276643,286
250549700,286
250549699,286
8868010217,286
213668842,286
213668844,286
8868010221,286
8868010202,286
8868010204,286
255700677,287
250327547,287
2642878644,287
213672005,287
2987752071,288
2987752073,288
2990717001,288
2987752074,288
5269670540,288
244128951,288
2990716984,288
249558964,289
1042862718,289
7815533545,290
7815533546,290
249558966,290
249559005,291
302013662,291
249560091,292
7900221087,292
3528738439,293
3528738440,293
2934411667,293
251757533,293
249679102,293
5174825183,293
4116809027,294
249679343,294
4948602211,295
3168378376,295
4949004105,295
4949004106,295
249679407,295
670103314,295
249679418,295
7817166393,296
249679420,296
7817166397,296
1401416208,297
250326914,297
250327037,298
1310663631,298
250327576,299
2642612586,299
338319877,300
1271804564,300
2129578133,300
4317178392,300
4317187494,300
2560785849,300
1255487162,300
1039290561,300
4511948225,300
1255487171,300
1255487174,300
1255487176,300
1255487177,300
4511972301,300
4511972302,300
1255487187,300
3152307669,300
4383581281,300
1039290594,300
7151566952,300
250327660,300
4382350190,300
3637436403,300
3637436404,300
4382273404,300
4317211389,300
4453606953,301
250549282,301
4224123324,301
4453606958,301
3114645200,302
354886082,302
250549670,302
250550024,303
1343823418,303
8869464390,303
250550023,303
3550836104,304
251757458,304
251757452,304
3550836102,304
1039322102,305
251757615,305
251892754,306
6218501742,306
252601811,307
4430996044,307
252729234,308
4726152859,308
4726152860,308
473267328,309
10309153025,309
1649365762,309
4158223748,309
1649365764,309
3763565959,309
8620105223,309
473268999,309
1678452753,309
1649365780,309
1813794712,309
1813794713,309
6137798425,309
1239549084,309
1649365789,309
268124704,309
3267461666,309
1649365797,309
1905779367,309
1649365800,309
1905779369,309
5177397419,309
5009054894,309
8620105262,309
1777740337,309
5009054898,309
1649365810,309
419632307,309
10539068598,309
3972566710,309
1649365816,309
368044217,309
1649365820,309
5177397822,309
5177397823,309
5177397825,309
5177397826,309
5177397828,309
1707790023,309
4197401800,309
4197401802,309
1777742666,309
10309140686,309
4150883409,309
4197401813,309
864817628,309
4034060007,309
2360681703,309
8755808618,309
2360681709,309
473269102,309
4034060015,309
1955520879,309
4034060017,309
2360681711,309
2265065203,309
2360681716,309
2360681713,309
2265065207,309
10309153022,309
10309153023,309
1837610896,310
1163955034,310
269547420,310
1837610895,310
269550786,311
8373690819,311
269550898,311
4689775126,311
8785484313,311
269550330,311
8785484312,312
269589467,312
270110053,313
270109325,313
10196915587,314
10196915588,314
10196915589,314
321255911,314
10196915593,314
270109326,314
270109327,314
1419544142,315
270109370,315
2134066506,315
1419544126,315
270112540,316
270110142,316
270112539,317
321255910,317
4529839800,318
277337783,318
283062189,319
690295047,319
302013666,320
302013668,320
302013672,321
27480956,321
302013683,322
7899973206,322
4344245890,323
302013685,323
472493763,324
9080123621,324
6969936102,324
6969936104,324
6969936106,324
6969936108,324
6969936109,324
6969936110,324
302013777,324
6969936114,324
6969936115,324
6969936116,324
6969936117,324
316763513,325
316763500,325
2990806415,326
1759454163,326
2990806411,326
316763559,326
316763584,327
5046627553,327
1215563891,327
5046627645,327
316763595,328
316763590,328
323260106,329
1816038214,329
4275394255,330
350377999,330
1832052016,331
350628799,331
4729480806,332
4729480807,332
355416887,332
3830441937,332
4571244663,332
24950104,333
2538458904,333
357999964,333
1835355936,334
7223709667,334
1835355913,334
1835355946,334
1268892541,334
1707790062,334
1268892533,334
1835355929,334
367105757,334
367121266,335
3708234964,335
1547013743,335
1326821569,336
7553479208,336
7553479212,336
20460686,336
372050299,336
7644741346,337
7644741348,337
6110164647,337
377490664,337
1312932849,337
10013517434,337
7644741343,337
1686463489,338
1686463523,338
3739049325,338
1686463503,338
1686463471,338
1686463505,338
1686463476,338
1686463510,338
390073208,338
4085767970,339
419350723,339
4085767979,339
4089236236,339
419350669,339
1536948492,339
4166634960,339
4534184514,340
429346236,340
27459198,340
429346241,341
4534184515,341
1813618288,342
435104715,342
435104717,342
1723340842,343
435104742,343
8972511962,344
438170475,344
5711517570,345
5711517571,345
4703559689,345
5479654175,345
5479654177,345
2331184930,345
2331184932,345
2331184935,345
1723388979,345
446765895,345
446765900,345
4703542485,345
4703542486,345
6525670236,345
6525670237,345
2135411294,345
2135389151,345
2135411296,345
2135411297,345
6525670242,345
7882485394,346
10308697502,346
469785734,346
470727722,347
4822267094,347
1707790074,347
8807441179,348
10311362236,348
470729237,348
1655418222,348
8785457865,349
470729292,349
1835355965,349
1678452796,349
471488469,350
3145798533,350
471488499,351
1493722803,351
473219610,352
10543014340,352
10542989479,352
2137096880,353
473257581,353
6458938008,354
473258313,354
5905893980,354
6458938007,354
473264514,355
4627491650,355
4627445252,355
4627445253,355
4627445254,355
4627445240,355
473264937,355
7179983946,355
7179983947,355
4627445260,355
4627445241,355
10310609879,355
3696548440,355
10310609881,355
10310609852,355
1668112792,356
473266524,356
1668112790,356
490947124,357
490947077,357
9683400934,358
4085387945,358
8031801454,358
4166219502,358
9683633717,358
9683633718,358
585148380,358
1561411396,359
585201189,359
4462680068,360
7840712839,360
4462680078,360
5642519055,360
5642519056,360
5642519060,360
595709975,360
5573994014,360
5573994016,360
5573994020,360
1360122937,360
4512763345,360
4512763347,360
5839155672,360
1360122841,360
5460658138,360
1360122860,360
5573931376,360
1360122866,360
5573931380,360
5573931381,360
5573931384,360
3068267824,361
670103313,361
3068267825,361
673420216,362
1563638022,362
1233350889,363
1233350862,363
675734610,363
675734613,363
1402070363,363
1402070364,363
1402070365,363
675734622,363
5335245254,364
1566269741,364
692162510,364
4117882857,365
2528522547,365
694824861,365
697044225,366
707377382,366
4715264001,367
4715264002,367
4715264004,367
722208263,367
4715263992,367
4136137530,367
1609966639,368
4370333651,368
4370333653,368
748799641,368
4370333657,368
751837654,369
751837622,369
761830981,370
761830987,370
9566848716,370
761831019,370
761831023,370
761831000,370
761831007,370
761831057,371
761830989,371
796809545,372
8497605078,372
3809744384,373
3809744385,373
3809744386,373
3809744387,373
3809744389,373
3809744390,373
3809744392,373
3809744395,373
3809744396,373
3809744398,373
3809744400,373
3809744401,373
3809744403,373
3809744404,373
906172949,373
3809744406,373
3809744409,373
3809744412,373
3809744414,373
3809744415,373
3809744416,373
3809744417,373
3809744418,373
3809744419,373
3809744421,373
1150003237,373
3809744423,373
3809744426,373
3809744430,373
3809744431,373
3809744432,373
3809744433,373
3809744434,373
3809744436,373
3809744439,373
3809744443,373
3809744444,373
3809744446,373
3805378111,373
1390303296,373
3805378113,373
3805378114,373
3809744451,373
3805378116,373
3809744453,373
3805378117,373
3805378119,373
3805378120,373
3805378121,373
3805378122,373
3805378123,373
3805378124,373
3629217348,373
1327865952,373
1327865953,373
1327865957,373
3808625773,373
3808625778,373
3808625780,373
3808625782,373
3808625785,373
3808625786,373
3808625791,373
3808625796,373
4749094023,373
1271712905,373
4749094026,373
3808625804,373
1271712911,373
3808625809,373
1271712914,373
2129578132,373
1271712920,373
2129578142,373
1271712931,373
1271712934,373
3808625831,373
3808626859,373
3808626860,373
3808625837,373
3809744558,373
3808626862,373
9030284977,373
3808626865,373
3808625843,373
3808626868,373
3809744565,373
3808626869,373
9030284983,373
3808626872,373
1150003385,373
3808626871,373
3809744571,373
3809744572,373
1271712957,373
806373565,373
3808625855,373
3808625853,373
3808626878,373
3808626882,373
3808625854,373
3808626884,373
3808626886,373
3808626887,373
3808626893,373
3808626895,373
3808626896,373
3808626902,373
3808626904,373
3808626905,373
8210567392,373
3808626913,373
3808626914,373
3808626912,373
8210567396,373
8210567401,373
3808626922,373
3808626923,373
6574794989,373
3808626929,373
3805378112,373
3808626934,373
3808626935,373
1255320311,373
3629217345,373
3808626940,373
3808626941,373
3629217346,373
3808626945,373
3629217347,373
3808626947,373
251757321,373
1255490314,373
3733299982,373
1255320339,373
3733299988,373
1255320354,373
1255320363,373
4316822830,373
1255320367,373
8042031957,373
8042031958,373
1271774552,373
3988141441,373
3988141442,373
1255369105,373
1255369111,373
1255369125,373
1255369135,373
3093894066,373
3809870261,373
3809870262,373
3809870264,373
3809870265,373
3809870266,373
3809870267,373
1255369148,373
3809870269,373
3809870270,373
3809870272,373
3809870273,373
1255369156,373
3809870277,373
1255369159,373
3809870281,373
3809870283,373
3809870287,373
3809870288,373
2254629351,373
4316823023,373
3809744380,373
3809744381,373
3809744383,373
835390894,374
835390887,374
4155841827,375
843376643,375
5146186489,376
950703626,376
956233216,377
956233215,377
3894948098,378
3894948099,378
3894948100,378
1042862659,378
1014803686,378
3014236570,378
3014236569,378
3186593722,378
3894948091,378
3894948093,378
4530270906,379
8785484298,379
1020211942,379
1617596711,379
5242815659,380
1039290567,380
1039322041,381
5174825178,381
5174825180,381
5174825181,381
4922952374,382
4922952365,382
1046306670,382
1141415202,383
1150003340,383
1150003503,383
5060405434,384
1141487723,384
1145174417,385
1145174418,385
1816705135,385
1261120402,386
1145174435,386
1145174437,386
1816609498,387
1145174508,387
1145174501,387
1816777820,387
1150003141,388
5609643622,388
1150003479,388
1150003155,389
5060405427,389
5060405430,389
5060405429,389
1150003224,390
1150003170,390
1150003563,390
1150003238,390
1813618304,391
3739049382,391
1401893675,391
1150003472,391
25473202,391
1150003197,391
5609643652,392
5609643653,392
5609643656,392
1150003213,392
5609643662,392
5609643676,392
1150003270,393
1309067472,393
1493658224,393
1685281076,393
1685281079,393
1150003289,394
5040168489,394
1150003400,395
1731225575,395
1238259337,396
1731235492,396
1731235606,396
1150003423,396
1150003480,397
1150003547,397
5565487612,397
1163955119,398
1401870341,398
1163955037,398
5353114285,398
1233353464,399
1233353467,399
1237876710,400
1237876703,400
8429812517,401
1237883773,401
1238249900,402
1238249901,402
1238249904,403
1736734053,403
1255369152,404
1271712922,404
1255369128,404
3808625835,404
1271712946,404
3808625844,404
1255369140,404
3805122394,404
3805122396,404
1255491496,405
1255369133,405
4511972303,405
1255491504,405
4511972304,405
1255491506,405
1255487160,406
1255487172,406
1255487166,406
4158122222,407
5353127105,407
1261120430,407
4158122223,407
1268903266,408
10541894095,408
10541894097,408
4627445239,408
10310609849,408
1722268388,409
2387232554,409
2387232559,409
1722268367,409
1280491924,409
1280491926,409
1722268381,409
3741117630,409
2402557599,409
4807521484,410
1309067471,410
3741131600,410
3320754320,410
3320754322,410
7636278195,410
7636278196,410
7636278193,410
7636278198,410
7636278200,410
1723315608,410
7636278199,410
7636244314,410
1759454211,411
5060388105,411
5060388107,411
5060388110,411
1759454222,411
5060388115,411
1311962012,411
2545230474,412
1312188614,412
2538458897,413
1312188886,413
2218344503,413
2622212865,414
5473274242,414
1939558661,414
2538458886,414
1939558663,414
4861365383,414
3136301320,414
1939558666,414
5473274891,414
1365887500,414
1939558667,414
2538458894,414
2538458895,414
3136301328,414
3136301324,414
3136301321,414
3136311315,414
3136311316,414
1939558672,414
2622212885,414
2538458903,414
1312264600,414
2538458905,414
2528522522,414
8807429659,414
1939558684,414
1939558681,414
3139677982,414
5473274911,414
1939558687,414
2622212897,414
3136301730,414
2622212895,414
3139705124,414
2622212878,414
2622212903,414
1939558697,414
5473274540,414
1939558700,414
2622212914,414
2622212925,414
2622212927,414
2622222657,414
2622222658,414
2622222659,414
2622212930,414
2622212933,414
2622212860,414
2622212937,414
2622212939,414
2622222668,414
2622212941,414
2622212942,414
2622212887,414
4861365372,414
5473275004,414
2622212862,414
2622212889,414
5473274969,414
1733389278,414
2218362849,414
2218340965,414
4866976614,414
5473274990,414
5473274866,414
5473274867,414
7223365368,414
4861365369,414
4861365370,414
1939558651,414
7223365372,414
5473274493,414
5473274494,414
1939558655,414
3741078112,415
1312319838,415
1939632514,416
2923703875,416
1939632519,416
1312335310,416
3870640530,416
3272712566,417
3272782406,417
1312454087,417
27459905,418
1312471267,418
1326821568,419
3830441923,419
3197339666,420
3197339667,420
1327865950,420
3794876751,420
25497611,421
8868824913,421
8868824914,421
1366095187,421
1813618228,421
1813618229,421
6871422360,421
1401893666,422
3739049383,422
1401926435,423
2387194149,423
2387194150,423
2387194123,423
2387194127,423
2387194128,423
2387194131,423
2387194133,423
8807429661,423
1547013592,424
1547013588,424
1547013589,425
8807410151,425
1547013667,426
4402594986,426
1547013655,426
4402629177,426
4402629178,426
4402629180,426
1547013699,427
1550763732,427
1547013705,428
8807410149,428
4619022513,429
4619022514,429
6600283121,429
1547013754,429
3830029915,429
3830043581,429
1547392771,430
1547392927,430
1547657104,431
8064065324,431
6218468163,432
1550763708,432
9704122317,432
6218468164,432
1556097098,433
1951372909,433
10306429333,433
1556097245,433
1951372927,433
5905897286,434
1556097111,434
1556097177,435
5905896973,435
1556097166,435
1556097306,436
1556097431,436
4169714272,437
7911282826,437
10306429323,437
1556097326,437
10306429327,437
8675201264,437
10306429328,437
4169714270,437
4169714271,437
1556097387,438
6446229933,438
3887941007,438
1556260024,439
3887941009,439
6446256190,439
1587318992,440
1587318999,440
1817617689,441
1596648669,441
1599652497,442
5503142970,442
1599652492,442
5503142969,442
1601797458,443
9820538004,443
1617532088,444
4697287185,444
4696544876,444
4663312759,444
25473048,445
1617596591,445
1617596593,446
3328228993,446
6866592992,447
6866516262,447
2453947051,447
1637578547,447
1637578516,447
6866516278,447
1637578522,447
1637578551,448
1637578535,448
1649365894,449
1649365878,449
1664571236,450
1664571164,450
1664571229,450
1668135493,451
5565475799,451
10539068544,452
6509684096,452
10539589696,452
10539589701,452
1828402758,452
4085767974,452
10539589704,452
2665239978,452
10539589707,452
1678452780,452
10539589706,452
4085767983,452
10539648210,452
2620105428,452
4085767989,452
1678452788,453
1678452789,453
7610670769,454
7610670771,454
1678452790,454
8785457866,455
8785457867,455
1793420652,455
1835355964,455
1678452797,455
1832129794,456
1832129776,456
4077495826,456
1832129785,456
1684437692,456
1832129789,456
6816821193,457
1684781436,457
1684781421,457
6014333809,458
1684835019,458
1684835062,458
1684835097,458
1684835152,459
1684835156,459
4823246344,460
1684835241,460
1685281046,460
1686463397,461
1685281006,461
1685281036,462
1685281022,462
1707790024,463
1707790026,463
7223709668,464
7223709669,464
1707790029,464
1726730033,464
1835355931,464
7223709662,464
1707790057,465
4650375508,465
1707790055,465
4650375504,466
4650375505,466
1707790067,466
4658088539,466
1955520890,466
3972566715,466
1707790105,467
6828921210,467
6828921211,467
1717643512,468
1717643505,468
5046005730,469
5046005731,469
5046005743,469
5046005745,469
1718328442,469
1722621701,470
1719663634,470
1719661631,470
1719529599,470
1723388970,471
1723388957,471
1723388960,472
1723388981,472
1723388974,472
1723388976,473
1723388986,473
1835355944,474
1726730043,474
1726730080,475
1726730120,475
1726730123,475
1835356013,475
1726730167,475
1726730281,476
107684,476
1726730292,476
5342251136,477
4379801706,477
4329502449,477
1726730326,477
1726730295,477
4379801694,477
6458938011,478
6446292572,478
1727515734,478
1728472241,479
1731235489,479
1731235534,480
1731235511,480
1731235545,481
1731235557,481
1731235558,481
1733389217,482
1733389314,482
1733389249,482
5334381837,482
2990651904,483
2990651906,483
2990651907,483
2990651908,483
2990651909,483
2990651910,483
2990651911,483
2990651912,483
2990651914,483
2990651918,483
1758552597,483
1761598585,484
6866779810,484
5014591889,485
1816038199,485
3107212073,486
1816609486,486
1816705152,487
1816705180,487
1816705168,487
1816705175,487
1816705250,488
1816705227,488
1816705235,488
1816705242,488
1816705246,488
1816777873,489
1816777874,489
4158000323,490
1816959492,490
1817617691,491
1817617692,491
4462680082,492
1832129796,492
1832228100,493
1832228080,493
1832228112,493
1832228144,493
1832228083,493
1832228115,493
1832228120,493
1832228159,493
1835355953,494
1835355961,494
1882379248,495
10090013713,495
10090013714,495
2306288080,495
3247578846,495
3987750688,496
5269678593,496
1951190474,496
1951616322,497
5096270631,497
1990694620,498
1990694647,498
2502545024,499
9619940387,499
1990912102,499
1990912134,499
4117896490,499
2502545041,499
9678523000,499
8031800090,499
8031800092,499
8031800094,499
2118622488,500
2118622487,500
2480657188,501
2135411293,501
2480657190,501
5768339777,502
2140124982,502
2140124983,502
2168949324,503
2168949325,503
8814668137,504
2197518969,504
8814668138,504
8814668133,504
5342236744,505
5342236723,505
5342236724,505
5641663539,505
5342236728,505
2203268985,505
5342229818,505
6218501723,505
3265436260,506
2341656968,506
4085747017,506
4697287178,506
4697287177,506
4696568110,506
4174200048,506
3265436691,506
4696544885,506
4166662878,506
2466442741,507
2466442743,507
2480657186,508
5060405446,508
6509584413,509
109734,509
2504822135,509
6867581464,510
6867581465,510
2528483741,510
2528484781,510
5904615699,511
2528483742,511
3247589712,512
6569580044,512
6569580045,512
2531863975,512
2531863977,513
2531863978,513
2566132610,514
2566132611,514
2642857197,515
2642857199,515
6995618977,516
2872704413,516
2935373301,517
3809870263,517
2990651920,518
2990651921,518
3739049344,519
2990721387,519
5992797788,519
3739049346,520
2990732269,520
1758554291,521
2990780039,521
7817166407,522
3892081384,522
3014236566,522
3014236567,522
3186593720,522
3068270516,523
3068270518,523
3081980920,524
3081980922,524
4749090120,525
3093897990,525
3100169049,526
107637,526
3136301731,527
3136301325,527
5473274253,528
5473274254,528
5473274260,528
3139655930,528
3139655933,528
3141814027,529
3141817429,529
3158794148,530
3158794151,530
5473273067,530
5473273068,530
5473272882,530
5473272983,530
5473272984,530
3197339661,531
3170676206,531
3197339662,531
5565486432,532
3197339673,532
3197339674,533
3197339676,533
5565486434,533
3247825561,534
3247825562,534
3741131606,534
3272782432,535
1547013738,535
3272782431,535
3334162601,536
250325411,536
3471375913,537
4086232870,537
3528711722,538
3682538298,538
3578315456,539
3586606037,539
3586606038,540
3586606039,540
3629223881,541
3629223890,541
5565466177,542
3629223884,542
3629223885,542
4086232871,542
3704225378,543
4085778924,543
4085778928,543
4866552625,543
4085778934,543
25066684,543
3763565961,544
8755808627,544
8755805305,544
10539068550,544
3809744584,545
3808627066,545
3808627061,545
3809744583,545
5977954180,546
3987750692,546
9673189926,546
6110164649,546
3850146457,546
6446292562,547
3887941012,547
4175081593,548
4166662874,548
4175081594,548
3911044734,548
5788363874,549
4208239642,549
5788363878,549
5907366887,549
5788363880,549
6978443788,549
4462680076,549
3972566705,549
3972566714,549
5839163740,549
3992885062,550
4697288399,550
4085600698,551
3999987604,551
4075008388,552
5565466174,552
4076095797,553
4076095791,553
4076095841,554
4076095834,554
4085387943,555
5574051321,555
5574049718,555
5574049719,555
4085600696,555
4229228089,555
4085778929,556
4085783103,556
5201625537,557
5201625539,557
5201625541,557
5146186503,557
5146186504,557
5146186505,557
5146186507,557
6967585840,557
4085778933,557
6967585845,557
6446304190,557
5201625535,557
4085783106,558
6032044874,558
4089885905,559
6294214898,559
4715264006,560
4715264007,560
9690915275,560
6014302222,560
9690915278,560
25475664,560
6014302224,560
6014302225,560
4136137529,560
4167762778,560
4715263995,560
4715263998,560
5335233113,561
5009060057,561
4138224462,561
4138224463,561
5160943808,562
4144358216,562
4144358217,562
5160943793,562
5160943794,562
5160943795,562
5160943796,562
5160943797,562
5160943798,562
5160943799,562
5160943800,562
8042031930,562
5160943803,562
5160943804,562
5160943806,562
5160943807,562
6288147785,563
6288147786,563
6218501757,563
4195103055,563
4211515569,564
108903,564
4275398720,565
4275398721,565
4275398723,565
4275398714,565
4275398716,565
6866779809,566
4316306161,566
4316306163,566
4316306164,566
6866779804,566
4367041960,567
8755805313,567
4367041962,567
5177397824,567
4369519219,568
4369519206,568
4369519227,569
4369519260,569
4378043649,570
4378043667,570
4378043661,570
4378043662,570
7636278201,571
4401149234,571
7636278191,571
4688513244,572
6218501724,572
4688513245,572
4430996023,572
4430996028,573
4430996029,573
4530012705,574
4530012706,574
4530012707,574
4729385030,574
4729385031,574
4530012711,574
4530011788,574
4530012690,574
4530012691,574
4530012695,574
4530012696,574
5473272900,575
5473272902,575
5473272904,575
4534858543,575
5473272700,575
4571244660,576
5503142966,576
4665352264,577
4665352260,577
4665352261,577
4665352262,577
4665353643,578
4665353644,578
4675822093,579
4675822094,579
4675822097,580
4675822099,580
4675822100,580
4696545402,581
4697288390,581
367102039,581
4696545403,582
4697287188,582
25496851,583
4730978983,583
4773889323,584
4777885221,584
8497605091,584
4781199345,585
4781199346,585
4781199348,585
4781199350,585
4781199352,585
4781199354,585
4781199355,585
4866475736,586
4866475733,586
10311362148,587
10311362150,587
10311362154,587
8807441177,587
4866651961,587
5006063176,588
4691460851,588
6374802572,589
5006965588,589
5006965589,589
5009054889,590
5009054892,590
5046005789,591
5046005790,591
5046314074,592
5046314077,592
5060391418,593
5060391821,593
5060405441,594
5060405443,594
5060405444,594
5060405445,594
5060405461,595
1954751918,595
5094718794,596
5094718798,596
5095547184,597
5095547180,597
5095547181,597
5124166971,598
5124166973,598
5141625635,599
5141625637,599
25067400,599
5141625655,599
5141625621,599
5141625654,599
5141625623,599
5141625653,599
5141625625,599
5141625630,599
5141625681,600
5141625699,600
7906964249,601
5141625698,601
25067397,602
5146186470,602
5174825176,603
5174828980,603
5174825175,603
6978459068,604
5177352922,604
5177352932,604
5238587992,605
6463234329,605
6463230640,605
5227220846,605
5238500312,606
5238500313,606
5238500306,606
5238500308,606
5335245256,607
5335245257,607
5468301601,608
10607626,608
5468301602,608
5471345385,609
308837357,609
9846850972,609
9846850973,609
9846850974,609
5473272896,610
5473272897,610
5473272899,610
5473272894,610
5473272895,610
5473273139,611
5473273227,611
5473273140,611
5473273425,612
24950114,612
5473273457,613
5473273490,613
5473273571,613
5473273500,613
5473273788,614
5473273789,614
5473273790,614
5473273795,615
5473273796,615
5473273791,615
5473273803,616
5473273805,616
5473273798,616
5473273968,617
5473273966,617
5473273967,617
5473274256,618
5473274257,618
5473274259,618
5473274252,618
5475684680,619
5475675316,619
5475684621,619
5475684676,619
5479654172,620
5479655630,620
5564754892,621
5564410334,621
5580861153,622
5580861151,622
5609643623,623
5609643663,623
5609643664,623
5609643665,623
5609643670,623
5609643672,624
5609643675,624
5609643682,625
6816821186,625
5609643685,625
5609643686,625
5609643687,625
5609643673,625
5609643674,625
5642519054,626
5839165751,626
5642519066,626
5642519068,626
5642519069,626
5904585328,627
27460439,627
5904615691,628
5904615694,628
10544409950,629
5905807279,629
5905807278,629
10544409967,629
9216868136,630
9216868137,630
5924603442,630
5924603450,631
6265654111,631
5927671120,632
5927671121,632
6218501748,633
6218501739,633
6218501740,633
10599654857,634
6218501758,634
6218501759,634
6266867113,635
6266867114,635
9690974277,635
6266867111,635
6369329170,636
6369329155,636
4076095262,636
6431923714,637
6431923715,637
6446218920,638
6446229925,638
6525701539,639
6525701540,639
6525701533,639
6525701535,639
6606148797,640
6606148798,640
6855696504,641
6855696506,641
6855696496,641
6855696495,641
6855696497,642
6855696502,642
6855696503,642
6918421504,643
6918421512,643
6918421508,643
6918421513,644
6918421511,644
6948380400,645
6948380401,645
6116290274,645
6948380395,645
7223704403,646
7223704404,646
8785568222,646
7447637305,647
7447637306,647
7553887392,648
8869435273,648
8869435267,648
8869435272,648
7572833352,649
7572833353,649
25504144,650
7607080091,650
7607080092,650
7610670890,651
7610670892,651
7644741345,652
1233350847,652
7792756538,653
7792756539,653
7792756540,653
7792756672,654
7792756674,654
7792756676,654
7792756680,654
7911267686,655
10543014374,655
10543014386,655
10543014388,655
10543014362,655
10543014363,655
8210567402,656
8210567395,656
8357847937,657
8357847938,657
8357847939,657
8357847927,657
8357847928,657
8357847929,657
8357847930,657
8357847931,657
8357847932,657
8357847933,657
8357847934,657
8500636794,658
5924603460,658
8515091587,659
8515091590,659
10579930791,660
10579930792,660
8783914189,660
8783914190,660
8604055549,660
8604055550,660
8620105277,661
8620105279,661
25532494,662
8807410150,662
8814668136,663
8814668135,663
8868010160,664
8868010162,664
250327159,664
8869435257,665
8869435266,665
9030284973,666
9030284975,666
9080098298,667
9080098299,667
25509513,668
9197589238,668
9203541611,669
9203541612,669
9236477422,669
9216868145,670
9216868143,670
9524817681,671
9524817682,671
9683400946,672
9678366518,672
9690974273,673
9690974274,673
9694091976,674
9694091978,674
25475053,674
9694091984,675
9694091983,675
9804471701,676
9804471702,676
25496854,676
10241310755,677
25509526,677
10306423508,678
10306429309,678
10306429310,678
10306429319,678
10539068564,679
10539068565,679
2665239972,680
10539068590,680
10539589691,681
10539589692,681
10539712057,682
10539712058,682
10543014371,683
10543014372,683
10543014373,683
10543014377,683
10543014379,683
10543014380,683
10543014367,683
