node_id,cluster_id
1596648673,0
1832129762,0
4076126468,0
7946372941,0
5516594509,0
104318,0
20965799,1
25500427,1
8868824844,1
7946378610,1
104319,1
104320,2
107687,2
10263444809,2
20965803,2
441958994,2
8868824851,2
3229825173,2
1163955130,2
104321,3
24951853,3
4922952366,3
4922952371,3
4922952373,3
104322,4
8869435268,4
7553887409,4
8869435288,4
8869435286,4
8869435287,4
25161368,4
8438226815,4
104323,5
8429812517,5
7623861385,5
1532087855,5
295977520,5
2374491605,5
4715263991,5
4167762776,5
4715263993,5
2969438426,5
1237883773,5
107584,6
251892950,6
107585,7
6218501751,7
1312188768,8
107586,8
8515091591,8
3375451566,8
4726152850,8
4726152852,8
4726152853,8
4726152857,8
4726152858,8
8043350334,8
8043350335,8
4688513218,9
107587,9
1678245252,9
25248120,9
4688513221,9
3381130090,9
3375451563,9
3381130092,9
3375451565,9
4688513230,9
4688513231,9
4688513226,9
4688513227,9
25069265,9
4688513237,9
4688513240,9
25248122,9
107588,10
2642857191,10
2538458887,10
5473274957,10
25248112,10
3715515059,10
1689605567,11
28418921,11
4136137525,11
107606,11
4136137527,11
25475770,11
5816744255,11
585124778,12
1951242858,12
107614,12
1864047135,12
107626,13
8807410154,13
1312454055,13
107627,14
8807410158,14
107632,15
6458938017,15
25161361,16
107634,16
5198585559,17
5198585557,17
5198585558,17
107638,17
5198585560,17
5198585561,17
5198585562,17
18468962,18
7926506531,18
9024139143,18
9024139144,18
2466442731,18
107641,18
7926506525,18
4866651969,19
1938819301,19
6055863205,19
10311362153,19
5046447437,19
8807441166,19
10311178960,19
10311178961,19
3656358067,19
25161365,19
8807441176,19
4866623226,19
107643,19
4866623228,19
4866623230,19
10311362114,20
10311362115,20
4729448869,20
10311178964,20
3664405913,20
8807441178,20
107644,20
1938819294,20
1726730049,21
4922952353,21
1726730082,21
107646,21
5207476608,22
5207476609,22
5207476611,22
5207476613,22
5207476616,22
4627445257,22
4627445261,22
10309458701,22
107667,22
10309472541,22
10309472542,22
10309472543,22
10309472544,22
10309472547,22
10309472548,22
10309472553,22
473265708,22
4627491632,22
473265346,22
10539856459,22
3696548432,22
3696548437,22
3696548438,22
1828402774,22
4627445215,22
10310609894,22
1938819302,22
4175059691,22
490946748,23
10309153027,23
107668,23
10309140683,23
107681,24
1401870340,24
1726730272,25
25577057,25
5342251136,25
1726730307,25
107684,25
1726730281,25
4379801706,25
5342251151,25
4329502449,25
1726730292,25
1726730295,25
1726730326,25
25500535,25
4379801694,25
25503848,26
1726730329,26
1726730354,26
107685,26
8785484288,27
7613626050,27
107686,27
7613626059,27
7613626060,27
7613626066,27
4530339699,27
7613626070,27
7613626042,27
7613626044,27
7613626045,27
7613626046,27
7613626047,27
107692,28
2294047375,28
5006063174,29
107693,29
5736692334,29
25496622,29
5736692333,29
7223695325,29
7223695326,29
338472586,30
338472589,30
6279388821,30
6279388822,30
6279388824,30
2458257563,30
1832129947,30
1832129951,30
343669793,30
8975700260,30
343669796,30
1364161197,30
5265953455,30
5265953457,30
5265953459,30
1364172237,30
1832129869,30
1832240590,30
1832129873,30
1832129878,30
1832240598,30
1832129881,30
1832129884,30
1832129888,30
6724775012,30
108389,30
6724775018,30
1832248428,30
1832248430,30
1364168178,30
1364168180,30
2458303223,30
1832129917,30
25495698,31
108391,31
390073160,32
108409,32
25632684,32
108845,33
5124166975,33
1777728708,34
108871,34
20626317,34
20626318,34
4866475733,34
3796774902,34
4866475736,34
5124166971,34
5124166973,34
1145174402,35
1145174413,35
4571238069,35
109403,35
355416892,35
109408,36
894485202,36
470727954,36
1236791504,36
1536948578,37
109412,37
109734,37
2504822135,37
1536948474,37
6509584413,37
109414,38
9030029183,38
25248128,39
109416,39
1497452171,39
25248115,39
25248119,39
2218344510,39
25248127,39
109728,40
25476134,40
5931509715,40
5931509718,40
5104314272,41
5104314275,41
5104314276,41
25067461,41
7824803495,41
25067463,41
109737,41
7824803497,41
10542989484,41
4166634957,41
4085778931,41
5104314264,41
5104314268,41
5104314269,41
5104314270,41
1951372959,41
109766,42
302013678,42
373402354,43
109780,43
9514602150,44
9514602151,44
9514602152,44
9514602153,44
4922952364,44
4922952370,44
109785,44
6166157035,45
109788,45
4823246342,46
1150003530,46
1685281260,46
1141415215,46
110143,46
1787108647,47
1787108648,47
1787108649,47
1787108650,47
110238,47
2293833763,48
5374174119,48
5880186827,48
5880186829,48
5880186830,48
5880186833,48
237908,48
3972566716,48
2140432704,49
4150883407,49
4034060018,49
4197401811,49
4696544883,49
237911,49
4696545406,49
4530012702,50
6866779817,50
6866779818,50
282708,50
6866779798,50
6866779799,50
6866779802,50
4530012699,50
6866779806,50
4530012703,50
25438595,51
25438732,51
282719,51
24661273,52
8807431546,52
2961540,52
24950109,52
24950113,53
8807431541,53
2961549,53
5473273604,54
5473274501,54
5473274502,54
5473273605,54
2538458888,54
8807431560,54
5473274506,54
5473273610,54
5473274507,54
2538458893,54
5473274508,54
5473273612,54
5473274503,54
8807431559,54
2538458898,54
5473273611,54
5473273613,54
2961557,54
5473273615,54
5473274519,54
2538458904,54
5473273621,54
5473273623,54
5473272978,54
5473273622,54
5473274525,54
5473273500,54
5473274528,54
5473274529,54
5473274531,54
5473274532,54
5473274533,54
5473274534,54
5473273490,54
4534858546,54
4534858548,54
24950101,54
5473274710,54
24950102,54
24950104,54
24950105,54
5473273606,54
357999964,54
5473274717,54
5473273607,54
5473273571,54
5473274724,54
5473274725,54
5473273451,54
5473273069,54
5473273070,54
5473273071,54
5473273072,54
5473273457,54
24659709,54
3215687074,55
2961891,55
1312454086,55
4807512540,55
4807512541,55
747893184,56
7610670913,56
7610670912,56
25503876,56
7610670919,56
25503880,56
7610670920,56
25503885,56
10572178,56
1678452793,56
25503851,57
10572179,57
25503845,57
4643337143,58
4643337146,58
10572180,58
25471732,58
10572785,59
8972511963,59
25496748,59
21583342,59
8785568224,60
8785567914,60
8972441580,60
10572786,60
1985084095,60
1813618432,61
8989843465,61
10607127,61
10607128,61
1813618461,61
1813618463,61
1813618465,61
5041784489,61
1596655148,61
1596655149,61
1596655155,61
1813618484,61
5041784501,61
1813618358,61
1596655157,61
5041784633,61
1596655161,61
1813618365,61
1813618493,61
8868824899,61
8868824900,61
8868824901,61
1813618376,61
8868824911,61
8868824912,61
256766545,61
1366095189,61
1813618393,61
10004388708,61
10004388710,61
632447859,61
1813618424,61
1813618426,61
1813618429,61
1813618431,61
435104736,62
435104738,62
435104732,62
10607132,62
435104735,62
5470932256,63
5468301555,63
5470932252,63
10607629,63
1721713699,64
672061444,64
2406484455,64
1312188714,64
1721713677,64
10677374,64
8869464354,65
5046005731,65
5046005730,65
8869464357,65
5046005743,65
5043864464,65
8869435281,65
5046005745,65
1684511955,65
1718328435,65
1718328442,65
316763548,65
10677375,65
10677376,66
2642857203,66
5473274959,66
10677377,67
1401416203,67
1832129960,68
1832248457,68
1832248458,68
5374174120,68
1832129962,68
7203717550,68
5374174224,68
5573931377,68
14672924,68
529722111,68
21307200,69
18393873,69
18395288,70
25161370,70
7610670751,71
7610670752,71
18395811,71
1268900644,71
10310609841,71
1268892338,71
10310609842,71
3664398006,71
3664398007,71
3664398009,71
1268900678,71
3474115151,71
10310609872,71
10311178967,71
10311178970,71
10310609885,71
10311362270,71
10311362271,71
10311362272,71
1725360097,71
10311178978,71
5976850019,71
5976850023,71
5976850024,71
10311178985,71
10311178991,71
7610670710,71
5006781409,72
8869472263,72
18398282,72
632438506,72
20460684,72
10577984012,72
8869472239,72
8869472242,72
4922952363,73
18468951,73
1938819328,74
1938819330,74
25161350,74
1938819335,74
25161351,74
25161352,74
1311962122,74
8807429662,74
8807429663,74
1311962016,74
2387194156,74
1678155318,74
1938819325,74
18468958,74
18468961,74
6369390690,74
6369390692,74
6369390696,74
6369390700,74
1938819317,74
1938819320,74
4830306810,74
4830306813,74
1938819326,74
20458277,75
250549587,75
4618510643,75
1312188692,75
4618510644,75
25497985,76
6978555522,76
5067002882,76
20460680,76
1684710025,76
3739049356,76
5733998227,76
968499092,76
5733998228,76
3739049366,76
3739049365,76
819132568,76
1684710044,76
1684781470,76
8975833905,76
6978563378,76
8975833911,76
256766532,76
256766533,76
748941508,76
1150003147,76
1150003532,76
1759454429,76
6978557152,76
5041784423,76
5067002862,76
3739049327,76
1150003571,76
5067002867,76
6978555518,76
5609643647,76
1326821569,77
7553479208,77
20460681,77
7553479212,77
20460686,77
372050299,77
5238523291,78
5238528591,78
20460687,78
20625793,79
10544409954,79
10544409957,79
10544409958,79
10544409959,79
10544409960,79
10544409928,79
10544409961,79
10544409963,79
10544409964,79
10544409930,79
10544409929,79
10544409966,79
10544409948,79
3616299208,80
20626282,80
8675201272,80
4777897926,80
4085778920,81
7824747306,81
20626301,81
1536948431,81
6446301329,81
4085778930,81
5146186589,81
5146186590,81
5146186591,81
20626304,82
2941549929,82
5124166978,83
20626307,83
3796814729,84
2012970414,84
20626311,84
20626312,85
7572522540,85
4866475729,85
4866475730,85
4866475734,85
1536948536,85
1852996954,85
7572522523,85
1536948477,85
2504847039,85
7572833352,86
7572833353,86
20626314,86
7572522513,87
20626316,87
7572522510,87
7572522511,87
1215563904,88
20965794,88
373364228,88
20965797,88
3229825163,88
3229825166,88
6369329166,88
5475684848,88
8868824852,88
5475684758,88
1215563895,88
8868824856,88
8868824857,88
5475684763,88
2398924896,89
20965798,89
20965800,89
2398924877,89
7946378606,89
2398924886,89
20965801,90
2398924898,90
25524297,91
3328228994,91
21392267,91
21392273,92
3972566713,92
1707790076,92
21392276,93
4156336278,93
6606135977,94
6606135979,94
6606135983,94
21392279,94
3215685153,95
21523714,95
6218501730,95
6218501725,95
6218501761,95
3145798533,95
6218501736,95
6218501737,95
1678283242,95
6465896907,95
4726152844,95
6465896909,95
1678283247,95
6218501745,95
6218501746,95
471488469,95
5342236733,95
5342236734,95
21523718,96
1014649631,96
2934288512,97
10596794785,97
27459970,97
5165786242,97
5009060057,97
5165786245,97
21523719,97
4138224462,97
4138224463,97
5335233113,97
2934288510,97
1617596646,98
21563463,98
1617596621,98
21563503,98
1617596627,98
1617596669,98
1707790096,99
21563479,99
21563481,100
21563489,100
21563504,101
762080105,101
21563507,102
762080077,102
1020211942,103
1617596711,103
8785484298,103
21563508,103
8785484312,103
4530270906,103
269589467,103
6828921212,104
21563788,104
21565570,105
1835355913,105
25504145,105
25504146,105
1835355922,105
25504148,105
25504149,105
25504150,105
1835355929,105
1835355936,105
1835355940,105
1835355946,105
1835355955,105
1678452795,105
1835355972,105
1777727945,105
1777727947,105
1777727949,105
1777727950,105
1777727958,105
1777727960,105
1777727961,105
1777727962,105
1707790044,105
367105757,105
7223709667,105
1707790062,105
1793420660,105
1268892533,105
1268892541,105
25498458,106
21578454,106
8785568223,106
6863550501,107
21583366,107
4017328647,107
1419565097,107
25378129,107
2586616722,107
4076095797,108
21685484,108
4370333637,108
4076095791,108
4462683090,109
21686572,109
4462680070,110
9203541611,110
9203541612,110
9236477422,110
21686574,110
21693787,111
25500239,111
21693795,112
8868824855,112
3515286913,113
3471375905,113
5565466183,113
1493676622,113
21990614,113
4556931604,114
21990622,114
21990624,115
21990625,115
2003007012,115
1779589718,115
250327100,115
21990627,116
475396924,116
5565443389,117
21990629,117
5565443390,118
21990630,118
8869464392,119
8869464378,119
5042033643,119
21990631,119
21990632,120
1718566886,120
1718566880,120
9820537993,121
4297243292,121
4297243295,121
9693963681,121
4297243298,121
9820538020,121
4297243301,121
4158004390,121
4297243306,121
710657963,121
1938953406,121
1938953413,121
748797126,121
9820537932,121
9820537933,121
355416911,121
4297242961,121
4297243218,121
748797145,121
1664571227,121
775984737,121
775984738,121
748797155,121
4297242983,121
422573549,121
21990638,121
1913216493,121
9820537981,121
9820537982,121
25161349,122
25161367,122
24658003,122
24658007,122
25066333,122
24659947,123
24949780,123
9693920800,124
9693920796,124
9693920797,124
24660863,124
1418752689,125
24662037,125
25248129,126
25248130,126
24661419,126
25070924,126
24950061,126
1497452184,126
25071133,126
24950064,127
24660697,127
2538458889,128
25248113,128
25248114,128
2538458899,128
24950107,128
24950110,129
24950111,129
24950112,130
25248126,130
2378843907,131
1678226827,131
5473273227,131
25161362,131
25161363,131
5473273364,131
5473273368,131
5065949596,131
1678226846,131
5065949598,131
5473273379,131
4867087524,131
4867087532,131
3076574254,131
4867087535,131
3076574255,131
5473273139,131
5473273140,131
5473273141,131
5473273142,131
5473273399,131
5473273154,131
1312454094,131
6018098767,131
5473273295,131
5473273429,131
1678227031,131
5473273305,131
5141354330,131
5141354331,131
3153656028,131
5473272666,131
3153656030,131
5473272665,131
5473273441,131
24950115,131
8807431534,131
5473273326,131
8807431536,131
5473273332,131
5049840244,131
316763501,132
24950117,132
5046314043,133
25632860,133
24951854,133
10544113920,134
10544113922,134
24952195,134
10544113923,134
3887940999,134
2528522518,134
2528522524,134
2528522528,134
6985465124,134
6985465127,134
6985465130,134
6985465133,134
2528522542,134
2528522549,134
6886012733,134
1556324684,134
3385387604,134
3385387606,134
3385356250,134
25532273,134
1689387896,134
1689387903,134
3887941010,135
24952268,135
6446269173,135
5087519104,136
25066338,136
25161347,136
5087519106,136
25066412,136
5090420611,137
25161348,137
5090420613,137
5090420614,137
5090420940,137
5090420941,137
25066419,137
8807429660,137
1717650794,138
25066451,138
25066453,138
25066784,139
25066694,139
25067264,140
25067265,140
25067298,140
25067266,141
1852996996,141
4085778922,141
4866552622,141
4866552623,141
6509584414,141
25067727,142
5104314096,142
25067728,142
5104314358,142
25067479,142
25067670,142
1719529597,142
1569312412,143
25067871,143
5141216792,144
5141216745,144
25067883,144
5141216790,144
6032044857,145
25067914,145
25067929,145
25067936,146
5141216742,146
5141216746,146
5141216782,146
5141216785,146
5141216787,146
25068755,147
25248117,147
25071136,148
25071145,148
2793874587,148
25071137,148
25071139,149
25071142,149
25151180,150
1832129958,150
25161346,151
4922952372,151
25161360,152
7906964248,152
5141625698,152
7906964249,152
25161371,153
28800667,153
5146186503,154
5146186504,154
5146186505,154
5146186507,154
25161373,154
7824747295,154
7824747302,154
6967585840,154
6967585841,154
6967585842,154
6967585843,154
1827389620,154
6967585845,154
1782727992,154
6446304190,154
5201625535,154
5201625537,154
5201625539,154
5201625541,154
700774224,154
4085778919,154
4085778927,154
4085778933,154
4085783105,155
5141228834,155
10543014339,155
4085783107,155
4085783106,155
7911267685,155
10543014343,155
7911267688,155
10543014346,155
6032044874,155
1722621711,155
1722621718,155
7911231384,155
6446292570,155
6446292571,155
25161375,155
3375451555,156
25248123,156
25248124,156
30056277,156
25248125,157
1211381855,157
10306429318,158
4166634955,158
4166634961,158
4166634962,158
5340811825,158
6446292564,158
25265077,158
3887941013,158
4085783099,158
2059790748,158
10306429312,159
10306423498,159
10306423499,159
25265080,159
2278320154,159
25504129,160
25504134,160
2005131543,160
25503869,160
25470782,160
25470928,161
1678452788,161
1678452789,161
25471090,162
2036181339,162
1309180610,163
1309180612,163
1723389067,163
7792756412,163
7792756414,163
25471135,163
1309180608,164
25471274,164
7447565849,164
25632854,164
7447637305,164
7447637306,164
3691462888,165
25471289,165
2036185421,166
25472215,166
2294047355,167
25472324,167
321255907,167
4675821921,168
4675821924,168
4675821925,168
4675821931,168
4675821932,168
762080111,168
4675821944,168
25472379,168
4675821968,169
6483733489,169
25472428,169
6483733493,169
25472800,170
2940401398,170
25472890,171
1617647934,171
4675822095,171
1311962080,172
25473200,172
25473199,172
25473204,173
25473205,173
6871422361,174
5041784634,174
25473207,174
5574049698,175
5574049700,175
5574049702,175
5574049703,175
6779394887,175
5574049707,175
5574049709,175
4136124526,175
5574049717,175
25473279,175
5905807278,176
10544409967,176
5905807279,176
25474005,176
10544409950,176
25474015,176
25474019,177
5976760444,177
5976760446,177
9694091976,178
9694091978,178
25475053,178
9694091983,178
9694091984,178
25475072,179
585180151,179
7236131862,179
6332695639,179
6332695642,179
25475330,180
25475332,180
1617647944,180
25475182,180
762080145,180
762080190,180
25475328,181
9700060290,181
9700060291,181
9700060292,181
1155552322,181
1155552319,181
1990912136,181
1951242857,181
3385332654,181
9683686963,181
1990912115,181
4832472797,181
1137777343,181
1617647945,182
8785484306,182
25475331,182
1617596714,182
9135845216,183
25475417,183
3733791671,183
1233350889,184
283061836,184
1233350862,184
675734610,184
1402070363,184
675734613,184
25475419,184
1402070364,184
1402070365,184
675734622,184
25475561,185
9690878337,185
25475550,185
9699961628,186
25475661,186
1796137508,186
9690915267,187
8064065316,187
25475663,187
4298970368,188
4298970372,188
4298970376,188
4298970380,188
4298970384,188
4298970388,188
4298971293,188
9820538021,188
9820538022,188
6828863694,188
6828863697,188
25499093,188
355416920,188
9576827482,188
25475674,188
4297054053,188
25475693,188
108406,188
4298970364,188
6696695781,189
25475678,189
25475688,190
25475690,190
9820538027,190
25475691,190
25499095,190
435104728,191
25475692,191
25475694,191
25475712,192
8064065315,192
25475754,193
1493229962,193
28728208,194
25477106,194
28728205,194
306439304,195
8632535522,195
25477149,195
8632535535,195
306439310,196
8632535532,196
25477150,196
306439338,197
25477154,197
306439329,198
25477156,198
25477197,199
2402557839,199
2935373159,200
249558409,200
25477228,200
25477301,200
25477335,200
3735886877,200
1327865956,201
57786953,201
3673602988,201
3809870260,201
25477339,201
5925626143,201
28419328,202
3528738439,202
3528738440,202
5257738380,202
5257738381,202
5257738382,202
5257738383,202
5257738384,202
5257738385,202
5257738386,202
5257738387,202
5257738388,202
2934411667,202
5174828980,202
5174825175,202
5174825176,202
251757533,202
5174825183,202
25477371,202
249679102,202
819157946,203
25477858,203
3661703766,203
1832052008,204
25495542,204
1832129783,204
25495617,205
25495618,205
350437608,205
5976672308,205
1816038230,205
25495769,205
10543800252,205
8645592520,206
8645592521,206
25495858,206
25495639,206
25495640,206
25495648,207
5014591895,207
25495646,207
1953202903,207
1832227968,208
1832227873,208
1832228035,208
1832227972,208
343669798,208
1832228039,208
1832129835,208
1832129807,208
1832228016,208
1832227996,208
1832129821,208
25495807,208
6354294763,209
25495820,209
1834657466,209
6354294779,209
1834657469,209
350437528,210
4275394254,210
25495822,210
25495857,211
269550332,211
4689775161,211
759123955,212
25496100,212
269550896,213
25496617,213
269550331,213
269550684,213
323262310,214
25496623,214
7279228683,215
25496773,215
25496777,216
8972511964,216
25496785,217
1958800795,217
8972441125,217
1985084137,218
25496787,218
1985084135,218
25496800,219
5014591889,219
1816038199,219
8972441579,220
5265830862,220
25496815,220
25496825,221
5060391418,221
5060391821,221
1832129794,222
25496847,222
1832129776,222
1832129778,222
4077495826,222
1832129785,222
1684437690,222
1684437692,222
1832129789,222
25496920,223
4920098344,223
9820537921,224
9820537954,224
9820537955,224
9820537957,224
108393,224
7947041713,224
1601797458,224
9820537917,224
4571238068,224
1326821457,224
9820538006,224
9820538002,224
9820538004,224
5095890460,224
1938953431,224
25497340,224
1938953437,224
4142725554,225
25497595,225
25497603,226
1547657140,226
9693963688,227
1816705193,227
25497619,227
1816705177,227
1816705183,227
2480657188,228
25632678,228
2480657190,228
25497968,228
2135411293,228
25497978,229
25497979,229
2755124807,229
2755124815,229
1150003329,230
25497981,230
5006916678,231
25497997,231
390073175,231
1723388988,231
6374802559,231
1685281025,232
1685281029,232
1685281031,232
1685281032,232
1685281035,232
1685281041,232
1685281045,232
1685281175,232
25498010,232
1686463389,232
1685281053,232
1686463392,232
1685281056,232
1685281058,232
1686463397,232
1685281061,232
1685281063,232
1685281064,232
1686463794,232
1685281075,232
1141415220,232
1685281077,232
1685281087,232
1686463428,232
1685281104,232
1685281123,232
1685281003,232
1685281006,232
1685281010,232
1685281011,232
1685281013,232
1685281017,232
1685281020,232
1685281021,232
250550447,233
25498015,233
25498016,234
6569580040,234
25498018,235
6374802582,235
6374802583,235
7792756713,236
25498026,236
5711517565,237
25499655,237
4378043682,238
25500246,238
25503841,239
25471681,239
1726730303,239
748885408,240
4240028578,240
4240028580,240
25503862,240
25503865,241
25503867,241
4643337012,241
5114681227,242
8785457870,242
8785457871,242
25504143,242
5114681230,242
1726730162,242
25504144,242
1726730165,242
7607080091,242
7607080092,242
25504753,243
10539712057,243
10539712058,243
7827997819,243
4627491645,243
25505679,244
9988193967,244
25505607,244
4962956931,245
1828402760,245
9611081868,245
1938819283,245
2012969972,245
25505629,245
1401849810,246
25509533,246
25509527,246
5223919938,247
25532332,247
5473273376,248
1951616261,248
1951616268,248
5473273433,248
5473273363,248
1951616276,248
1782714747,248
25532377,248
5473273435,248
5473273372,248
5473273373,248
25532384,249
5238587994,249
1951616319,249
25532464,250
8807410152,250
5340811717,251
5340811719,251
5340811720,251
1401459399,251
1401459400,251
1401459403,251
25544110,251
5340811707,251
2577040703,251
316763600,252
316763586,252
25632859,252
25632864,253
25632865,253
1150003264,254
1141487746,254
25632870,254
5067002855,254
1150003247,254
8784212017,254
8784177716,254
5306194265,255
25634199,255
761830989,256
761831057,256
270110481,256
26374230,256
26374231,256
761831004,256
761831037,256
7271474850,257
7271474852,257
7271474841,257
26374236,257
26374237,257
1566270021,258
5768339816,258
5768339817,258
1566270409,258
692162559,258
30057965,258
27481039,258
27481040,258
27481041,258
692162514,258
5342236721,258
27481044,258
30056280,258
27458331,258
692162527,258
5342236739,259
1550763620,259
5342236740,259
27458353,259
471488472,259
6995618979,260
9080098315,260
9080098316,260
27459120,260
302013776,260
1014803736,261
28418497,261
2935392676,261
3528738438,261
9080098310,261
3073173585,261
9030037139,261
3528710291,261
2914561272,261
2914561274,261
27459165,261
27460210,262
429346236,262
4534184514,262
27459198,262
4430996033,263
27459971,263
3906588452,263
3247933381,263
2934288518,263
3906588454,263
27459729,263
2934288530,263
27460198,264
843376594,264
2870261844,264
27459830,264
6995618971,264
3906588446,264
27459905,265
429346242,265
1312471267,265
429346243,265
742399752,265
4629462859,265
429346253,265
28418877,265
3906588448,266
27460226,266
3930921860,266
251892523,266
3708234956,266
3708234955,266
3708234957,266
4089885906,266
3932064154,266
3932064156,266
3932064957,266
27480957,267
347542742,267
347542743,267
27480960,268
9678821156,268
28193265,269
3170676207,269
302013688,270
3892081377,270
3892081378,270
3892081382,270
4344245894,270
7817162919,270
1014803704,270
28418138,270
3892081373,270
2140124996,271
249679365,271
1014803691,271
302013682,271
28418141,271
28418144,272
4344245892,272
4344245893,272
249679168,273
28418580,273
4155841816,274
843376610,274
32838084,274
28418859,274
843376591,274
4223357841,274
4155841810,274
4155841811,274
3632581622,274
4430996024,274
4155841818,274
4430996027,274
4155841820,274
5106520280,275
429346251,275
28418909,275
3984132032,276
3984132036,276
3984132037,276
302013708,276
4422013486,276
4089885902,276
28418929,276
2990651905,277
1758552547,277
1758552521,277
1758552522,277
1758552555,277
1758552524,277
1758552559,277
1758552592,277
2990664881,277
28800660,277
1758552541,277
1401908258,278
250550174,278
28800661,278
28800662,278
1758552682,279
5040168491,279
1759454378,279
1759454351,279
973128722,279
28800663,279
2990716985,279
8869464371,280
28800668,280
8869464390,281
5041945479,281
250550024,281
5041945480,281
250550023,281
873809385,281
8869464398,281
8869464407,281
1343823418,281
28800670,281
3375451561,282
30056255,282
1547392865,283
30056330,283
5580861156,283
707377287,283
32825440,284
843376569,284
32825442,285
843376588,285
32921724,286
761830991,286
32921728,287
32921729,287
32921731,287
4697525030,287
4697525032,287
1401849768,287
26374229,287
270110053,288
270110054,288
32921737,288
32921738,288
270109325,288
751837551,288
751837591,288
32921748,289
32921743,289
8785567909,290
7223668012,290
5006063180,290
33141178,290
1148276284,290
3741131608,291
149431715,291
3247824558,292
149451622,292
354886099,293
213668839,293
1685276643,294
250549700,294
250549699,294
8868010217,294
213668842,294
213668844,294
8868010221,294
8868010202,294
8868010204,294
255700677,295
250327547,295
2642878644,295
213672005,295
2987752071,296
2987752073,296
2990717001,296
2987752074,296
5269670540,296
244128951,296
2990716984,296
249558964,297
1042862718,297
7815533545,298
7815533546,298
249558966,298
249559005,299
302013662,299
249560091,300
7900221087,300
4116809027,301
249679343,301
4948602211,302
3168378376,302
4949004105,302
4949004106,302
249679407,302
670103314,302
249679418,302
3068270516,303
3068270518,303
7817166393,303
249679420,303
7817166397,303
1401416208,304
250326914,304
250327037,305
1310663631,305
250327576,306
2642612586,306
3809744384,307
3809744385,307
3809744451,307
3809744386,307
3809744387,307
338319877,307
3809744389,307
3809744390,307
3809744392,307
3809744395,307
3809744396,307
3809744398,307
3809744400,307
3809744401,307
3809744403,307
3809744404,307
906172949,307
3809744406,307
4317178392,307
3809744409,307
3809744412,307
3809744414,307
3809744415,307
3809744416,307
3809744417,307
3809744418,307
3809744419,307
1150003237,307
3809744421,307
3809744423,307
3809744426,307
3809744430,307
3809744431,307
3809744432,307
3809744433,307
3809744434,307
3809744436,307
3809744439,307
3809744443,307
3809744444,307
3809744446,307
3805378111,307
1390303296,307
3805378113,307
3805378114,307
3805378112,307
3805378116,307
3805378117,307
3809744453,307
3805378119,307
3805378120,307
3805378121,307
3805378122,307
3805378123,307
3805378124,307
3629217348,307
1327865952,307
4383581281,307
1327865953,307
1327865957,307
7151566952,307
250327660,307
3808625773,307
3808625778,307
3808625780,307
3808625782,307
3808625785,307
3808625786,307
3808625791,307
3808625796,307
4749094023,307
1271712905,307
4749094026,307
3808625804,307
1271712911,307
3808625809,307
1271712914,307
1271804564,307
2129578133,307
2129578132,307
1271712920,307
1271712922,307
2129578142,307
1271712931,307
1271712934,307
3808625831,307
3808626859,307
3808626860,307
3808625835,307
3808626862,307
3809744558,307
3808625837,307
3808626865,307
1271712946,307
3808625843,307
3808626868,307
3808626869,307
3808625844,307
3809744565,307
3808626872,307
3808626871,307
1255487162,307
3809744571,307
3809744572,307
1271712957,307
3808625853,307
3808625855,307
3808626878,307
1039290561,307
3808626882,307
1255487171,307
3808626884,307
3808625854,307
1255487174,307
3808626886,307
1255487176,307
1255487177,307
3808626887,307
3808626893,307
3808626895,307
3808626896,307
1255487187,307
3808626902,307
3808626904,307
3808626905,307
8210567392,307
3808626913,307
1039290594,307
3808626914,307
8210567395,307
1150003385,307
3808626912,307
8210567396,307
8210567401,307
8210567402,307
3808626923,307
3808626922,307
6574794989,307
3808626929,307
3808626934,307
3808626935,307
1255320311,307
3629217345,307
3808626940,307
3808626941,307
4317211389,307
3629217346,307
3808626945,307
3629217347,307
3808626947,307
251757321,307
1255490314,307
3733299982,307
1255320339,307
3733299988,307
1255320354,307
1255320363,307
9030284977,307
4316822830,307
1255320367,307
9030284983,307
8042031957,307
8042031958,307
1271774552,307
3805122394,307
3805122396,307
4382350190,307
4382273404,307
3988141441,307
3988141442,307
1255369105,307
1255369111,307
1255369125,307
4317187494,307
1255369128,307
1255369135,307
3093894066,307
1255369140,307
3809870261,307
3809870262,307
3809870264,307
3809870265,307
3809870266,307
2560785849,307
3809870267,307
1255369148,307
3809870269,307
3809870270,307
1255369152,307
4511948225,307
3809870272,307
3809870273,307
1255369156,307
3809870277,307
1255369159,307
3809870281,307
3809870283,307
4511972301,307
4511972302,307
3809870287,307
3809870288,307
3152307669,307
2254629351,307
4316823023,307
3637436403,307
3637436404,307
806373565,307
3809744380,307
3809744381,307
3809744383,307
4453606953,308
250549282,308
4224123324,308
4453606958,308
3114645200,309
354886082,309
250549670,309
3550836104,310
251757458,310
251757452,310
3550836102,310
1039290567,311
5242815659,311
1039322102,311
251757615,311
251892754,312
6218501742,312
252601811,313
4430996044,313
252729234,314
4726152859,314
4726152860,314
256766536,315
256766537,315
473267328,316
10309153025,316
1649365762,316
4158223748,316
1649365764,316
3763565959,316
8620105223,316
473268999,316
1678452753,316
1649365780,316
1668112790,316
1813794712,316
1813794713,316
6137798425,316
1668112792,316
1239549084,316
1649365789,316
268124704,316
3267461666,316
1649365797,316
1905779367,316
1649365800,316
1905779369,316
5177397419,316
5009054894,316
8620105262,316
1777740337,316
5009054898,316
1649365810,316
419632307,316
10539068598,316
3972566710,316
1649365816,316
368044217,316
1649365820,316
5177397822,316
5177397823,316
5177397825,316
5177397826,316
5177397828,316
1707790023,316
4197401800,316
4197401802,316
1777742666,316
10309140686,316
4150883409,316
4197401813,316
864817628,316
473266524,316
4034060007,316
2360681703,316
8755808618,316
2360681709,316
473269102,316
4034060015,316
1955520879,316
4034060017,316
2360681711,316
2265065203,316
2360681716,316
2360681713,316
2265065207,316
10309153022,316
10309153023,316
1837610896,317
1163955034,317
269547420,317
1837610895,317
1163955128,318
269549105,318
269550786,319
8373690819,319
269550898,319
4689775126,319
8785484313,319
269550330,319
269550783,319
10196915587,320
10196915588,320
10196915589,320
321255911,320
751837736,320
10196915593,320
2134066506,320
1419544126,320
270109326,320
270109327,320
1419544142,320
270109370,320
270112540,320
270110142,320
270112539,321
321255910,321
4529839800,322
277337783,322
283062189,323
690295047,323
302013666,324
302013668,324
302013672,325
27480956,325
302013683,326
7899973206,326
4344245890,327
302013685,327
472493763,328
9080123621,328
6969936102,328
6969936104,328
6969936106,328
6969936108,328
6969936109,328
6969936110,328
302013777,328
6969936114,328
6969936115,328
6969936116,328
6969936117,328
316763513,329
316763500,329
2990806415,330
1759454163,330
2990806411,330
316763559,330
316763584,331
5046627553,331
1215563891,331
5046627645,331
316763595,332
316763590,332
323260106,333
1816038214,333
4275394255,334
350377999,334
1832052016,335
350628799,335
3257317059,336
4729480806,336
4729480807,336
355416887,336
3830441937,336
4571244663,336
367121266,337
3708234964,337
1547013743,337
7644741346,338
7644741348,338
6110164647,338
377490664,338
1312932849,338
10013517434,338
7644741343,338
1686463489,339
1686463523,339
3739049325,339
1686463503,339
1686463471,339
1686463505,339
1686463476,339
1686463510,339
390073208,339
4085767970,340
419350723,340
4085767979,340
4089236236,340
419350669,340
1536948492,340
4166634960,340
429346241,341
4534184515,341
1813618288,342
435104715,342
435104717,342
1723340842,343
435104742,343
8972511962,344
438170475,344
5711517570,345
5711517571,345
4703559689,345
5479654172,345
5479654175,345
5479654177,345
2331184930,345
2331184932,345
2331184935,345
1723388979,345
446765895,345
446765900,345
5479655630,345
4703542485,345
4703542486,345
6525670236,345
6525670237,345
2135411294,345
2135389151,345
2135411296,345
2135411297,345
6525670242,345
7882485394,346
10308697502,346
469785734,346
470727722,347
4822267094,347
1707790074,347
8807441179,348
10311362236,348
470729237,348
1655418222,348
8785457865,349
470729292,349
1835355965,349
1678452796,349
471488499,350
1493722803,350
10543014340,351
1722621701,351
10542989479,351
1719663634,351
1719529599,351
473219610,351
1719661631,351
2137096880,352
473257581,352
473258313,353
10543014390,353
6458938007,353
6458938008,353
5905893980,353
473262660,354
473262822,354
473264514,355
4627491650,355
4627445252,355
4627445253,355
4627445254,355
4627445240,355
473264937,355
7179983946,355
7179983947,355
4627445260,355
4627445241,355
10310609879,355
3696548440,355
10310609881,355
10310609852,355
10310609887,355
490947124,356
490947077,356
9135848928,357
585130362,357
9683400934,358
4085387943,358
4085387945,358
5574051321,358
4166219502,358
8031801454,358
5574049719,358
3999987604,358
9683633717,358
9683633718,358
5574049718,358
4085600696,358
4229228089,358
4085600698,358
585148380,358
1561411396,359
585201189,359
4462680068,360
7840712839,360
4462680078,360
5642519055,360
5642519056,360
5642519060,360
595709975,360
5573994014,360
5573994016,360
5573994020,360
1360122937,360
4512763345,360
4512763347,360
5839155672,360
1360122841,360
5460658138,360
1360122860,360
5573931376,360
1360122866,360
5573931380,360
5573931381,360
5573931384,360
3068267824,361
670103313,361
3068267825,361
673420216,362
1563638022,362
5335245254,363
1566269741,363
692162510,363
4117882857,364
2528522547,364
694824861,364
697044225,365
707377382,365
5904615699,366
713363180,366
2528483742,366
4715264001,367
4715264002,367
4715264004,367
722208263,367
4715263992,367
4136137530,367
1609966639,368
4370333651,368
4370333653,368
748799641,368
4370333657,368
751837654,369
751837622,369
761830981,370
761830987,370
9566848716,370
761831019,370
761831023,370
761831000,370
761831007,370
796809545,371
8497605078,371
6446218920,372
811035012,372
6446229925,372
835390894,373
835390887,373
4155841827,374
843376643,374
1759454211,375
5060388105,375
5060388107,375
5060388110,375
875789647,375
1759454222,375
5060388115,375
1311962012,375
5146186489,376
950703626,376
956233216,377
956233215,377
3894948098,378
3894948099,378
3894948100,378
1042862659,378
1014803686,378
7817166407,378
3892081384,378
3014236570,378
3014236566,378
3014236567,378
3186593720,378
3014236569,378
3186593722,378
3894948091,378
3894948093,378
1039322041,379
5174825178,379
5174825180,379
5174825181,379
4922952374,380
4922952365,380
1046306670,380
1141415202,381
1150003340,381
1150003503,381
5060405434,382
1141487723,382
1145174417,383
1145174418,383
9805100783,383
1816705135,383
1145174435,384
1145174437,384
1816777873,384
1261120402,384
1816777874,384
1816609498,385
1145174508,385
1145174501,385
1816777820,385
1150003141,386
5609643622,386
1150003479,386
1150003155,387
5060405427,387
5060405430,387
5060405429,387
1150003224,388
1150003170,388
1150003563,388
1150003238,388
1813618304,389
3739049382,389
1401893675,389
1150003472,389
25473202,389
1150003197,389
6816821186,390
5609643682,390
5609643652,390
5609643653,390
5609643686,390
5609643685,390
5609643656,390
5609643687,390
1150003213,390
5609643662,390
5609643673,390
5609643674,390
5609643676,390
1150003270,391
1309067472,391
1493658224,391
1685281076,391
1685281079,391
1150003289,392
5040168489,392
1150003400,393
1731225575,393
1238259337,394
1731235492,394
1731235606,394
1150003423,394
5565486432,395
5565486434,395
3197339676,395
1150003480,395
3197339673,395
3197339674,395
1150003547,395
5565487612,395
1731225566,395
1163955119,396
1401870341,396
1163955037,396
5353114285,396
1233353464,397
1233353467,397
1233353642,398
1233353631,398
1237876710,399
1237876703,399
1736734053,400
1238249900,400
1238249901,400
1238249904,400
7900221108,400
1255491496,401
1255369133,401
4511972303,401
1255491504,401
4511972304,401
1255491506,401
1255487160,402
1255487172,402
1255487166,402
4158122222,403
5353127105,403
1261120430,403
4158122223,403
1268903266,404
10541894095,404
10541894097,404
4627445239,404
10310609849,404
1722268388,405
2387232554,405
2387232559,405
1722268367,405
1280491924,405
1280491926,405
1722268381,405
3741117630,405
2402557599,405
4807521484,406
7636278199,406
1309067471,406
3741131600,406
3320754320,406
8898783674,406
3320754322,406
7636278196,406
7636278195,406
3741131606,406
7636278198,406
1723315608,406
3247825561,406
3247825562,406
7636278200,406
7636278193,406
7636244314,406
2545230474,407
1312188614,407
2538458897,408
1312188886,408
2218344503,408
5473274891,409
1365887500,409
3136311315,409
3136311316,409
8807429659,409
5473274911,409
5473274969,409
2218340965,409
5473274990,409
5473273966,409
5473273968,409
5473273967,409
4861365369,409
4861365370,409
4861365372,409
5473275004,409
5473274493,409
5473274494,409
4861365383,409
3136301730,409
3136301731,409
5473274540,409
7223365368,409
1939558651,409
2622212860,409
7223365372,409
2622212862,409
1939558655,409
2622212865,409
1939558661,409
2538458886,409
1939558663,409
3136301320,409
3136301321,409
1939558666,409
1939558667,409
3136301324,409
3136301325,409
2538458894,409
2538458895,409
3136301328,409
1939558672,409
2622212878,409
2622212885,409
2538458903,409
2622212887,409
2538458905,409
1939558681,409
2528522522,409
1939558684,409
2622212889,409
3139677982,409
1939558687,409
2622212895,409
2622212897,409
3139705124,409
2622212903,409
1939558697,409
1939558700,409
2622212914,409
2622212925,409
2622212927,409
2622222657,409
2622222658,409
2622222659,409
2622212930,409
2622212933,409
2622212937,409
2622212939,409
2622222668,409
2622212941,409
2622212942,409
4866976614,409
5473274242,409
1312264600,409
1733389278,409
2218362849,409
5473274866,409
5473274867,409
3741078112,410
1312319838,410
1939632514,411
2923703875,411
1939632519,411
1312335310,411
3870640530,411
5238500306,411
5238500308,411
5238500312,411
5238500313,411
3272712566,412
3272782406,412
1312454087,412
1326821568,413
3830441923,413
3197339666,414
3197339667,414
1327865950,414
3794876751,414
25497611,415
8868824913,415
8868824914,415
1366095187,415
1813618228,415
1813618229,415
6871422360,415
1401893666,416
3739049383,416
1401926435,417
2387194149,417
2387194150,417
2387194123,417
2387194127,417
2387194128,417
2387194131,417
2387194133,417
8807429661,417
1547013592,418
1547013588,418
1547013574,418
1547013589,419
8807410151,419
1547013667,420
4402594986,420
1547013655,420
4402629177,420
4402629178,420
4402629180,420
1547013699,421
1550763732,421
1547013705,422
8807410149,422
4619022513,423
4619022514,423
6600283121,423
1547013754,423
3830029915,423
3830043581,423
1547392771,424
1547392927,424
1547657104,425
8064065323,425
8064065324,425
6218468163,426
1550763708,426
9704122317,426
6218468164,426
1556097098,427
1951372909,427
10306429333,427
1556097245,427
1951372927,427
5905897286,428
1556097111,428
1556097177,429
5905896973,429
1556097166,429
1556097306,430
1556097431,430
4169714272,431
7911282826,431
10306429323,431
1556097326,431
10306429327,431
8675201264,431
10306429328,431
4169714270,431
4169714271,431
1556097387,432
6446229933,432
3887941007,432
1556260024,433
3887941009,433
6446256190,433
1587318992,434
1587318999,434
1817617689,435
1596648669,435
1596648671,435
1599652497,436
5503142970,436
1599652492,436
5503142969,436
1617532088,437
4697287185,437
4696544876,437
4663312759,437
25473048,438
1617596591,438
1617596593,439
3328228993,439
6866592992,440
6866516262,440
2453947051,440
1637578547,440
1637578516,440
6866516278,440
1637578522,440
1637578551,441
1637578535,441
1649365894,442
1649365878,442
1664571236,443
1664571164,443
1664571229,443
1668135493,444
5565475799,444
10539068544,445
6509684096,445
10539589696,445
10539589701,445
1828402758,445
4085767974,445
10539589704,445
2665239978,445
10539589707,445
1678452780,445
10539589706,445
4085767983,445
10539648210,445
2620105428,445
4085767989,445
7610670769,446
7610670771,446
1678452790,446
8785457866,447
8785457867,447
1793420652,447
1835355964,447
1678452797,447
6816821193,448
1684781436,448
1684781421,448
4948630427,449
4948630428,449
1684781486,449
6014333809,450
1684835019,450
1684835062,450
1684835097,450
1684835152,451
1684835156,451
4823246344,452
1684835241,452
1685281046,452
1685281036,453
1685281022,453
1707790024,454
1707790026,454
7223709668,455
7223709669,455
1707790029,455
1726730033,455
1835355931,455
7223709662,455
4650375494,456
1707790055,456
1707790057,456
4650375504,456
4650375505,456
1707790067,456
4650375508,456
4658088539,456
1955520890,456
3972566715,456
1707790105,457
6828921210,457
6828921211,457
1717643512,458
1717643505,458
1717643537,459
1717643530,459
1723388970,460
1723388957,460
1723388960,461
1723388981,461
1723388974,461
1723388976,462
1723388986,462
1726730080,463
1835355944,463
1726730120,463
1726730123,463
1835356013,463
1726730167,463
1726730043,463
6458938011,464
6446292572,464
1727515734,464
1728472241,465
1731235489,465
1731235534,466
1731235511,466
1731235545,467
1731235557,467
1731235558,467
1733389217,468
1733389314,468
1733389249,468
1733389349,468
5334381837,468
2990651904,469
2990651906,469
2990651907,469
2990651908,469
2990651909,469
2990651910,469
2990651911,469
2990651912,469
2990651914,469
2990651918,469
1758552597,469
1759454305,470
2990806410,470
1758554291,470
2990780039,470
1761598585,471
6866779810,471
2920433449,472
1787108626,472
3107212073,473
1816609486,473
1816705152,474
1816705180,474
1816705168,474
1816705175,474
1816705250,475
1816705227,475
1816705235,475
1816705242,475
1816705246,475
4158000323,476
1816959492,476
4142725558,476
1817617691,477
1817617692,477
1832129809,478
4462680082,478
1832129796,478
1832228100,479
1832228080,479
1832228112,479
1832228144,479
1832228083,479
1832228115,479
1832228120,479
1832228159,479
1832666001,480
1832665997,480
1835355953,481
1835355961,481
1882379248,482
10090013713,482
10090013714,482
2306288080,482
3247578846,482
3987750688,483
5269678593,483
1951190474,483
1951616322,484
5096270631,484
1990694620,485
1990694647,485
2502545024,486
9619940387,486
1990912102,486
1990912134,486
4117896490,486
2502545041,486
9683400946,486
9678366518,486
9678523000,486
8031800090,486
8031800092,486
8031800094,486
2118622488,487
2118622487,487
5768339777,488
2140124982,488
2140124983,488
2168949324,489
2168949325,489
8814668137,490
2197518969,490
8814668138,490
8814668133,490
5342236744,491
5641663538,491
5342236723,491
5342236724,491
5641663539,491
5342236728,491
2203268985,491
5342229818,491
6218501723,491
3265436260,492
4175081594,492
2341656968,492
4085747017,492
4697287178,492
4697287177,492
3911044734,492
4696568110,492
4174200048,492
3265436691,492
4696544885,492
4175081593,492
4166662874,492
4166662878,492
2453947049,493
4211515634,493
2466442741,494
2466442743,494
2480657186,495
5060405446,495
6867581464,496
6867581465,496
2528483741,496
2528484781,496
3247589712,497
6569580044,497
6569580045,497
2531863975,497
2531863977,498
2531863978,498
2566132610,499
2566132611,499
6866779809,500
4316306161,500
4316306163,500
2632761651,500
4316306164,500
6866779804,500
2642857197,501
2642857199,501
2755124947,502
2755124949,502
6995618977,503
2872704413,503
2935373301,504
3809870263,504
2941549928,505
3519324894,505
2990651920,506
2990651921,506
3739049344,507
2990721387,507
5992797788,507
3739049346,508
2990732269,508
3081980920,509
3081980922,509
4749090120,510
3093897990,510
3100169049,511
107637,511
6116290280,512
5473274253,512
5473274254,512
5473274260,512
3139655930,512
3139655933,512
5473273470,512
5473274896,513
3141814027,513
3141817429,513
3158794148,514
3158794151,514
5473273067,514
5473273068,514
5473272882,514
5473272983,514
5473272984,514
3197339661,515
3170676206,515
3197339662,515
3272782432,516
1547013738,516
3272782431,516
3334162601,517
250325411,517
5565466177,518
4086232870,518
4086232871,518
3471375913,518
3629223884,518
3629223885,518
3528711722,519
3682538298,519
3578315456,520
3586606037,520
3586606038,521
3586606039,521
3629223881,522
3629223890,522
4086232866,522
3704225378,523
4085778924,523
4085778928,523
4866552625,523
4085778934,523
25066684,523
3725817386,524
6374802579,524
3763565961,525
8755808627,525
8755805305,525
10539068550,525
3809744584,526
3808627066,526
3808627061,526
3809744583,526
5977954180,527
3987750692,527
9673189926,527
6110164649,527
3850146457,527
6446292562,528
3887941012,528
5788363874,529
4208239642,529
5788363878,529
5907366887,529
5788363880,529
6978443788,529
4462680076,529
3972566705,529
3972566714,529
5839163740,529
3992885062,530
4697288399,530
4075008388,531
5565466174,531
4076095841,532
4076095834,532
4085778929,533
4085783103,533
4089885905,534
6294214898,534
4715264006,535
4715264007,535
9690915275,535
6014302222,535
9690915278,535
25475664,535
6014302224,535
6014302225,535
9216868143,535
9216868145,535
4136137529,535
4167762778,535
4715263995,535
4715263998,535
5160943808,536
4144358216,536
4144358217,536
5160943793,536
5160943794,536
5160943795,536
5160943796,536
5160943797,536
5160943798,536
5160943799,536
5160943800,536
8042031930,536
5160943803,536
5160943804,536
5160943806,536
5160943807,536
6288147785,537
6288147786,537
6218501757,537
4195103055,537
4211515569,538
108903,538
4275398720,539
4275398721,539
4275398723,539
4275398714,539
4275398716,539
4367041960,540
8755805313,540
4367041962,540
5177397824,540
4369519260,541
4369519219,541
4369519227,541
4369519206,541
4378043649,542
4378043667,542
4378043661,542
4378043662,542
7636278201,543
4401149234,543
7636278191,543
4688513244,544
6218501724,544
4688513245,544
4430996023,544
4430996028,545
4430996029,545
4530012705,546
4530012706,546
4530012707,546
4729385030,546
4729385031,546
4530012711,546
4530011788,546
4530012690,546
4530012691,546
4530012695,546
4530012696,546
5473272900,547
5473272902,547
5473272904,547
4534858543,547
5473272700,547
4571244660,548
5503142966,548
4665352264,549
4665352260,549
4665352261,549
4665352262,549
4665353643,550
4665353644,550
4665353660,551
4665353662,551
4675822093,552
4675822094,552
4675822097,552
4675822099,552
4675822100,552
4696545402,553
4697288390,553
367102039,553
4696545403,554
4697287188,554
25496851,555
4730978983,555
4773889323,556
4777885221,556
8497605091,556
4781199345,557
4781199346,557
4781199348,557
4781199350,557
4781199352,557
4781199354,557
4781199355,557
10311362148,558
10311362150,558
10311362154,558
8807441177,558
4866651961,558
5006063176,559
4691460851,559
6374802572,560
5006965588,560
5006965589,560
5009054889,561
5009054892,561
5046005789,562
5046005790,562
5046314074,563
5046314077,563
5060405441,564
5060405443,564
5060405444,564
5060405445,564
5060405461,565
1954751918,565
5094718794,566
5094718798,566
5095547184,567
5095547180,567
5095547181,567
5095547182,567
5141625635,568
5141625637,568
25067400,568
5141625655,568
5141625621,568
5141625654,568
5141625623,568
5141625653,568
5141625625,568
5141625630,568
5141625681,569
5141625699,569
5146186468,570
25067397,570
5146186470,570
6978459068,571
5177352922,571
5177352932,571
5238587992,572
6463234329,572
6463230640,572
5227220846,572
5242049139,573
6506796188,573
5335245256,574
5335245257,574
5468301601,575
10607626,575
5468301602,575
5471345385,576
308837357,576
9846850972,576
9846850973,576
9846850974,576
5473272896,577
5473272897,577
5473272899,577
5473272894,577
5473272895,577
5473273425,578
24950114,578
5473273788,579
5473273789,579
5473273790,579
5473273795,580
5473273796,580
5473273791,580
5473273803,581
5473273805,581
5473273798,581
5473274256,582
5473274257,582
5473274259,582
5473274252,582
5475684676,583
5475684680,583
5475684684,583
5475684621,583
5475675316,583
5564754892,584
5564410334,584
5580861153,585
5580861151,585
5609643623,586
5609643663,586
5609643664,586
5609643665,586
5609643670,586
5609643672,587
5609643675,587
5642519054,588
5839165751,588
5642519066,588
5642519068,588
5642519069,588
5733997920,589
5733997919,589
5904585328,590
27460439,590
5904615691,591
5904615694,591
9216868136,592
9216868137,592
5924603442,592
5924603450,593
6265654111,593
5927671120,594
5927671121,594
6218501748,595
6218501739,595
6218501740,595
10599654857,596
6218501758,596
6218501759,596
6266867113,597
6266867114,597
9690974277,597
6266867111,597
6369329170,598
6369329155,598
4076095262,598
6431923714,599
6431923715,599
6525701539,600
6525701540,600
6525701530,600
6525701533,600
6525701535,600
6606148797,601
6606148798,601
6855696504,602
6855696506,602
6855696496,602
6855696495,602
6855696497,603
6855696502,603
6855696503,603
6918421504,604
6918421508,604
6918421511,604
6918421512,604
6918421513,604
6948380400,605
6948380401,605
6116290274,605
6948380395,605
7223704403,606
7223704404,606
8785568222,606
7553887392,607
8869435273,607
8869435267,607
8869435272,607
7610670890,608
7610670892,608
7644741345,609
1233350847,609
7792756538,610
7792756539,610
7792756540,610
7792756672,611
7792756674,611
7792756676,611
7792756680,611
10543014371,612
10543014372,612
10543014373,612
7911267686,612
10543014374,612
10543014377,612
10543014379,612
10543014380,612
10543014386,612
10543014388,612
10543014362,612
10543014363,612
10543014367,612
8357847937,613
8357847938,613
8357847939,613
8357847927,613
8357847928,613
8357847929,613
8357847930,613
8357847931,613
8357847932,613
8357847933,613
8357847934,613
8500636794,614
5924603460,614
8515091587,615
8515091590,615
10579930791,616
10579930792,616
8783914189,616
8783914190,616
8604055549,616
8604055550,616
8620105277,617
8620105279,617
25532494,618
8807410150,618
8814668136,619
8814668135,619
8868010160,620
8868010162,620
250327159,620
8869435257,621
8869435266,621
9030284973,622
9030284975,622
9080098298,623
9080098299,623
25509513,624
9197589238,624
9524817681,625
9524817682,625
9690974273,626
9690974274,626
9804471701,627
9804471702,627
25496854,627
10241310755,628
25509526,628
10306423508,629
10306429309,629
10306429310,629
10306429319,629
10539068564,630
10539068565,630
2665239972,631
10539068590,631
10539589691,632
10539589692,632
