node_id,cluster_id
1596648673,0
1832129762,0
4076126468,0
7946372941,0
5516594509,0
104318,0
7946378610,1
104319,1
104320,2
10263444809,2
8868824851,2
20965803,2
104321,3
24951853,3
4922952366,3
4922952371,3
4922952373,3
104322,4
8869435268,4
7553887409,4
8869435288,4
8869435286,4
8869435287,4
25161368,4
8438226815,4
104323,5
7623861385,5
1532087855,5
295977520,5
2374491605,5
4715263991,5
4167762776,5
4715263993,5
2969438426,5
107584,6
251892950,6
107585,7
6218501751,7
1312188768,8
107586,8
8515091591,8
3375451566,8
4726152850,8
4726152852,8
4726152853,8
4726152857,8
4726152858,8
8043350334,8
8043350335,8
107587,9
1678245252,9
3381130090,9
3375451563,9
3381130092,9
3375451565,9
4688513230,9
4688513231,9
4688513237,9
4688513240,9
107588,10
2642857191,10
2538458887,10
5473274957,10
25248112,10
3715515059,10
1689605567,11
28418921,11
4136137525,11
107606,11
4136137527,11
25475770,11
5816744255,11
585124778,12
1951242858,12
107614,12
1864047135,12
107626,13
8807410154,13
1312454055,13
107627,14
8807410158,14
107632,15
6458938017,15
25161361,16
107634,16
5198585559,17
5198585557,17
5198585558,17
107638,17
5198585560,17
5198585561,17
5198585562,17
18468962,18
7926506531,18
9024139143,18
9024139144,18
2466442731,18
107641,18
7926506525,18
4866651969,19
1938819301,19
6055863205,19
10311362153,19
5046447437,19
8807441166,19
10311178960,19
10311178961,19
3656358067,19
25161365,19
8807441176,19
4866623226,19
107643,19
4866623228,19
4866623230,19
10311362114,20
10311362115,20
4729448869,20
10311178964,20
3664405913,20
8807441178,20
107644,20
1938819294,20
1726730049,21
4922952353,21
1726730082,21
107646,21
5207476608,22
5207476609,22
5207476611,22
5207476613,22
5207476616,22
4627445257,22
4627445261,22
10309458701,22
107667,22
10309472541,22
10309472542,22
10309472543,22
10309472544,22
10309472547,22
10309472548,22
10309472553,22
473265708,22
4627491632,22
473265346,22
10539856459,22
3696548432,22
3696548437,22
3696548438,22
1828402774,22
4627445215,22
10310609894,22
1938819302,22
4175059691,22
490946748,23
10309153027,23
107668,23
10309140683,23
107681,24
1401870340,24
1726730272,25
25577057,25
5342251136,25
1726730307,25
107684,25
1726730281,25
4379801706,25
5342251151,25
4329502449,25
1726730292,25
1726730295,25
1726730326,25
25500535,25
4379801694,25
25503848,26
1726730329,26
1726730354,26
107685,26
8785484288,27
7613626050,27
107686,27
7613626059,27
7613626060,27
7613626066,27
4530339699,27
7613626070,27
7613626042,27
7613626044,27
7613626045,27
7613626046,27
7613626047,27
1163955130,28
3229825173,28
107687,28
107692,29
2294047375,29
5736692334,30
107693,30
25496622,30
7223695326,30
338472586,31
338472589,31
6279388821,31
6279388822,31
6279388824,31
2458257563,31
1832129947,31
1832129951,31
343669793,31
8975700260,31
343669796,31
1364161197,31
5265953455,31
5265953457,31
5265953459,31
1364172237,31
1832129869,31
1832240590,31
1832129873,31
1832129878,31
1832240598,31
1832129881,31
1832129884,31
1832129888,31
6724775012,31
108389,31
6724775018,31
1832248428,31
1832248430,31
1364168178,31
1364168180,31
2458303223,31
1832129917,31
25495698,32
108391,32
390073160,33
108409,33
25632684,33
108845,34
5124166975,34
108871,35
4866475733,35
4866475736,35
5124166971,35
5124166973,35
1145174402,36
1145174413,36
4571238069,36
109403,36
355416892,36
109408,37
894485202,37
470727954,37
1236791504,37
1536948578,38
109412,38
109734,38
2504822135,38
1536948474,38
6509584413,38
109414,39
9030029183,39
25248128,40
109416,40
1497452171,40
25248115,40
25248119,40
2218344510,40
25248127,40
109728,41
25476134,41
5931509715,41
5931509718,41
5104314272,42
5104314275,42
5104314276,42
25067461,42
7824803495,42
25067463,42
109737,42
7824803497,42
10542989484,42
4166634957,42
4085778931,42
5104314264,42
5104314268,42
5104314269,42
5104314270,42
1951372959,42
109766,43
302013678,43
373402354,44
109780,44
9514602150,45
9514602151,45
9514602152,45
9514602153,45
4922952364,45
4922952370,45
109785,45
6166157035,46
109788,46
4823246342,47
1150003530,47
1685281260,47
1141415215,47
110143,47
1787108647,48
1787108648,48
1787108649,48
1787108650,48
110238,48
2293833763,49
5374174119,49
5880186827,49
5880186829,49
5880186830,49
5880186833,49
237908,49
3972566716,49
4150883407,50
4034060018,50
4197401811,50
4696544883,50
237911,50
4696545406,50
4530012702,51
6866779817,51
6866779818,51
282708,51
6866779798,51
6866779799,51
6866779802,51
4530012699,51
6866779806,51
4530012703,51
24661273,52
8807431546,52
2961540,52
24950109,52
24950113,53
8807431541,53
2961549,53
5473273604,54
5473274501,54
5473274502,54
5473273605,54
2538458888,54
8807431560,54
5473274506,54
5473273610,54
5473274507,54
2538458893,54
5473274508,54
5473273612,54
5473274503,54
8807431559,54
2538458898,54
5473273611,54
5473273613,54
2961557,54
5473273615,54
5473274519,54
5473273621,54
5473273623,54
5473272978,54
5473273622,54
5473273500,54
5473274525,54
5473274528,54
5473274529,54
5473274531,54
5473274532,54
5473274533,54
5473274534,54
5473273490,54
4534858546,54
4534858548,54
24950101,54
5473274710,54
24950102,54
5473273606,54
24950105,54
5473273607,54
5473274717,54
5473273571,54
5473274724,54
5473274725,54
5473273451,54
5473273069,54
5473273070,54
5473273071,54
5473273072,54
5473273457,54
24659709,54
3215687074,55
2961891,55
1312454086,55
4807512540,55
4807512541,55
747893184,56
7610670913,56
7610670912,56
25503876,56
7610670919,56
25503880,56
7610670920,56
25503885,56
10572178,56
1678452793,56
25503851,57
10572179,57
25503845,57
4643337143,58
4643337146,58
10572180,58
25471732,58
10572785,59
8972511963,59
25496748,59
8785568224,60
8785567914,60
8972441580,60
10572786,60
1985084095,60
1813618432,61
8989843465,61
10607127,61
10607128,61
1813618461,61
1813618463,61
1813618465,61
5041784489,61
1596655148,61
1596655149,61
1596655155,61
1813618484,61
5041784501,61
1813618358,61
1596655157,61
5041784633,61
1596655161,61
1813618365,61
1813618493,61
8868824899,61
8868824900,61
8868824901,61
1813618376,61
8868824911,61
8868824912,61
256766545,61
1366095189,61
1813618393,61
10004388708,61
10004388710,61
632447859,61
1813618424,61
1813618426,61
1813618429,61
1813618431,61
435104736,62
435104738,62
435104732,62
10607132,62
435104735,62
5470932256,63
5468301555,63
5470932252,63
10607629,63
1721713699,64
672061444,64
2406484455,64
1312188714,64
1721713677,64
10677374,64
8869464354,65
5046005731,65
5046005730,65
8869464357,65
5046005743,65
5043864464,65
8869435281,65
5046005745,65
1684511955,65
1718328435,65
1718328442,65
316763548,65
10677375,65
10677376,66
2642857203,66
5473274959,66
1832129960,67
1832248457,67
1832248458,67
5374174120,67
1832129962,67
7203717550,67
5374174224,67
5573931377,67
14672924,67
529722111,67
21307200,68
18393873,68
18395288,69
25161370,69
7610670751,70
7610670752,70
18395811,70
1268900644,70
10310609841,70
1268892338,70
10310609842,70
3664398006,70
3664398007,70
3664398009,70
1268900678,70
3474115151,70
10310609872,70
10311178967,70
10311178970,70
10310609885,70
10311362270,70
10311362271,70
10311362272,70
1725360097,70
10311178978,70
5976850019,70
5976850023,70
5976850024,70
10311178985,70
10311178991,70
7610670710,70
5006781409,71
8869472263,71
18398282,71
632438506,71
20460684,71
10577984012,71
8869472239,71
8869472242,71
4922952363,72
18468951,72
1938819328,73
1938819330,73
25161350,73
1938819335,73
25161351,73
25161352,73
1311962122,73
8807429662,73
8807429663,73
1311962016,73
2387194156,73
1678155318,73
1938819325,73
18468958,73
18468961,73
6369390690,73
6369390692,73
6369390696,73
6369390700,73
1938819317,73
1938819320,73
4830306810,73
4830306813,73
1938819326,73
20458277,74
250549587,74
4618510643,74
1312188692,74
4618510644,74
25497985,75
6978555522,75
5067002882,75
20460680,75
1684710025,75
3739049356,75
5733998227,75
968499092,75
5733998228,75
3739049366,75
3739049365,75
819132568,75
1684710044,75
1684781470,75
8975833905,75
6978563378,75
8975833911,75
256766532,75
256766533,75
748941508,75
1150003147,75
1150003532,75
6978557152,75
5041784423,75
5067002862,75
3739049327,75
1150003571,75
5067002867,75
6978555518,75
5609643647,75
1326821569,76
7553479208,76
20460681,76
7553479212,76
20460686,76
372050299,76
5238528591,77
20460687,77
20625793,78
10544409954,78
10544409957,78
10544409958,78
10544409959,78
10544409960,78
10544409928,78
10544409961,78
10544409963,78
10544409964,78
10544409930,78
10544409929,78
10544409966,78
10544409948,78
3616299208,79
20626282,79
8675201272,79
4777897926,79
4085778920,80
7824747306,80
20626301,80
1536948431,80
6446301329,80
4085778930,80
5146186589,80
5146186590,80
5146186591,80
5124166978,81
20626307,81
3796814729,82
20626311,82
20626312,83
7572522540,83
4866475729,83
4866475730,83
4866475734,83
1536948536,83
1852996954,83
7572522523,83
1536948477,83
2504847039,83
7572833352,84
7572833353,84
20626314,84
7572522513,85
20626316,85
7572522510,85
7572522511,85
3796774902,86
1777728708,86
20626317,86
20626318,86
1215563904,87
20965794,87
373364228,87
20965797,87
3229825163,87
3229825166,87
6369329166,87
5475684848,87
8868824852,87
5475684758,87
1215563895,87
8868824856,87
8868824857,87
5475684763,87
2398924896,88
20965798,88
20965800,88
2398924877,88
7946378606,88
2398924886,88
20965801,89
2398924898,89
25524297,90
3328228994,90
21392267,90
21392273,91
3972566713,91
21392276,92
4156336278,92
6606135977,93
6606135979,93
6606135983,93
21392279,93
3215685153,94
21523714,94
6218501730,94
6218501725,94
6218501761,94
3145798533,94
6218501736,94
6218501737,94
1678283242,94
6465896907,94
4726152844,94
6465896909,94
1678283247,94
6218501745,94
6218501746,94
471488469,94
5342236733,94
5342236734,94
21523718,95
1014649631,95
2934288512,96
10596794785,96
27459970,96
5165786242,96
5009060057,96
5165786245,96
21523719,96
4138224462,96
4138224463,96
5335233113,96
2934288510,96
1707790096,97
21563479,97
21563481,98
21563489,98
1617596646,99
1617596621,99
21563503,99
1617596627,99
1617596669,99
21563504,100
762080105,100
21563507,101
762080077,101
1020211942,102
1617596711,102
8785484298,102
21563508,102
8785484312,102
4530270906,102
269589467,102
6828921212,103
21563788,103
21565570,104
1835355913,104
1835355922,104
25504149,104
25504150,104
1835355929,104
1835355936,104
1835355940,104
1835355946,104
1835355955,104
1678452795,104
1835355972,104
1777727945,104
1777727947,104
1777727949,104
1777727950,104
1777727958,104
1777727960,104
1777727961,104
1777727962,104
1707790044,104
367105757,104
7223709667,104
1707790062,104
1793420660,104
1268892533,104
1268892541,104
21578454,105
8785568223,105
6863550501,106
21583366,106
4017328647,106
1419565097,106
25378129,106
2586616722,106
4462683090,107
21686572,107
4462680070,108
9203541611,108
9203541612,108
9236477422,108
21686574,108
21693787,109
25500239,109
21693795,110
8868824855,110
3515286913,111
3471375905,111
5565466183,111
1493676622,111
21990614,111
4556931604,112
21990622,112
21990624,113
21990625,113
2003007012,113
1779589718,113
250327100,113
21990627,114
475396924,114
5565443389,115
21990629,115
5565443390,116
21990630,116
8869464392,117
8869464378,117
5042033643,117
21990631,117
21990632,118
1718566886,118
1718566880,118
9820537993,119
4297243292,119
4297243295,119
9693963681,119
4297243298,119
9820538020,119
4297243301,119
4158004390,119
4297243306,119
710657963,119
1938953406,119
1938953413,119
748797126,119
9820537932,119
9820537933,119
355416911,119
4297242961,119
4297243218,119
748797145,119
1664571227,119
775984737,119
775984738,119
748797155,119
4297242983,119
422573549,119
21990638,119
1913216493,119
9820537981,119
9820537982,119
25161349,120
25161367,120
24658003,120
24658007,120
25066333,120
24659947,121
24949780,121
9693920796,122
9693920797,122
24660863,122
1418752689,123
24662037,123
25248129,124
25248130,124
24661419,124
24950061,124
1497452184,124
24950064,125
24660697,125
2538458889,126
25248113,126
25248114,126
2538458899,126
24950107,126
24950110,127
24950111,127
24950112,128
25248126,128
2378843907,129
1678226827,129
5473273227,129
25161362,129
25161363,129
5473273364,129
5473273368,129
5065949596,129
1678226846,129
5065949598,129
5473273379,129
4867087524,129
4867087532,129
3076574254,129
4867087535,129
3076574255,129
5473273139,129
5473273140,129
5473273141,129
5473273142,129
5473273399,129
5473273154,129
1312454094,129
6018098767,129
5473273295,129
5473273429,129
1678227031,129
5473273305,129
5141354330,129
5141354331,129
3153656028,129
5473272666,129
3153656030,129
5473272665,129
5473273441,129
24950115,129
8807431534,129
5473273326,129
8807431536,129
5473273332,129
5049840244,129
316763501,130
24950117,130
5046314043,131
25632860,131
24951854,131
10544113920,132
10544113922,132
24952195,132
10544113923,132
3887940999,132
2528522518,132
2528522524,132
2528522528,132
6985465124,132
6985465127,132
6985465130,132
6985465133,132
2528522542,132
2528522549,132
6886012733,132
1556324684,132
3385387604,132
3385387606,132
3385356250,132
25532273,132
1689387903,132
3887941010,133
24952268,133
6446269173,133
5087519104,134
25066338,134
25161347,134
5087519106,134
25066412,134
5090420611,135
25161348,135
5090420613,135
5090420614,135
5090420940,135
5090420941,135
25066419,135
8807429660,135
1717650794,136
25066451,136
25066453,136
25066784,137
25066694,137
25067264,138
25067265,138
25067298,138
25067266,139
1852996996,139
4085778922,139
4866552622,139
4866552623,139
6509584414,139
25067727,140
5104314096,140
25067728,140
5104314358,140
25067479,140
25067670,140
1719529597,140
1569312412,141
25067871,141
5141216792,142
5141216745,142
25067883,142
5141216790,142
6032044857,143
25067914,143
25067929,143
25067936,144
5141216742,144
5141216746,144
5141216782,144
5141216785,144
5141216787,144
25068755,145
25248117,145
4688513218,146
4688513221,146
4688513226,146
4688513227,146
25069265,146
25248120,146
25248122,146
25070924,147
25071133,147
25071136,148
25071145,148
2793874587,148
25071137,148
25151180,149
1832129958,149
25161346,150
4922952372,150
25161360,151
7906964248,151
25161371,152
28800667,152
7824747302,153
4085778919,153
4085778927,153
700774224,153
6967585841,153
6967585842,153
6967585843,153
1827389620,153
1782727992,153
25161373,153
7824747295,153
4085783105,154
5141228834,154
4085783107,154
4085783106,154
10543014339,154
7911267685,154
10543014343,154
7911267688,154
10543014346,154
6032044874,154
1722621711,154
1722621718,154
7911231384,154
6446292570,154
6446292571,154
25161375,154
3375451555,155
25248123,155
25248124,155
30056277,155
25248125,156
1211381855,156
10306429318,157
4166634955,157
4166634961,157
4166634962,157
5340811825,157
6446292564,157
25265077,157
3887941013,157
4085783099,157
2059790748,157
10306429312,158
10306423498,158
10306423499,158
25265080,158
2278320154,158
25438595,159
25438732,159
25504129,160
25504134,160
2005131543,160
25503869,160
25470782,160
25471090,161
2036181339,161
1309180610,162
1309180612,162
1723389067,162
7792756412,162
7792756414,162
25471135,162
1309180608,163
25471274,163
7447565849,163
25632854,163
7447637305,163
7447637306,163
3691462888,164
25471289,164
2036185421,165
25472215,165
2294047355,166
25472324,166
321255907,166
4675821921,167
4675821924,167
4675821925,167
4675821931,167
4675821932,167
762080111,167
4675821944,167
25472379,167
4675821968,168
6483733489,168
25472428,168
6483733493,168
25472800,169
2940401398,169
25472890,170
1617647934,170
4675822095,170
1311962080,171
25473200,171
25473199,171
25473204,172
25473205,172
6871422361,173
5041784634,173
25473207,173
5574049698,174
5574049700,174
5574049702,174
5574049703,174
6779394887,174
5574049707,174
5574049709,174
4136124526,174
5574049717,174
25473279,174
25474005,175
25474015,175
25474019,176
5976760444,176
5976760446,176
9694091976,177
9694091978,177
25475053,177
9694091983,177
9694091984,177
25475072,178
585180151,178
7236131862,178
6332695639,178
6332695642,178
25475330,179
25475332,179
1617647944,179
25475182,179
762080145,179
762080190,179
25475328,180
9700060290,180
9700060291,180
9700060292,180
1155552322,180
1155552319,180
1990912136,180
1951242857,180
3385332654,180
9683686963,180
1990912115,180
4832472797,180
1137777343,180
1617647945,181
8785484306,181
25475331,181
1617596714,181
9135845216,182
25475417,182
3733791671,182
1233350889,183
283061836,183
1233350862,183
675734610,183
1402070363,183
675734613,183
25475419,183
1402070364,183
1402070365,183
675734622,183
25475561,184
9690878337,184
25475550,184
9699961628,185
25475661,185
1796137508,185
9690915267,186
8064065316,186
25475663,186
4298970368,187
4298970372,187
4298970376,187
4298970380,187
4298970384,187
4298970388,187
4298971293,187
9820538021,187
9820538022,187
6828863694,187
6828863697,187
25499093,187
355416920,187
9576827482,187
25475674,187
4297054053,187
25475693,187
108406,187
4298970364,187
6696695781,188
25475678,188
25475688,189
25475690,189
9820538027,189
25499095,189
435104728,190
25475694,190
25475712,191
8064065315,191
25475754,192
1493229962,192
28728208,193
25477106,193
28728205,193
306439304,194
8632535522,194
25477149,194
8632535535,194
306439310,195
8632535532,195
25477150,195
306439338,196
25477154,196
306439329,197
25477156,197
25477197,198
2402557839,198
2935373159,199
249558409,199
25477228,199
25477301,199
25477335,199
3735886877,199
1327865956,200
57786953,200
3673602988,200
3809870260,200
25477339,200
5925626143,200
28419328,201
3528738439,201
3528738440,201
5257738380,201
5257738381,201
5257738382,201
5257738383,201
5257738384,201
5257738385,201
5257738386,201
5257738387,201
5257738388,201
2934411667,201
5174828980,201
5174825175,201
5174825176,201
251757533,201
5174825183,201
25477371,201
249679102,201
819157946,202
25477858,202
3661703766,202
1832052008,203
25495542,203
1832129783,203
25495617,204
25495618,204
350437608,204
5976672308,204
1816038230,204
25495769,204
10543800252,204
8645592520,205
8645592521,205
25495858,205
25495639,205
25495640,205
25495648,206
5014591895,206
25495646,206
1953202903,206
1832227968,207
1832227873,207
1832228035,207
1832227972,207
343669798,207
1832228039,207
1832129835,207
1832129807,207
1832228016,207
1832227996,207
1832129821,207
25495807,207
6354294763,208
25495820,208
1834657466,208
6354294779,208
1834657469,208
350437528,209
4275394254,209
25495822,209
25495857,210
269550332,210
4689775161,210
759123955,211
25496100,211
269550896,212
25496617,212
269550331,212
323262310,213
25496623,213
7279228683,214
25496773,214
25496777,215
8972511964,215
25496785,216
8972441125,216
1985084137,217
25496787,217
1985084135,217
25496800,218
5014591889,218
1816038199,218
8972441579,219
5265830862,219
25496815,219
25496825,220
5060391418,220
5060391821,220
1832129794,221
25496847,221
1832129776,221
1832129778,221
4077495826,221
1832129785,221
1684437690,221
1684437692,221
1832129789,221
25496920,222
4920098344,222
9820537921,223
9820537954,223
9820537955,223
9820537957,223
108393,223
7947041713,223
1326821457,223
9820537917,223
4571238068,223
9820538002,223
9820538006,223
9820538004,223
1601797458,223
5095890460,223
1938953431,223
25497340,223
1938953437,223
25497603,224
1547657140,224
9693963688,225
1816705193,225
25497619,225
1816705177,225
1816705183,225
2480657188,226
25632678,226
2480657190,226
25497968,226
2135411293,226
25497978,227
25497979,227
2755124807,227
2755124815,227
1150003329,228
25497981,228
6374802559,229
1723388988,229
25497997,229
390073175,229
1685281025,230
1685281029,230
1685281031,230
1685281032,230
1685281035,230
1685281041,230
1685281045,230
1685281175,230
25498010,230
1686463389,230
1685281053,230
1686463392,230
1685281056,230
1685281058,230
1685281061,230
1685281063,230
1685281064,230
1686463794,230
1685281075,230
1141415220,230
1685281077,230
1685281087,230
1686463428,230
1685281104,230
1685281123,230
1685281003,230
1685281010,230
1685281011,230
1685281013,230
1685281017,230
1685281020,230
1685281021,230
250550447,231
25498015,231
25498016,232
6569580040,232
25498018,233
6374802582,233
7792756713,234
25498026,234
5711517565,235
25499655,235
4378043682,236
25500246,236
25500427,237
8868824844,237
20965799,237
25503841,238
25471681,238
1726730303,238
748885408,239
4240028578,239
4240028580,239
25503862,239
25503865,240
4643337012,240
5114681227,241
8785457870,241
8785457871,241
25504143,241
5114681230,241
1726730162,241
25504144,241
1726730165,241
7607080091,241
7607080092,241
25504145,242
25504146,242
25504148,242
25504753,243
7827997819,243
4627491645,243
25505679,244
9988193967,244
25505607,244
4962956931,245
1828402760,245
9611081868,245
1938819283,245
2012969972,245
25505629,245
25509533,246
25509527,246
5223919938,247
25532332,247
5473273376,248
1951616261,248
1951616268,248
5473273433,248
5473273363,248
1951616276,248
1782714747,248
25532377,248
5473273435,248
5473273372,248
5473273373,248
25532384,249
5238587994,249
1951616319,249
25532464,250
8807410152,250
5340811717,251
5340811719,251
5340811720,251
1401459399,251
1401459400,251
1401459403,251
25544110,251
5340811707,251
2577040703,251
316763600,252
316763586,252
25632859,252
25632864,253
25632865,253
1150003264,254
1141487746,254
25632870,254
5067002855,254
1150003247,254
8784212017,254
8784177716,254
5306194265,255
25634199,255
761830989,256
761831057,256
270110481,256
26374230,256
26374231,256
761831004,256
761831037,256
7271474850,257
7271474852,257
7271474841,257
26374236,257
26374237,257
1566270021,258
5768339816,258
5768339817,258
1566270409,258
692162559,258
30057965,258
27481039,258
27481040,258
27481041,258
692162514,258
5342236721,258
27481044,258
30056280,258
27458331,258
692162527,258
5342236739,259
1550763620,259
5342236740,259
27458353,259
471488472,259
6995618979,260
9080098315,260
9080098316,260
27459120,260
302013776,260
1014803736,261
28418497,261
2935392676,261
3528738438,261
9080098310,261
3073173585,261
9030037139,261
3528710291,261
2914561272,261
2914561274,261
27459165,261
4430996033,262
27459971,262
3906588452,262
3247933381,262
2934288518,262
3906588454,262
27459729,262
2934288530,262
27460198,263
843376594,263
2870261844,263
27459830,263
6995618971,263
3906588446,263
27459905,264
429346242,264
1312471267,264
429346243,264
742399752,264
4629462859,264
429346253,264
28418877,264
3906588448,265
27460226,265
3930921860,265
251892523,265
3708234956,265
3708234955,265
3708234957,265
4089885906,265
3932064154,265
3932064156,265
3932064957,265
27480957,266
347542742,266
347542743,266
27480960,267
9678821156,267
28193265,268
3170676207,268
302013688,269
3892081377,269
3892081378,269
3892081382,269
4344245894,269
7817162919,269
1014803704,269
28418138,269
3892081373,269
2140124996,270
249679365,270
1014803691,270
302013682,270
28418141,270
28418144,271
4344245892,271
4344245893,271
249679168,272
28418580,272
4155841816,273
843376610,273
32838084,273
28418859,273
843376591,273
4223357841,273
4155841810,273
4155841811,273
3632581622,273
4430996024,273
4155841818,273
4430996027,273
4155841820,273
5106520280,274
28418909,274
3984132032,275
3984132036,275
3984132037,275
302013708,275
4422013486,275
4089885902,275
28418929,275
2990651905,276
1758552547,276
1758552521,276
1758552522,276
1758552555,276
1758552524,276
1758552559,276
1758552592,276
2990664881,276
28800660,276
1758552541,276
1401908258,277
250550174,277
28800661,277
28800662,277
1758552682,278
5040168491,278
1759454378,278
1759454351,278
973128722,278
28800663,278
2990716985,278
8869464371,279
28800668,279
8869464390,280
5041945479,280
250550024,280
5041945480,280
250550023,280
873809385,280
8869464398,280
8869464407,280
1343823418,280
28800670,280
3375451561,281
30056255,281
1547392865,282
30056330,282
5580861156,282
707377287,282
32825440,283
843376569,283
32825442,284
843376588,284
32921724,285
761830991,285
32921728,286
32921729,286
32921731,286
4697525030,286
4697525032,286
1401849768,286
26374229,286
270110053,287
270110054,287
32921737,287
32921738,287
270109325,287
751837551,287
751837591,287
32921748,288
32921743,288
8785567909,289
7223668012,289
5006063180,289
33141178,289
1148276284,289
3741131608,290
149431715,290
3247824558,291
149451622,291
1685276643,292
250549700,292
250549699,292
8868010217,292
213668842,292
213668844,292
8868010221,292
8868010202,292
8868010204,292
255700677,293
250327547,293
2642878644,293
213672005,293
2987752071,294
2987752073,294
2990717001,294
2987752074,294
5269670540,294
244128951,294
2990716984,294
249558964,295
1042862718,295
7815533545,296
7815533546,296
249558966,296
249559005,297
302013662,297
249560091,298
7900221087,298
4116809027,299
249679343,299
4948602211,300
3168378376,300
4949004105,300
4949004106,300
249679407,300
670103314,300
249679418,300
3068270516,301
3068270518,301
7817166393,301
249679420,301
7817166397,301
1401416208,302
250326914,302
250327037,303
1310663631,303
250327576,304
2642612586,304
338319877,305
1271804564,305
2129578133,305
4317178392,305
4317187494,305
2560785849,305
1255487162,305
1039290561,305
4511948225,305
1255487171,305
1255487174,305
1255487176,305
1255487177,305
4511972301,305
4511972302,305
1255487187,305
3152307669,305
4383581281,305
1039290594,305
7151566952,305
250327660,305
4382350190,305
3637436403,305
3637436404,305
4382273404,305
4317211389,305
4453606953,306
250549282,306
4224123324,306
4453606958,306
3114645200,307
354886082,307
250549670,307
3550836104,308
251757458,308
251757452,308
3550836102,308
1039290567,309
5242815659,309
1039322102,309
251757615,309
251892754,310
6218501742,310
252601811,311
4430996044,311
252729234,312
4726152859,312
4726152860,312
256766536,313
256766537,313
473267328,314
10309153025,314
1649365762,314
4158223748,314
1649365764,314
3763565959,314
8620105223,314
473268999,314
1678452753,314
1649365780,314
1668112790,314
1813794712,314
1813794713,314
6137798425,314
1668112792,314
1239549084,314
1649365789,314
268124704,314
3267461666,314
1649365797,314
1905779367,314
1649365800,314
1905779369,314
5177397419,314
5009054894,314
8620105262,314
1777740337,314
5009054898,314
1649365810,314
419632307,314
10539068598,314
3972566710,314
1649365816,314
368044217,314
1649365820,314
5177397822,314
5177397823,314
5177397825,314
5177397826,314
5177397828,314
1707790023,314
4197401800,314
4197401802,314
1777742666,314
10309140686,314
4150883409,314
4197401813,314
864817628,314
473266524,314
4034060007,314
2360681703,314
8755808618,314
2360681709,314
473269102,314
4034060015,314
1955520879,314
4034060017,314
2360681711,314
2265065203,314
2360681716,314
2360681713,314
2265065207,314
10309153022,314
10309153023,314
1837610896,315
1163955034,315
269547420,315
1837610895,315
269550786,316
8373690819,316
269550898,316
4689775126,316
8785484313,316
269550330,316
269550783,316
10196915587,317
10196915588,317
10196915589,317
321255911,317
10196915593,317
270109326,317
270109327,317
270112540,317
270110142,317
751837736,318
2134066506,318
1419544142,318
270109370,318
1419544126,318
270112539,319
321255910,319
4529839800,320
277337783,320
283062189,321
690295047,321
302013666,322
302013668,322
302013672,323
27480956,323
302013683,324
7899973206,324
4344245890,325
302013685,325
472493763,326
9080123621,326
6969936102,326
6969936104,326
6969936106,326
6969936108,326
6969936109,326
6969936110,326
302013777,326
6969936114,326
6969936115,326
6969936116,326
6969936117,326
316763513,327
316763500,327
2990806415,328
1759454163,328
2990806411,328
316763559,328
316763584,329
5046627553,329
1215563891,329
5046627645,329
316763595,330
316763590,330
323260106,331
1816038214,331
4275394255,332
350377999,332
1832052016,333
350628799,333
3257317059,334
4729480806,334
4729480807,334
355416887,334
3830441937,334
4571244663,334
24950104,335
2538458904,335
357999964,335
367121266,336
3708234964,336
1547013743,336
7644741346,337
7644741348,337
6110164647,337
377490664,337
1312932849,337
10013517434,337
7644741343,337
1686463489,338
1686463523,338
3739049325,338
1686463503,338
1686463471,338
1686463505,338
1686463476,338
1686463510,338
390073208,338
4085767970,339
419350723,339
4085767979,339
4089236236,339
419350669,339
1536948492,339
4166634960,339
4534184514,340
429346236,340
27459198,340
429346241,341
4534184515,341
1813618288,342
435104715,342
435104717,342
1723340842,343
435104742,343
8972511962,344
438170475,344
5711517570,345
5711517571,345
4703559689,345
5479654172,345
5479654175,345
5479654177,345
2331184930,345
2331184932,345
2331184935,345
1723388979,345
446765895,345
446765900,345
5479655630,345
4703542485,345
4703542486,345
6525670236,345
6525670237,345
2135411294,345
2135389151,345
2135411296,345
2135411297,345
6525670242,345
7882485394,346
10308697502,346
469785734,346
470727722,347
4822267094,347
1707790074,347
8807441179,348
10311362236,348
470729237,348
1655418222,348
8785457865,349
470729292,349
1835355965,349
1678452796,349
471488499,350
1493722803,350
473219610,351
10543014340,351
10542989479,351
2137096880,352
473257581,352
473258313,353
10543014390,353
6458938007,353
6458938008,353
5905893980,353
473264514,354
4627491650,354
4627445252,354
4627445253,354
4627445254,354
4627445240,354
473264937,354
7179983946,354
7179983947,354
4627445260,354
4627445241,354
10310609879,354
3696548440,354
10310609881,354
10310609852,354
490947124,355
490947077,355
9135848928,356
585130362,356
9683400934,357
4085387943,357
4085387945,357
5574051321,357
4166219502,357
8031801454,357
5574049719,357
3999987604,357
9683633717,357
9683633718,357
5574049718,357
4085600696,357
4229228089,357
4085600698,357
585148380,357
1561411396,358
585201189,358
4462680068,359
7840712839,359
4462680078,359
5642519055,359
5642519056,359
5642519060,359
595709975,359
5573994014,359
5573994016,359
5573994020,359
1360122937,359
4512763345,359
4512763347,359
5839155672,359
1360122841,359
5460658138,359
1360122860,359
5573931376,359
1360122866,359
5573931380,359
5573931381,359
5573931384,359
3068267824,360
670103313,360
3068267825,360
673420216,361
1563638022,361
5335245254,362
1566269741,362
692162510,362
4117882857,363
2528522547,363
694824861,363
697044225,364
707377382,364
5904615699,365
713363180,365
2528483742,365
4715264001,366
4715264002,366
4715264004,366
722208263,366
4715263992,366
4136137530,366
1609966639,367
4370333651,367
4370333653,367
748799641,367
4370333657,367
751837654,368
751837622,368
761830981,369
761830987,369
9566848716,369
761831019,369
761831023,369
761831000,369
761831007,369
796809545,370
8497605078,370
3809744384,371
3809744385,371
3809744386,371
3809744387,371
3809744389,371
3809744390,371
3809744392,371
3809744395,371
3809744396,371
3809744398,371
3809744400,371
3809744401,371
3809744403,371
3809744404,371
906172949,371
3809744406,371
3809744409,371
3809744412,371
3809744414,371
3809744415,371
3809744416,371
3809744417,371
3809744418,371
3809744419,371
3809744421,371
1150003237,371
3809744423,371
3809744426,371
3809744430,371
3809744431,371
3809744432,371
3809744433,371
3809744434,371
3809744436,371
3809744439,371
3809744443,371
3809744444,371
3809744446,371
3805378111,371
1390303296,371
3805378113,371
3805378114,371
3809744451,371
3805378116,371
3809744453,371
3805378117,371
3805378119,371
3805378120,371
3805378121,371
3805378122,371
3805378123,371
3805378124,371
3629217348,371
1327865952,371
1327865953,371
1327865957,371
3808625773,371
3808625778,371
3808625780,371
3808625782,371
3808625785,371
3808625786,371
3808625791,371
3808625796,371
4749094023,371
1271712905,371
4749094026,371
3808625804,371
1271712911,371
3808625809,371
1271712914,371
2129578132,371
1271712920,371
1271712922,371
2129578142,371
1271712931,371
1271712934,371
3808625831,371
3808626859,371
3808626860,371
3808625835,371
3809744558,371
3808626862,371
3808625837,371
9030284977,371
3808626865,371
3808625843,371
3808626868,371
3809744565,371
3808626869,371
9030284983,371
3808626872,371
1150003385,371
3808625844,371
3809744571,371
3809744572,371
1271712957,371
806373565,371
3808625855,371
3808625853,371
3808626878,371
3808626882,371
3808625854,371
3808626884,371
3808626886,371
3808626887,371
3808626893,371
3808626895,371
3808626896,371
3808626902,371
3808626904,371
3808626905,371
8210567392,371
3808626913,371
3808626914,371
8210567395,371
3808626912,371
8210567396,371
8210567401,371
8210567402,371
3808626923,371
3808626922,371
6574794989,371
3808626929,371
3805378112,371
3808626934,371
3808626935,371
1255320311,371
3629217345,371
3808626940,371
3808626941,371
3629217346,371
3808626945,371
3629217347,371
3808626947,371
251757321,371
1255490314,371
3733299982,371
1255320339,371
3733299988,371
1255320354,371
1255320363,371
4316822830,371
1255320367,371
8042031957,371
8042031958,371
1271774552,371
3805122394,371
3805122396,371
3988141441,371
3988141442,371
1255369105,371
1255369111,371
1255369125,371
1255369128,371
1255369135,371
3093894066,371
1255369140,371
3809870261,371
3809870262,371
3809870264,371
3809870265,371
3809870266,371
3809870267,371
1255369148,371
3809870269,371
3809870270,371
3809870272,371
3809870273,371
1255369152,371
1255369156,371
3809870277,371
1255369159,371
3809870281,371
3809870283,371
3809870287,371
3809870288,371
3808626871,371
1271712946,371
2254629351,371
4316823023,371
3809744380,371
3809744381,371
3809744383,371
6446218920,372
811035012,372
6446229925,372
835390894,373
835390887,373
4155841827,374
843376643,374
1759454211,375
5060388105,375
5060388107,375
5060388110,375
875789647,375
1759454222,375
5060388115,375
1311962012,375
5146186489,376
950703626,376
956233216,377
956233215,377
3894948098,378
3894948099,378
3894948100,378
1042862659,378
1014803686,378
7817166407,378
3892081384,378
3014236570,378
3014236566,378
3014236567,378
3186593720,378
3014236569,378
3186593722,378
3894948091,378
3894948093,378
1039322041,379
5174825178,379
5174825180,379
5174825181,379
4922952374,380
4922952365,380
1046306670,380
1141415202,381
1150003340,381
1150003503,381
5060405434,382
1141487723,382
1145174417,383
1145174418,383
9805100783,383
1816705135,383
1261120402,384
1145174435,384
1145174437,384
1816609498,385
1145174508,385
1145174501,385
1816777820,385
1150003141,386
5609643622,386
1150003479,386
1150003155,387
5060405427,387
5060405430,387
5060405429,387
1150003224,388
1150003170,388
1150003563,388
1150003238,388
1813618304,389
3739049382,389
1401893675,389
1150003472,389
25473202,389
1150003197,389
6816821186,390
5609643682,390
5609643652,390
5609643653,390
5609643686,390
5609643685,390
5609643656,390
5609643687,390
1150003213,390
5609643662,390
5609643673,390
5609643674,390
5609643676,390
1150003270,391
1309067472,391
1493658224,391
1685281076,391
1685281079,391
1150003289,392
5040168489,392
1150003400,393
1731225575,393
1238259337,394
1731235492,394
1731235606,394
1150003423,394
5565486432,395
1150003480,395
3197339673,395
1150003547,395
5565487612,395
1731225566,395
1163955119,396
1401870341,396
1163955037,396
5353114285,396
1233353464,397
1233353467,397
1237876710,398
1237876703,398
8429812517,399
1237883773,399
1736734053,400
1238249900,400
1238249901,400
1238249904,400
7900221108,400
1255491496,401
1255369133,401
4511972303,401
1255491504,401
4511972304,401
1255491506,401
1255487160,402
1255487172,402
1255487166,402
4158122222,403
5353127105,403
1261120430,403
4158122223,403
1268903266,404
10541894095,404
10541894097,404
4627445239,404
10310609849,404
1722268388,405
2387232554,405
2387232559,405
1722268367,405
1280491924,405
1280491926,405
1722268381,405
3741117630,405
2402557599,405
4807521484,406
1309067471,406
3741131600,406
3320754320,406
3320754322,406
7636278195,406
7636278196,406
7636278193,406
7636278198,406
7636278200,406
1723315608,406
7636278199,406
7636244314,406
2545230474,407
1312188614,407
2538458897,408
1312188886,408
2218344503,408
5473274891,409
1365887500,409
3136311315,409
3136311316,409
8807429659,409
5473274911,409
5473274969,409
2218340965,409
5473274990,409
5473273966,409
5473273968,409
5473273967,409
4861365369,409
4861365370,409
4861365372,409
5473275004,409
5473274493,409
5473274494,409
4861365383,409
3136301730,409
3136301731,409
5473274540,409
7223365368,409
1939558651,409
2622212860,409
7223365372,409
2622212862,409
1939558655,409
2622212865,409
1939558661,409
2538458886,409
1939558663,409
3136301320,409
3136301321,409
1939558666,409
1939558667,409
3136301324,409
3136301325,409
2538458894,409
2538458895,409
3136301328,409
1939558672,409
2622212878,409
2622212885,409
2538458903,409
2622212887,409
2538458905,409
1939558681,409
2528522522,409
1939558684,409
2622212889,409
3139677982,409
1939558687,409
2622212895,409
2622212897,409
3139705124,409
2622212903,409
1939558697,409
1939558700,409
2622212914,409
2622212925,409
2622212927,409
2622222657,409
2622222658,409
2622222659,409
2622212930,409
2622212933,409
2622212937,409
2622212939,409
2622222668,409
2622212941,409
2622212942,409
4866976614,409
5473274242,409
1312264600,409
1733389278,409
2218362849,409
5473274866,409
5473274867,409
3741078112,410
1312319838,410
1939632514,411
2923703875,411
1939632519,411
1312335310,411
3870640530,411
3272712566,412
3272782406,412
1312454087,412
1326821568,413
3830441923,413
3197339666,414
3197339667,414
1327865950,414
3794876751,414
25497611,415
8868824913,415
8868824914,415
1366095187,415
1813618228,415
1813618229,415
6871422360,415
1401893666,416
3739049383,416
1401926435,417
2387194149,417
2387194150,417
2387194123,417
2387194127,417
2387194128,417
2387194131,417
2387194133,417
8807429661,417
1547013592,418
1547013588,418
1547013574,418
1547013589,419
8807410151,419
1547013667,420
4402594986,420
1547013655,420
4402629177,420
4402629178,420
4402629180,420
1547013699,421
1550763732,421
1547013705,422
8807410149,422
4619022513,423
4619022514,423
6600283121,423
1547013754,423
3830029915,423
3830043581,423
1547392771,424
1547392927,424
1547657104,425
8064065323,425
8064065324,425
6218468163,426
1550763708,426
9704122317,426
6218468164,426
1556097098,427
1951372909,427
10306429333,427
1556097245,427
1951372927,427
5905897286,428
1556097111,428
1556097177,429
5905896973,429
1556097166,429
1556097306,430
1556097431,430
4169714272,431
7911282826,431
10306429323,431
1556097326,431
10306429327,431
8675201264,431
10306429328,431
4169714270,431
4169714271,431
1556097387,432
6446229933,432
3887941007,432
1556260024,433
3887941009,433
6446256190,433
1587318992,434
1587318999,434
1817617689,435
1596648669,435
1596648671,435
1599652497,436
5503142970,436
1599652492,436
5503142969,436
1617532088,437
4697287185,437
4696544876,437
4663312759,437
25473048,438
1617596591,438
1617596593,439
3328228993,439
6866592992,440
6866516262,440
2453947051,440
1637578547,440
1637578516,440
6866516278,440
1637578522,440
1637578551,441
1637578535,441
1649365894,442
1649365878,442
1664571236,443
1664571164,443
1664571229,443
1668135493,444
5565475799,444
10539068544,445
6509684096,445
10539589696,445
10539589701,445
1828402758,445
4085767974,445
10539589704,445
2665239978,445
10539589707,445
1678452780,445
10539589706,445
4085767983,445
10539648210,445
2620105428,445
4085767989,445
1678452788,446
1678452789,446
7610670769,447
7610670771,447
1678452790,447
8785457866,448
8785457867,448
1793420652,448
1835355964,448
1678452797,448
6816821193,449
1684781436,449
1684781421,449
6014333809,450
1684835019,450
1684835062,450
1684835097,450
1684835152,451
1684835156,451
4823246344,452
1684835241,452
1685281046,452
1686463397,453
1685281006,453
1685281036,454
1685281022,454
1707790024,455
1707790026,455
7223709668,456
7223709669,456
1707790029,456
1726730033,456
1835355931,456
7223709662,456
1707790055,457
1707790057,457
4650375504,457
4650375505,457
1707790067,457
4650375508,457
4658088539,457
1955520890,457
3972566715,457
1707790105,458
6828921210,458
6828921211,458
1717643512,459
1717643505,459
1722621701,460
1719663634,460
1719661631,460
1719529599,460
1723388970,461
1723388957,461
1723388960,462
1723388981,462
1723388974,462
1723388976,463
1723388986,463
1835355944,464
1726730043,464
1726730080,465
1726730120,465
1726730123,465
1835356013,465
1726730167,465
6458938011,466
6446292572,466
1727515734,466
1728472241,467
1731235489,467
1731235534,468
1731235511,468
1731235545,469
1731235557,469
1731235558,469
1733389217,470
1733389314,470
1733389249,470
1733389349,470
5334381837,470
2990651904,471
2990651906,471
2990651907,471
2990651908,471
2990651909,471
2990651910,471
2990651911,471
2990651912,471
2990651914,471
2990651918,471
1758552597,471
1759454305,472
2990806410,472
1758554291,472
2990780039,472
1761598585,473
6866779810,473
2920433449,474
1787108626,474
3107212073,475
1816609486,475
1816705152,476
1816705180,476
1816705168,476
1816705175,476
1816705250,477
1816705227,477
1816705235,477
1816705242,477
1816705246,477
1816777873,478
1816777874,478
4158000323,479
1816959492,479
4142725558,479
1817617691,480
1817617692,480
1832129809,481
4462680082,481
1832129796,481
1832228100,482
1832228080,482
1832228112,482
1832228144,482
1832228083,482
1832228115,482
1832228120,482
1832228159,482
1832666001,483
1832665997,483
1835355953,484
1835355961,484
1882379248,485
10090013713,485
10090013714,485
2306288080,485
3247578846,485
3987750688,486
5269678593,486
1951190474,486
1951616322,487
5096270631,487
1990694620,488
1990694647,488
2502545024,489
9619940387,489
1990912102,489
1990912134,489
4117896490,489
2502545041,489
9683400946,489
9678366518,489
9678523000,489
8031800090,489
8031800092,489
8031800094,489
2118622488,490
2118622487,490
5768339777,491
2140124982,491
2140124983,491
2168949324,492
2168949325,492
8814668137,493
2197518969,493
8814668138,493
8814668133,493
5342236744,494
5641663538,494
5342236723,494
5342236724,494
5641663539,494
5342236728,494
2203268985,494
5342229818,494
6218501723,494
3265436260,495
4175081594,495
2341656968,495
4085747017,495
4697287178,495
4697287177,495
3911044734,495
4696568110,495
4174200048,495
3265436691,495
4696544885,495
4175081593,495
4166662874,495
4166662878,495
2453947049,496
4211515634,496
2466442741,497
2466442743,497
2480657186,498
5060405446,498
6867581464,499
6867581465,499
2528483741,499
2528484781,499
3247589712,500
6569580044,500
6569580045,500
2531863975,500
2531863977,501
2531863978,501
2566132610,502
2566132611,502
2642857197,503
2642857199,503
6995618977,504
2872704413,504
2935373301,505
3809870263,505
2941549928,506
3519324894,506
2990651920,507
2990651921,507
3739049344,508
2990721387,508
5992797788,508
3739049346,509
2990732269,509
3081980920,510
3081980922,510
4749090120,511
3093897990,511
3100169049,512
107637,512
6116290280,513
5473274253,513
5473274254,513
5473274260,513
3139655930,513
3139655933,513
5473273470,513
5473274896,514
3141814027,514
3141817429,514
3158794148,515
3158794151,515
5473273067,515
5473273068,515
5473272882,515
5473272983,515
5473272984,515
3197339661,516
3170676206,516
3197339662,516
3197339674,517
3197339676,517
5565486434,517
3247825561,518
3247825562,518
3741131606,518
3272782432,519
1547013738,519
3272782431,519
3334162601,520
250325411,520
5565466177,521
4086232870,521
4086232871,521
3471375913,521
3629223884,521
3629223885,521
3528711722,522
3682538298,522
3578315456,523
3586606037,523
3586606038,524
3586606039,524
3629223881,525
3629223890,525
3704225378,526
4085778924,526
4085778928,526
4866552625,526
4085778934,526
25066684,526
3763565961,527
8755808627,527
8755805305,527
10539068550,527
3809744584,528
3808627066,528
3808627061,528
3809744583,528
5977954180,529
3987750692,529
9673189926,529
6110164649,529
3850146457,529
6446292562,530
3887941012,530
5788363874,531
4208239642,531
5788363878,531
5907366887,531
5788363880,531
6978443788,531
4462680076,531
3972566705,531
3972566714,531
5839163740,531
3992885062,532
4697288399,532
4075008388,533
5565466174,533
4076095797,534
4076095791,534
4076095841,535
4076095834,535
4085778929,536
4085783103,536
5201625537,537
5201625539,537
5201625541,537
5146186503,537
5146186504,537
5146186505,537
5146186507,537
6967585840,537
4085778933,537
6967585845,537
6446304190,537
5201625535,537
4089885905,538
6294214898,538
4715264006,539
4715264007,539
9690915275,539
6014302222,539
9690915278,539
25475664,539
6014302224,539
6014302225,539
4136137529,539
4167762778,539
4715263995,539
4715263998,539
5160943808,540
4144358216,540
4144358217,540
5160943793,540
5160943794,540
5160943795,540
5160943796,540
5160943797,540
5160943798,540
5160943799,540
5160943800,540
8042031930,540
5160943803,540
5160943804,540
5160943806,540
5160943807,540
6288147785,541
6288147786,541
6218501757,541
4195103055,541
4211515569,542
108903,542
4275398720,543
4275398721,543
4275398723,543
4275398714,543
4275398716,543
6866779809,544
4316306161,544
4316306163,544
4316306164,544
6866779804,544
4367041960,545
8755805313,545
4367041962,545
5177397824,545
4369519260,546
4369519219,546
4369519227,546
4369519206,546
4378043649,547
4378043667,547
4378043661,547
4378043662,547
7636278201,548
4401149234,548
7636278191,548
4688513244,549
6218501724,549
4688513245,549
4430996023,549
4430996028,550
4430996029,550
4530012705,551
4530012706,551
4530012707,551
4729385030,551
4729385031,551
4530012711,551
4530011788,551
4530012690,551
4530012691,551
4530012695,551
4530012696,551
5473272900,552
5473272902,552
5473272904,552
4534858543,552
5473272700,552
4571244660,553
5503142966,553
4665352264,554
4665352260,554
4665352261,554
4665352262,554
4665353643,555
4665353644,555
4665353660,556
4665353662,556
4675822093,557
4675822094,557
4675822097,557
4675822099,557
4675822100,557
4696545402,558
4697288390,558
367102039,558
4696545403,559
4697287188,559
25496851,560
4730978983,560
4773889323,561
4777885221,561
8497605091,561
4781199345,562
4781199346,562
4781199348,562
4781199350,562
4781199352,562
4781199354,562
4781199355,562
10311362148,563
10311362150,563
10311362154,563
8807441177,563
4866651961,563
4948630427,564
4948630428,564
5006063176,565
4691460851,565
6374802572,566
5006965588,566
5006965589,566
5009054889,567
5009054892,567
5046005789,568
5046005790,568
5046314074,569
5046314077,569
5060405441,570
5060405443,570
5060405444,570
5060405445,570
5060405461,571
1954751918,571
5094718794,572
5094718798,572
5095547184,573
5095547180,573
5095547181,573
5141625635,574
5141625637,574
25067400,574
5141625655,574
5141625621,574
5141625654,574
5141625623,574
5141625653,574
5141625625,574
5141625630,574
5141625681,575
5141625699,575
7906964249,576
5141625698,576
5146186468,577
25067397,577
5146186470,577
6978459068,578
5177352922,578
5177352932,578
5238587992,579
6463234329,579
6463230640,579
5227220846,579
5238500312,580
5238500313,580
5238500306,580
5238500308,580
5335245256,581
5335245257,581
5468301601,582
10607626,582
5468301602,582
5471345385,583
308837357,583
9846850972,583
9846850973,583
9846850974,583
5473272896,584
5473272897,584
5473272899,584
5473272894,584
5473272895,584
5473273425,585
24950114,585
5473273788,586
5473273789,586
5473273790,586
5473273795,587
5473273796,587
5473273791,587
5473273803,588
5473273805,588
5473273798,588
5473274256,589
5473274257,589
5473274259,589
5473274252,589
5475684676,590
5475684680,590
5475684684,590
5475684621,590
5475675316,590
5564754892,591
5564410334,591
5580861153,592
5580861151,592
5609643623,593
5609643663,593
5609643664,593
5609643665,593
5609643670,593
5609643672,594
5609643675,594
5642519054,595
5839165751,595
5642519066,595
5642519068,595
5642519069,595
5733997920,596
5733997919,596
5904585328,597
27460439,597
5904615691,598
5904615694,598
10544409950,599
5905807279,599
5905807278,599
10544409967,599
9216868136,600
9216868137,600
5924603442,600
5924603450,601
6265654111,601
5927671120,602
5927671121,602
6218501748,603
6218501739,603
6218501740,603
10599654857,604
6218501758,604
6218501759,604
6266867113,605
6266867114,605
9690974277,605
6266867111,605
6369329170,606
6369329155,606
4076095262,606
6431923714,607
6431923715,607
6525701539,608
6525701540,608
6525701530,608
6525701533,608
6525701535,608
6606148797,609
6606148798,609
6855696504,610
6855696506,610
6855696496,610
6855696495,610
6855696497,611
6855696502,611
6855696503,611
6918421504,612
6918421508,612
6918421511,612
6918421512,612
6918421513,612
6948380400,613
6948380401,613
6116290274,613
6948380395,613
7223704403,614
7223704404,614
8785568222,614
7553887392,615
8869435273,615
8869435267,615
8869435272,615
7610670890,616
7610670892,616
7644741345,617
1233350847,617
7792756538,618
7792756539,618
7792756540,618
7792756672,619
7792756674,619
7792756676,619
7792756680,619
10543014371,620
10543014372,620
10543014373,620
7911267686,620
10543014374,620
10543014377,620
10543014379,620
10543014380,620
10543014386,620
10543014388,620
10543014362,620
10543014363,620
10543014367,620
8357847937,621
8357847938,621
8357847939,621
8357847927,621
8357847928,621
8357847929,621
8357847930,621
8357847931,621
8357847932,621
8357847933,621
8357847934,621
8500636794,622
5924603460,622
8515091587,623
8515091590,623
10579930791,624
10579930792,624
8783914189,624
8783914190,624
8604055549,624
8604055550,624
8620105277,625
8620105279,625
25532494,626
8807410150,626
8814668136,627
8814668135,627
8868010160,628
8868010162,628
250327159,628
8869435257,629
8869435266,629
9030284973,630
9030284975,630
9080098298,631
9080098299,631
25509513,632
9197589238,632
9216868145,633
9216868143,633
9524817681,634
9524817682,634
9690974273,635
9690974274,635
9804471701,636
9804471702,636
25496854,636
10241310755,637
25509526,637
10306423508,638
10306429309,638
10306429310,638
10306429319,638
10539068564,639
10539068565,639
2665239972,640
10539068590,640
10539589691,641
10539589692,641
10539712057,642
10539712058,642
