node_id,cluster_id
1596648673,0
1832129762,0
4076126468,0
7946372941,0
5516594509,0
1401849810,0
25509527,0
25509533,0
104318,0
6369329155,1
25500427,1
8868824844,1
6369329170,1
748799641,1
4076095262,1
20965798,1
20965799,1
20965800,1
1609966639,1
2398924877,1
4370333651,1
4370333652,1
4370333653,1
2398924886,1
4370333657,1
2398924896,1
7946378606,1
7946378609,1
7946378610,1
104319,1
104320,2
1215563904,2
373364228,2
1401870341,2
1649365894,2
3229825163,2
5475684621,2
3229825166,2
6369329166,2
8868824851,2
8868824852,2
3229825173,2
5475684758,2
8868824855,2
8868824856,2
8868824857,2
5475684763,2
20965794,2
20965797,2
107687,2
18397096,2
20965803,2
5353114285,2
1163955119,2
5475675316,2
1163955130,2
5475684676,2
5475684680,2
10263444809,2
5475684684,2
441958994,2
1163955037,2
21693795,2
5475684848,2
1649365878,2
1215563895,2
1771426174,2
25504770,3
1311962122,3
470729237,3
5046005789,3
5046005790,3
8807429662,3
8807429663,3
8807429661,3
7926506525,3
7926506531,3
6509584414,3
24951853,3
1678155318,3
1678452790,3
1678452792,3
1678452795,3
25067068,3
1678452796,3
1678452797,3
10311362114,3
10311362115,3
1828402760,3
1828402763,3
470729292,3
3474115151,3
24658003,3
24658007,3
18468951,3
24658010,3
5046314074,3
5046314077,3
18468958,3
18468961,3
6369390690,3
18468962,3
6369390692,3
10311362148,3
10311362150,3
5976850023,3
6369390696,3
10311362153,3
10311362154,3
3704225378,3
6369390700,3
5976850024,3
1718328435,3
7610670710,3
107641,3
1718328442,3
107643,3
107644,3
107646,3
10677375,3
25161345,3
25161346,3
21565570,3
4962956931,3
25161349,3
25161350,3
25161351,3
25161352,3
25161353,3
9611081868,3
25161357,3
25161365,3
25161367,3
25161368,3
28800671,3
28800672,3
4922952353,3
7610670751,3
18395811,3
7610670752,3
25066666,3
4922952363,3
4922952365,3
4922952366,3
7553887409,3
7610670769,3
4922952371,3
4922952372,3
4922952373,3
4922952374,3
3656358067,3
7610670771,3
3664398009,3
1268892338,3
3664398007,3
10311362236,3
25066684,3
3664398006,3
25066687,3
25066694,3
8785457865,3
8785457866,3
8785457867,3
1707790029,3
10311178960,3
10311178961,3
1684511955,3
10311178964,3
1938819284,3
1938819283,3
10311178967,3
10311178970,3
1268892379,3
1707790044,3
367105757,3
1938819294,3
10311362270,3
10311362271,3
10311362272,3
10311178978,3
1938819301,3
7553887464,3
10311178985,3
1163954922,3
1707790062,3
10311178991,3
1938819317,3
1938819320,3
4866623226,3
4866623228,3
1938819325,3
1938819326,3
4866623230,3
1938819328,3
1938819330,3
25067266,3
1938819335,3
1835355913,3
2387194123,3
8807441166,3
2387194127,3
2387194128,3
1835355922,3
2387194131,3
2387194133,3
8807441176,3
1835355929,3
8807441177,3
1835355931,3
8807441178,3
8807441179,3
25066784,3
1835355936,3
8869464354,3
1401926435,3
1835355940,3
2387194149,3
2387194150,3
8869464357,3
1835355944,3
1268900644,3
1835355946,3
2387194156,3
1726730029,3
4866552622,3
4866552623,3
1726730033,3
1835355953,3
1835355955,3
4866552625,3
4866651961,3
1835355961,3
1726730043,3
1835355964,3
1835355965,3
1726730049,3
4866651969,3
1835355972,3
1835355973,3
1268900678,3
5046447437,3
25066333,3
25505629,3
1726730080,3
25066337,3
1726730082,3
24950117,3
1835356006,3
316763500,3
316763501,3
1046306670,3
1046334318,3
1835356013,3
1793420652,3
1655418222,3
1793420660,3
1268892533,3
316763513,3
1268892541,3
25505662,3
8438226815,3
104321,3
104322,3
6369361794,3
8869435268,3
1852996996,3
9024139143,3
9024139144,3
1726730120,3
1726730123,3
5043864464,3
8869435281,3
25504145,3
25504146,3
25504148,3
25504149,3
8869435286,3
8869435287,3
8869435288,3
3664405913,3
25504150,3
316763548,3
1311962016,3
6055863205,3
4729448869,3
6055863211,3
10310609841,3
10310609842,3
1726730167,3
1777727945,3
1777727947,3
1777727949,3
1777727950,3
10310609872,3
1777727958,3
1777727960,3
1777727961,3
1777727962,3
10310609885,3
7223709662,3
1725360097,3
5046005730,3
5046005731,3
7223709668,3
7223709669,3
7223709667,3
5976850019,3
4085778922,3
2466442731,3
4085778924,3
317380078,3
5046005743,3
4085778928,3
5046005745,3
25504755,3
25504756,3
2466442741,3
2012969972,3
2466442743,3
4085778934,3
4830306810,3
25504763,3
2334502396,3
4830306813,3
4715264001,4
4715264002,4
4715264004,4
4715264006,4
4715264007,4
722208263,4
6014302222,4
6014302224,4
6014302225,4
1796137508,4
722208297,4
1532087855,4
295977520,4
5924603442,4
5924603450,4
4534184512,4
9690974277,4
283061836,4
25475661,4
25475663,4
25475664,4
675734610,4
675734613,4
675734622,4
5904585328,4
10013517434,4
25475712,4
7623861385,4
1312471202,4
6110164647,4
1233350847,4
1233350848,4
1312471234,4
1233350862,4
2969438426,4
7644741343,4
7644741345,4
7644741346,4
7644741348,4
377490664,4
1233350889,4
3987750677,4
9699961628,4
8064065315,4
8064065316,4
8429812517,4
9216868136,4
9216868137,4
9216868141,4
9216868143,4
9216868145,4
4136137529,4
4136137530,4
27460439,4
4167762776,4
4167762778,4
25475419,4
1402070363,4
1402070364,4
1402070365,4
6265654111,4
1237883773,4
9690878337,4
104323,4
6266867111,4
6266867113,4
6266867114,4
9690915267,4
9690915275,4
9690915278,4
2374491605,4
25475550,4
25475561,4
1312932849,4
4715263991,4
4715263992,4
4715263993,4
4715263995,4
4715263998,4
843376643,5
3136311315,5
3136311316,5
5342236723,5
5342236724,5
2218344503,5
5342236728,5
5342236733,5
5342236734,5
2218344510,5
5342236743,5
5342236744,5
2870261844,5
1211381855,5
32825440,5
32825442,5
5473273966,5
5473273967,5
5473273968,5
2934288510,5
2934288512,5
2934288518,5
27459729,5
2934288530,5
2961557,5
4688513218,5
4688513221,5
4688513226,5
4688513227,5
4688513230,5
4688513231,5
4688513237,5
4688513240,5
5009060057,5
4688513242,5
4688513244,5
4688513245,5
1312471267,5
27459830,5
1939558651,5
1939558655,5
1939558661,5
1939558663,5
3136301320,5
3136301321,5
1939558666,5
1939558667,5
3136301324,5
3136301325,5
3136301328,5
1939558672,5
1939558681,5
2528522522,5
1939558684,5
1939558687,5
3139705124,5
1939558697,5
1939558700,5
27459905,5
2622222657,5
2622222658,5
2622222659,5
2622222668,5
4195103055,5
25069911,5
25248112,5
25248113,5
25248114,5
25248115,5
25248117,5
25248118,5
25248119,5
25248120,5
25248122,5
25248123,5
25248124,5
25248125,5
25248126,5
25248127,5
25248128,5
25248129,5
27459970,5
27459971,5
25248130,5
5473274242,5
2538458886,5
1312264600,5
3932064154,5
3932064156,5
10596794785,5
25070019,5
32838084,5
6465896907,5
6465896909,5
1312188886,5
1678283242,5
1678283247,5
1401416203,5
1365887500,5
5116226063,5
4430996023,5
4430996024,5
4430996027,5
4430996028,5
4430996029,5
4430996033,5
4430996044,5
5335233113,5
5335233115,5
2218340965,5
27460198,5
5473274493,5
5473274494,5
251892353,5
27460226,5
5473274501,5
5473274502,5
5473274503,5
5473274506,5
5473274507,5
5473274508,5
5473274519,5
5473274525,5
5473274528,5
5473274529,5
3136301730,5
3136301731,5
5473274532,5
5473274533,5
5473274534,5
5473274531,5
5473274540,5
3715515059,5
2622212860,5
2622212862,5
2622212865,5
2622212878,5
2622212885,5
2622212887,5
2622212889,5
1014649631,5
2622212895,5
2622212897,5
2622212903,5
28418859,5
251892523,5
2622212914,5
4534858546,5
4534858548,5
28418877,5
2622212925,5
2622212927,5
2622212930,5
2622212933,5
2622212937,5
2622212939,5
2622212941,5
4138224462,5
4138224463,5
2622212942,5
5473274710,5
5473274717,5
5473274724,5
5473274725,5
109414,5
4866976614,5
109416,5
3381130090,5
3381130092,5
3930921860,5
3145798533,5
4223357841,5
1733389217,5
24951721,5
1733389249,5
25066457,5
1733389278,5
5473274866,5
5473274867,5
3632581622,5
1733389314,5
5473274891,5
5473274896,5
251892754,5
24949783,5
5473274911,5
1733389349,5
1733389353,5
5641663538,5
5641663539,5
5473272894,5
5473272895,5
107584,5
107585,5
5473272897,5
107587,5
107588,5
5473272899,5
5473272896,5
5473274957,5
5473274959,5
3141817429,5
5473274969,5
5473274990,5
4861365369,5
4861365370,5
5473275004,5
4861365372,5
10677376,5
10677377,5
5165786242,5
5165786245,5
4861365383,5
5473272978,5
6995618971,5
2793874587,5
7553887392,5
6995618977,5
3932064957,5
3708234955,5
3708234956,5
3708234957,5
4089885906,5
25068755,5
251892950,5
2642857191,5
2642857197,5
5473273069,5
2642857199,5
4552504560,5
5473273072,5
4552504562,5
2642857203,5
5473273071,5
5473273070,5
21523714,5
21523718,5
21523719,5
5334381837,5
4155841810,5
4155841811,5
4155841816,5
4155841818,5
4155841820,5
4155841827,5
24950061,5
5342229818,5
25068862,5
6288147785,5
6288147786,5
5094718794,5
25070924,5
5094718798,5
24950101,5
24950102,5
24950104,5
24950105,5
24950107,5
357999964,5
24950110,5
24950111,5
24950112,5
3141814027,5
1678245252,5
8807431559,5
8807431560,5
2872704413,5
2872704414,5
3375451555,5
3375451561,5
3375451563,5
24661419,5
3375451565,5
429346242,5
429346243,5
429346244,5
10599654857,5
429346253,5
252601811,5
30078473,5
25069071,5
8807429659,5
25071133,5
25071136,5
3215685153,5
25071137,5
25071139,5
25071142,5
25071145,5
6218501723,5
6218501724,5
6218501725,5
6218501730,5
6218501736,5
6218501737,5
6218501739,5
6218501740,5
5473273451,5
6218501742,5
6218501745,5
6218501746,5
5473273457,5
6218501748,5
6218501751,5
6218501757,5
6218501758,5
6218501759,5
6218501761,5
1497452171,5
4726152844,5
25069197,5
5473273490,5
1497452184,5
4726152859,5
4726152860,5
5473273499,5
5473273500,5
1493722804,5
2387226309,5
25069265,5
5580861151,5
5580861153,5
5473273571,5
7223365368,5
7223365372,5
24659709,5
5473273604,5
5473273605,5
5473273606,5
2538458887,5
742399752,5
2538458889,5
2538458888,5
5473273607,5
5473273612,5
5473273613,5
2538458893,5
5473273610,5
5473273611,5
2538458897,5
2538458898,5
2538458899,5
5473273615,5
2538458894,5
2538458895,5
2538458903,5
2538458904,5
2538458905,5
5473273621,5
5473273623,5
5473273622,5
3906588446,5
3139677982,5
3906588448,5
3906588452,5
3906588454,5
30056255,5
4629462859,5
30056277,5
2203268985,5
8869435257,5
9030029183,5
8869435266,5
8869435267,5
8869435272,5
8869435273,5
252729234,5
843376569,5
3247933381,5
843376588,5
843376591,5
843376594,5
471488469,5
2218362849,5
843376610,5
8515091591,6
4726152850,6
1787108626,6
4726152852,6
4726152853,6
4726152857,6
4726152858,6
250549282,6
250325411,6
2003007012,6
4453606953,6
2920433449,6
3334162601,6
3334162604,6
3375451566,6
4453606958,6
2929116721,6
4224123324,6
250327100,6
8043350334,6
8043350335,6
107586,6
1779589718,6
1312188768,6
21990624,6
21990625,6
250549348,6
2934268024,6
5816744255,7
28418921,7
4136137525,7
107606,7
4136137527,7
25475770,7
1689605567,7
585124778,8
1951242858,8
107614,8
1864047135,8
5141216782,9
5141216785,9
1719663634,9
5473273363,9
5473273364,9
24662037,9
5141216787,9
5141216790,9
5473273368,9
5141216792,9
2278320154,9
473219610,9
5473273372,9
5473273373,9
5473273376,9
5473273379,9
2278320167,9
3076574254,9
3076574255,9
25532464,9
5340811825,9
5473273399,9
4085783099,9
4085783103,9
1719661631,9
4085783105,9
4085783106,9
4085783107,9
8814668133,9
3272782406,9
6018098767,9
5473273425,9
6446292562,9
6446292564,9
5473273429,9
1727515734,9
1678227031,9
5238587992,9
5473273433,9
5238587994,9
5473273435,9
6446292571,9
6446292570,9
5905893980,9
6446292572,9
5473273441,9
107626,9
107627,9
107634,9
5049840244,9
25067636,9
107637,9
2197518969,9
1719529597,9
1719529599,9
2961549,9
25161360,9
25161361,9
25161362,9
25161363,9
25067670,9
6458938007,9
3061197976,9
6458938008,9
6458938011,9
1569312412,9
25161375,9
1951372959,9
4867087524,9
7824803495,9
10542989479,9
7824803497,9
109737,9
1556260011,9
4867087532,9
10542989484,9
4867087535,9
6463230640,9
1418752689,9
1401459399,9
1401459400,9
10306423498,9
1401459403,9
10306423499,9
5141625699,9
25067727,9
25067728,9
24660697,9
3153656028,9
3153656030,9
473259748,9
5104314096,9
2378843907,9
1951616261,9
1722621701,9
1951616268,9
1722621711,9
1951616276,9
5141625621,9
1722621718,9
5141625623,9
7906964248,9
6463234329,9
7906964249,9
5141625625,9
5141625629,9
5141625630,9
24950050,9
5141228834,9
5141625635,9
5141625637,9
5096270631,9
24950064,9
24950065,9
5473273139,9
5473273140,9
5473273141,9
5473273142,9
5141625655,9
5141625654,9
6032044857,9
5141625653,9
1951616319,9
2577040703,9
6032044865,9
5223919938,9
5473273154,9
1951616322,9
5104314268,9
6032044874,9
473258313,9
473258826,9
5141625681,9
5473272665,9
5473272666,9
5141354330,9
5141354331,9
5473272668,9
3100169049,9
25067871,9
5141625696,9
24950113,9
24950114,9
24950115,9
8814668131,9
7911267685,9
7911267686,9
8814668135,9
7911267688,9
8814668136,9
5141625698,9
25067883,9
8814668137,9
8814668138,9
8807431534,9
5227220846,9
8807431536,9
8807431541,9
3272712566,9
1782714747,9
10306429312,9
10306429318,9
25067400,9
25067914,9
1678226827,9
5473273227,9
3887941012,9
3887941013,9
7911231384,9
25067929,9
5104314264,9
5104314266,9
5065949596,9
2059790748,9
1678226846,9
5065949598,9
25067936,9
5104314269,9
5104314270,9
5104314275,9
5104314276,9
5104314272,9
1312454055,9
25532332,9
25544110,9
25265077,9
25265080,9
259252667,9
5340811707,9
3637449663,9
10543014339,9
10543014340,9
5340811717,9
25067461,9
1312454087,9
5340811719,9
5340811720,9
25067463,9
4166634955,9
10543014343,9
10543014346,9
24661966,9
1312454094,9
5473273295,9
4166634961,9
4166634962,9
25067473,9
4166634957,9
25067479,9
25532377,9
5473273305,9
10543014362,9
10543014363,9
10543014367,9
25532384,9
10543014371,9
10543014372,9
10543014373,9
5141216742,9
10543014374,9
8807410152,9
5141216745,9
8807410154,9
5141216746,9
10543014380,9
10543014377,9
8807410158,9
5473273326,9
10543014379,9
4085778929,9
10543014386,9
4085778931,9
5473273332,9
10543014388,9
5104314358,9
10543014387,9
10543014390,9
107632,10
6458938017,10
5141876996,11
5141876999,11
5198585559,11
5198585557,11
5198585558,11
107638,11
5198585560,11
5198585561,11
5198585562,11
25067324,11
956233216,12
8785484288,12
4627445252,12
4627445253,12
4627445254,12
490947077,12
4627445257,12
4627445260,12
4627445261,12
747893264,12
1726730272,12
1726730281,12
473265708,12
1678452780,12
1678452788,12
1678452789,12
490947124,12
1726730295,12
1726730292,12
10539712057,12
10539712058,12
10539589691,12
10539589692,12
1678452793,12
1726730303,12
10539589696,12
1726730307,12
10539589701,12
1828402758,12
10539589704,12
7179983946,12
7179983947,12
10539856459,12
10539589706,12
10539589707,12
3696548432,12
3696548437,12
3696548438,12
1828402774,12
3696548440,12
1726730329,12
1726730326,12
4379801694,12
3267461729,12
473265762,12
25503841,12
25577057,12
25503845,12
25503848,12
4379801706,12
25503851,12
25503856,12
1726730354,12
25503860,12
10539068534,12
25503862,12
25503865,12
25503867,12
7827997819,12
25503869,12
10539068544,12
25503873,12
5342251136,12
25503876,12
25503880,12
419350669,12
25503885,12
5342251151,12
107667,12
7607080091,12
7607080092,12
5009054881,12
107684,12
107685,12
107686,12
7613626042,12
7613626044,12
7613626045,12
7613626046,12
7613626047,12
25471681,12
473265346,12
419350723,12
7613626050,12
7613626059,12
7613626060,12
8785457870,12
8785457871,12
10539648210,12
7613626066,12
2620105428,12
7613626070,12
1938819302,12
4175059691,12
4329502449,12
25471732,12
25471740,12
4089236236,12
10309458701,12
1536948492,12
4379801357,12
2005131543,12
10309472541,12
10309472542,12
10309472543,12
10309472544,12
4085767970,12
10309472547,12
10309472548,12
4085767974,12
4643337000,12
473264937,12
10309472553,12
7610670890,12
7610670892,12
4085767979,12
4085767983,12
4627491632,12
1163954995,12
4643337012,12
4085767989,12
4627491645,12
25470782,12
7610670912,12
7610670913,12
4627491650,12
7610670919,12
7610670920,12
1268903266,12
4530339698,12
4530339699,12
25500535,12
5207476608,12
5207476609,12
25504128,12
473264514,12
5207476611,12
5207476613,12
25504134,12
25504129,12
5207476616,12
6509684096,12
5114681227,12
5114681230,12
25504143,12
25504144,12
10572178,12
10572179,12
10572180,12
748885408,12
4240028578,12
4240028580,12
2665239978,12
1726730162,12
1726730165,12
4643337143,12
10310609849,12
4643337146,12
10310609852,12
747893184,12
10541894095,12
25470928,12
10541894097,12
4166634960,12
10310609879,12
10310609881,12
10310609887,12
4627445215,12
10310609894,12
25504753,12
4627445239,12
4627445240,12
4627445241,12
956233215,12
8620105223,13
1678452753,13
268124704,13
3267461666,13
8620105262,13
1777740337,13
5177397822,13
5177397823,13
5177397825,13
5177397826,13
5177397828,13
4150883407,13
4150883409,13
8755805288,13
4696544883,13
8755805305,13
4696545406,13
473267328,13
10539068550,13
107668,13
10539068565,13
10539068564,13
1239549084,13
1905779367,13
1905779369,13
5177397419,13
10539068590,13
5009054894,13
5009054898,13
419632307,13
10539068598,13
3972566710,13
368044217,13
490946748,13
1214922433,13
1707790023,13
1707790024,13
4197401800,13
4197401802,13
10309140683,13
1707790026,13
10309140686,13
4197401811,13
4197401813,13
2360681703,13
4034060007,13
2360681709,13
2360681711,13
4034060015,13
4034060017,13
4034060018,13
2265065203,13
2360681716,13
2360681713,13
2265065207,13
490946813,13
10309153022,13
10309153023,13
10309153025,13
1649365762,13
10309153027,13
1649365764,13
473268999,13
1649365780,13
6137798425,13
1649365789,13
1649365797,13
1649365800,13
1649365810,13
1649365816,13
1649365820,13
2140432704,13
1777742666,13
237911,13
473266524,13
8755808618,13
473269102,13
1955520879,13
8755808627,13
4158223748,13
3763565957,13
3763565959,13
3763565961,13
3763565962,13
1668112790,13
1813794712,13
1813794713,13
1668112792,13
2665239972,13
864817628,13
107681,14
21693793,14
1401870340,14
1726730375,14
269549104,14
269549105,14
1163955128,14
21583366,15
4017328647,15
8785484298,15
350377994,15
350377999,15
8785484306,15
2343269909,15
4689775126,15
8785484312,15
8785484313,15
2293833763,15
25496100,15
10241310755,15
6863550501,15
25496617,15
470727722,15
1419565097,15
25496622,15
25496623,15
4689775161,15
4275398714,15
4275398716,15
1148276284,15
4275398720,15
4275398721,15
4275398723,15
5006063174,15
21563463,15
5006063176,15
9949142599,15
5006063180,15
21563479,15
269550681,15
21563481,15
269550684,15
26374237,15
26374236,15
21563489,15
5736692333,15
25475182,15
5736692334,15
21563504,15
21563503,15
21563507,15
21563508,15
2294047355,15
2294047375,15
4156336278,15
25509526,15
350437528,15
7271474841,15
7271474843,15
6769325725,15
7271474850,15
7271474852,15
8785567909,15
107692,15
107693,15
4691514032,15
4691514035,15
3972566713,15
4530270906,15
3972566716,15
269550783,15
269550786,15
1617596621,15
4275394254,15
4275394255,15
1617596626,15
1617596627,15
4822267094,15
21578454,15
1020211942,15
1617596646,15
4691460850,15
4691460851,15
269550330,15
269550331,15
269550332,15
269550333,15
1707790074,15
1617596669,15
1707790076,15
25475330,15
25475331,15
25475332,15
25495822,15
1707790096,15
1617596693,15
1707790105,15
25495838,15
1617596711,15
1617596714,15
25495852,15
7223668012,15
25495854,15
269550896,15
25495857,15
269550898,15
25472324,15
1617647944,15
1617647945,15
762080077,15
25378129,15
7223704403,15
237908,15
7223704404,15
25498458,15
323262310,15
762080105,15
6828921210,15
6828921211,15
762080145,15
21392273,15
2586616722,15
21392276,15
5374174119,15
33141178,15
762080190,15
8373690819,15
5880186827,15
5880186829,15
5880186830,15
5880186833,15
269589467,15
7223695325,15
7223695326,15
8785568222,15
8785568223,15
321255907,15
759123955,15
1832227968,16
1832227972,16
338472586,16
338472589,16
1832129807,16
5014591889,16
6279388821,16
6279388822,16
5014591895,16
6279388824,16
2458257563,16
1832129947,16
1832129821,16
1832227996,16
1832129951,16
1832227873,16
343669793,16
8975700260,16
343669796,16
343669798,16
1832129835,16
1364161197,16
5265953455,16
1832228016,16
5265953457,16
5265953459,16
1816038199,16
1832228035,16
350628804,16
1816038214,16
1832228039,16
323260106,16
1364172237,16
1832129869,16
1832240590,16
1832129873,16
1832129878,16
1953202903,16
1832240598,16
1832129881,16
1832129884,16
25495646,16
1832129888,16
25495648,16
25496800,16
6724775012,16
108389,16
6724775018,16
1832248428,16
1832248430,16
1364168178,16
1364168180,16
2458303223,16
1832129917,16
25495807,16
25495617,17
25495618,17
108391,17
350437608,17
25496624,17
25495697,17
25495698,17
5976672308,17
1816038230,17
25495769,17
10543800252,17
25497619,18
5095890460,18
5503142966,18
5503142969,18
5503142970,18
9820537917,18
9820537921,18
1736685635,18
9820537932,18
9820537933,18
1326821457,18
4297243218,18
1816777816,18
25475674,18
9576827482,18
1816777820,18
775984737,18
9820537954,18
9820537955,18
775984738,18
9820537957,18
4729480806,18
4729480807,18
25475692,18
25475693,18
25475694,18
1736685679,18
1816705135,18
4571244660,18
4571244663,18
9820537981,18
9820537982,18
1816705152,18
9820537992,18
9820537993,18
1599652492,18
1816705168,18
1816777873,18
9820538002,18
1816777874,18
9820538004,18
1599652497,18
9820538006,18
1816705175,18
1816705177,18
4297243292,18
1816705180,18
4298971293,18
4297243295,18
1816705183,18
4297243298,18
9820538020,18
9820538021,18
4158004390,18
4297243301,18
9820538022,18
1816705193,18
4297243306,18
25475752,18
25475754,18
4571238068,18
4571238069,18
1938953406,18
1326821568,18
5353127105,18
3257317059,18
1938953413,18
748797126,18
1816705227,18
6828863694,18
1816609486,18
6828863697,18
1816705235,18
6272993491,18
1938953431,18
1938953433,18
748797145,18
1816705242,18
1816609498,18
1938953437,18
1816705246,18
1816705250,18
748797155,18
21990638,18
4158122222,18
9805100783,18
4158122223,18
4298970364,18
25497340,18
4298970368,18
4298970372,18
4298970376,18
4298970380,18
4298970384,18
4298970388,18
1664571164,18
3107212073,18
355416887,18
355416892,18
355416911,18
4297242961,18
1601797458,18
355416920,18
355416921,18
1664571227,18
109403,18
1664571229,18
1664571236,18
4297054053,18
4297242983,18
108393,18
108406,18
1145174402,18
1493229962,18
1145174413,18
1145174417,18
1261120402,18
1145174418,18
9693963681,18
1145174435,18
1145174437,18
9693963688,18
710657963,18
1261120430,18
7947041713,18
4142725554,18
1813618616,18
3830441923,18
7075087299,18
3830441937,18
25499093,18
435104726,18
435104727,18
435104728,18
435104729,18
1145174501,18
1145174508,18
422573549,18
1913216493,18
6239229422,18
6239229423,18
25497595,18
25499808,19
390073160,19
5306194265,19
25632684,19
5973397966,19
3586606039,19
3586606038,19
25634199,19
3586606040,19
108409,19
3809744384,20
3809744385,20
3809744386,20
3809744387,20
3809744389,20
5933145606,20
3809744390,20
3809744392,20
338319877,20
1731235511,20
3809744395,20
3809744396,20
3809744398,20
3809744400,20
3809744401,20
3809744403,20
3809744404,20
906172949,20
3809744406,20
4317178392,20
3809744409,20
3809744412,20
3735886877,20
3809744414,20
3809744415,20
3809744416,20
3809744417,20
3809744418,20
3471375905,20
3809744419,20
3809744421,20
1150003237,20
3809744423,20
3471375913,20
3809744426,20
3809744430,20
3809744431,20
3809744432,20
3809744433,20
3809744434,20
3809744436,20
3809744439,20
3629223994,20
3629223995,20
3809744444,20
3629223996,20
3809744446,20
5565466174,20
5565466175,20
5565466177,20
3809744443,20
3809744451,20
1668135492,20
3809744453,20
1390303296,20
5565466183,20
3805378119,20
3805378121,20
3805378122,20
3805378123,20
3805378124,20
25477197,20
1493676622,20
3805378120,20
57786953,20
1327865952,20
4383581281,20
1327865953,20
1233327202,20
1327865956,20
1327865957,20
25477224,20
7151566952,20
250327660,20
3808625773,20
25477228,20
3808625778,20
3808625780,20
3808625782,20
3808625785,20
3808625786,20
3808625791,20
3808625796,20
4749094023,20
1271712905,20
4749094026,20
3808625804,20
1271712911,20
3808625809,20
1271712914,20
2129578132,20
2129578133,20
1271804564,20
1271712920,20
1150003354,20
1271712922,20
2129578142,20
110238,20
1271712931,20
1271712934,20
3808625831,20
3808626859,20
3808626860,20
9030284973,20
3809744558,20
9030284975,20
3808626862,20
9030284977,20
3808626865,20
3808625843,20
3808626868,20
3809744565,20
3808626869,20
9030284983,20
3808626872,20
1150003385,20
1255487162,20
3809744571,20
3809744572,20
806373565,20
1271712957,20
3808625855,20
3808625853,20
3808626878,20
3808626882,20
2496836291,20
3808626884,20
1039290561,20
3808626886,20
1255487174,20
1255487176,20
3809744583,20
1255487171,20
3809744584,20
1255487177,20
3808626893,20
3808626887,20
2496836303,20
3808626895,20
3808626896,20
1731235534,20
1255487187,20
21990614,20
3808626902,20
3808626904,20
3808626905,20
25477335,20
25477339,20
1731235545,20
728370399,20
8210567392,20
3808626913,20
3808626914,20
8210567395,20
8210567396,20
3808626912,20
1039290594,20
21990627,20
302013668,20
8210567401,20
8210567402,20
3808626923,20
3808626922,20
6574794989,20
3805378111,20
1731235558,20
3808626929,20
1731235557,20
3805378112,20
4333847283,20
3808626934,20
3808626935,20
3629217345,20
1255320311,20
3805378113,20
3808626940,20
3808626941,20
4317211389,20
3805378114,20
3629217346,20
3808626945,20
3629217347,20
3808626947,20
3805378116,20
3629217348,20
251757321,20
1255490314,20
3805378117,20
3733299982,20
1255320339,20
3733299988,20
5925626143,20
4086232866,20
1255320354,20
4086232870,20
4086232871,20
1787108647,20
1787108648,20
1787108649,20
1255320363,20
1787108650,20
4316822830,20
1255320367,20
475396924,20
475396929,20
302013666,20
8042031957,20
8042031958,20
1271774552,20
3805122394,20
3805122396,20
2935373159,20
2935373161,20
4382350190,20
3808627061,20
4382273402,20
3808627066,20
4382273404,20
3808625835,20
3515286913,20
3988141441,20
3988141442,20
108420,20
4075008388,20
3808625837,20
249558409,20
28728205,20
2402557839,20
28728208,20
1255369105,20
25477301,20
1255369111,20
1255369125,20
4317187494,20
835390887,20
1255369128,20
3808625844,20
3673602988,20
835390893,20
835390894,20
1255369135,20
3093894066,20
3809870259,20
1255369140,20
3809870261,20
3809870262,20
3809870260,20
3809870264,20
3809870265,20
3809870266,20
3809870267,20
1255369148,20
3809870269,20
3809870270,20
2560785849,20
3809870272,20
3809870273,20
4511948225,20
1255369152,20
1255369156,20
3809870277,20
3629223879,20
1255369159,20
3809870281,20
3629223881,20
3809870283,20
3629223884,20
3629223885,20
4511972302,20
3809870287,20
3809870288,20
4511972301,20
3629223890,20
3152307669,20
3808626871,20
3808625854,20
2929119403,20
1271712946,20
2254629351,20
2929119405,20
3170676207,20
4316823023,20
28193265,20
25477106,20
3637436403,20
3637436404,20
3809744380,20
3809744381,20
3809744383,20
20626290,21
2278320131,21
108838,21
108845,22
5124166975,22
1777728708,23
108871,23
20626317,23
20626318,23
4866475733,23
3796774902,23
4866475736,23
5124166971,23
5124166973,23
18395806,23
108903,24
25496777,24
245200970,24
4211515569,24
663363473,24
8972511964,24
109408,25
894485202,25
470727954,25
1236791504,25
20626311,26
20626312,26
3796814729,26
20626315,26
20626316,26
7572522510,26
7572522511,26
7572522512,26
7572522513,26
7572522523,26
6509584413,26
109734,26
7572522540,26
2012970414,26
1536948536,26
7572522556,26
2504847039,26
4866475729,26
4866475730,26
4866475734,26
4866475738,26
1852996954,26
1536948578,26
109411,26
109412,26
2504822135,26
1536948474,26
1536948477,26
1547013760,27
692162510,27
707377287,27
30056330,27
1547013655,27
27458331,27
109728,27
3215687074,27
1547013667,27
25476134,27
4402594986,27
1566269741,27
4920098350,27
4619022513,27
4619022514,27
27458353,27
5342236721,27
4402629177,27
4402629178,27
1550763708,27
3830043581,27
4402629180,27
6218468163,27
6218468164,27
1547013699,27
5342236740,27
5342236739,27
1547013704,27
5335245256,27
1566270021,27
1312454086,27
5564754892,27
9704122317,27
5335245257,27
27481039,27
1566270409,27
27481040,27
692162514,27
5931509715,27
1550763732,27
3708234964,27
5931509718,27
27481044,27
27481041,27
471488472,27
30056280,27
3830029915,27
4807512540,27
4807512541,27
5564410334,27
692162527,27
1547392865,27
2961891,27
5580861156,27
1547013604,27
1550763620,27
5768339816,27
5768339817,27
30057965,27
5335245254,27
1547013743,27
6600283121,27
367121266,27
30056310,27
1547013754,27
692162559,27
302013676,28
109766,28
302013678,28
373402354,29
109780,29
18468953,30
9514602150,30
9514602151,30
9514602152,30
9514602153,30
5047029672,30
4922952364,30
4922952370,30
109785,30
7911282826,31
10306429323,31
5905896973,31
1556097166,31
3887941007,31
10306429327,31
3887941009,31
3887941010,31
10306429328,31
1556097177,31
6446229933,31
1556097326,31
1556260024,31
6446256190,31
24952268,31
109788,31
4169714270,31
4169714271,31
4169714272,31
6166157035,31
1556097387,31
8675201264,31
6446269173,31
435104742,32
1723340842,32
1723340785,32
25472789,32
110141,32
3739049344,33
1685281025,33
1685281029,33
4823246342,33
1685281031,33
4823246344,33
1685281032,33
1685281035,33
1150003340,33
5609643663,33
5609643664,33
1685281041,33
5609643665,33
25498004,33
1685281045,33
1685281046,33
1685281175,33
1141415192,33
5609643670,33
25498010,33
1685281053,33
1686463389,33
1685281056,33
1686463392,33
1685281058,33
1141415202,33
1685281061,33
1686463397,33
1685281063,33
1685281064,33
1684835241,33
1141415215,33
1150003503,33
1686463794,33
1685281075,33
1685281076,33
1685281077,33
1141415220,33
1685281079,33
110143,33
1685281087,33
1686463428,33
1150003270,33
1684835016,33
1150003530,33
1309067472,33
1685281104,33
5992797788,33
1757440607,33
1685281123,33
149451620,33
5609643623,33
1685281003,33
1685281260,33
2990721387,33
1685281006,33
1493658224,33
1685281010,33
1685281011,33
1685281013,33
1493662967,33
1685281017,33
1685281020,33
1685281021,33
6866779798,34
6866779799,34
6866779802,34
4530012699,34
6866779804,34
4530012700,34
4530012702,34
6866779806,34
4530012703,34
6866779809,34
6866779810,34
6866779817,34
6866779818,34
2632761651,34
282708,34
4316306161,34
4316306163,34
4316306164,34
1761598585,34
25438595,35
25438732,35
25438638,35
282719,35
24661273,36
8807431546,36
2961540,36
24950109,36
8972441125,37
8972441126,37
438170475,37
25496748,37
8972441579,37
21583342,37
5265830862,37
25496815,37
10572785,37
25496785,37
1958800795,37
8972511962,37
8972511963,37
8785568224,38
8785567914,38
8972441580,38
10572786,38
1985084095,38
2990651904,39
2990651905,39
5067002882,39
1759454211,39
2990651908,39
2990651909,39
2990651910,39
2990651906,39
2990651912,39
8989843465,39
2990651914,39
25497611,39
2990651911,39
1150003213,39
1759454222,39
2990651918,39
1758552592,39
2990651920,39
973128722,39
2990651921,39
1758552597,39
10607127,39
10607128,39
1150003224,39
1150003238,39
7553479208,39
5040168489,39
5040168491,39
7553479212,39
1596655148,39
1596655149,39
1150003247,39
5040168496,39
8784212017,39
1596655155,39
1813618228,39
1596655157,39
1813618229,39
8784177716,39
2990716984,39
1596655161,39
2990716985,39
2990716986,39
1150003264,39
256766532,39
256766533,39
2755124807,39
256766536,39
256766537,39
2990717001,39
2755124815,39
5238528591,39
256766545,39
1150003289,39
1141487712,39
1759454305,39
25632870,39
5041784423,39
1758552682,39
1141487723,39
1813618288,39
5242049139,39
6978555518,39
5609643647,39
1813618304,39
1150003329,39
6978555522,39
1141487746,39
5609643652,39
5609643653,39
2990780039,39
2987752071,39
20460681,39
2987752074,39
2987752075,39
2987752073,39
1684710025,39
20460686,39
20460687,39
20460680,39
5269670540,39
20460690,39
20460691,39
28800660,39
1759454351,39
5733998227,39
28800663,39
20460696,39
20460697,39
819132568,39
5733998228,39
6506796188,39
1684710044,39
28800664,39
5609643675,39
5609643672,39
5609643676,39
5609643682,39
5609643674,39
5609643685,39
5609643686,39
5609643687,39
5041784489,39
1759454378,39
25473199,39
25473200,39
2990664881,39
25473202,39
1758554291,39
25473204,39
5041784501,39
1813618358,39
25473207,39
25473205,39
244128951,39
5060405429,39
5060405427,39
5060405430,39
1813618365,39
5060405434,39
1326821569,39
5060405441,39
5060405443,39
5060405444,39
5060405445,39
5060405446,39
748941508,39
1813618376,39
1684835019,39
1813618393,39
1759454429,39
6978557152,39
748941552,39
748941556,39
25497845,39
1684835062,39
1813618424,39
748941560,39
1813618426,39
1813618429,39
1813618431,39
1813618432,39
748941573,39
5060388105,39
748941577,39
5060388107,39
5060388110,39
25497872,39
1150003472,39
5060388115,39
2118622487,39
2118622488,39
1684835097,39
1813618461,39
1813618463,39
1813618465,39
2480657186,39
1401893666,39
1401893675,39
8975833905,39
6978563378,39
1813618484,39
8975833911,39
5041784633,39
5041784634,39
1813618493,39
8868824899,39
8868824900,39
8868824901,39
1150003532,39
8868824911,39
8868824912,39
8868824913,39
8868824914,39
1366095187,39
875789647,39
1366095189,39
1684835152,39
1684835156,39
10004388708,39
10004388710,39
1150003563,39
1684781421,39
3739049327,39
6014333809,39
632447859,39
1150003571,39
25472885,39
25497978,39
25497979,39
372050299,39
25497981,39
1684781436,39
25497985,39
2990806410,39
2990806411,39
3739049356,39
2990806415,39
968499092,39
3739049365,39
3739049366,39
1759454104,39
6871422361,39
6871422360,39
5238523291,39
1311962012,39
4948630427,39
1684781470,39
4948630428,39
5609643656,39
3739049382,39
3739049383,39
316763559,39
5609643658,39
1684781486,39
5609643662,39
6816821186,39
435104712,39
1758552521,39
1758552522,39
435104715,39
1150003147,39
435104717,39
1758552524,39
6816821193,39
1759454163,39
1150003155,39
1758552541,39
1311962080,39
2990651907,39
1150003170,39
1758552547,39
5067002851,39
5067002855,39
1758552555,39
5067002862,39
1758552559,39
5609643673,39
5067002867,39
1150003195,39
1150003197,39
435104736,40
435104738,40
435104732,40
10607132,40
435104735,40
1360122880,41
6431923714,41
6431923715,41
4462680068,41
7840712839,41
1832248457,41
1832248458,41
10607629,41
4462680078,41
5642519054,41
5642519055,41
5374174224,41
5642519056,41
5642519060,41
9804471701,41
9804471702,41
25496854,41
595709975,41
25496857,41
5642519066,41
5470932252,41
9846850973,41
9846850974,41
9846850972,41
5470932256,41
5573994014,41
5573994016,41
5642519068,41
5573994020,41
5642519069,41
1832129958,41
5374174120,41
1832129960,41
1832129962,41
14672924,41
7203717550,41
5839165751,41
1360122937,41
25151180,41
4512763345,41
4512763347,41
5839155672,41
1360122841,41
5460658138,41
5471345385,41
1360122860,41
308837357,41
5573931376,41
5573931377,41
1360122866,41
5468301555,41
5573931380,41
5573931381,41
5573931384,41
529722111,41
1721713699,42
672061444,42
2902624645,42
2406484455,42
1312188714,42
1721713677,42
672061646,42
1717643505,42
1717643512,42
10677374,42
21307200,43
18393873,43
28800667,43
25161371,43
1717643530,44
1717643537,44
18395287,44
18395288,44
25161370,44
1939632514,45
8869472263,45
1939632519,45
5041945479,45
5041945480,45
250550024,45
20460684,45
10577984012,45
250550023,45
3320754320,45
3870640530,45
3320754322,45
1723315608,45
3247825561,45
3247825562,45
28800670,45
25498015,45
5938625442,45
250550053,45
3247824558,45
250550447,45
7636278191,45
7636278193,45
4401149234,45
7636278195,45
7636278196,45
7636278198,45
7636278199,45
1343823416,45
7636278200,45
8898783674,45
1343823418,45
7636278201,45
2923703875,45
8898783685,45
8869464390,45
18398282,45
4807521484,45
1312335310,45
8869464398,45
3741131600,45
1309067471,45
5238500306,45
5238500308,45
3741131606,45
8869464407,45
5238500312,45
5238500313,45
7636244314,45
5006781409,45
149451622,45
873809385,45
632438506,45
1169109485,45
2990721390,45
8869472239,45
2990721391,45
8869472242,45
20458277,46
250549587,46
4618510643,46
1312188692,46
4618510644,46
20625793,47
25497603,47
2528484782,47
5905807279,47
5905807278,47
1547657140,47
10544409928,47
10544409929,47
10544409930,47
25474005,47
10544409948,47
10544409950,47
25474015,47
10544409954,47
25474019,47
10544409957,47
10544409958,47
10544409959,47
10544409960,47
10544409961,47
10544409963,47
10544409964,47
10544409966,47
10544409967,47
5976760444,47
5976760446,47
20625800,48
710521820,48
585201189,48
1561411396,48
6918421504,49
6918421508,49
6918421509,49
4777897926,49
6918421511,49
3616299208,49
6918421512,49
20626282,49
1556097098,49
6918421513,49
1951372909,49
10306429333,49
8675201272,49
1556097245,49
1951372927,49
25067398,50
4085778920,50
7824747306,50
20626301,50
1536948431,50
6446301329,50
4085778930,50
5146186589,50
5146186590,50
5146186591,50
20626304,51
2941549929,51
2941549928,51
3519324894,51
5124166978,52
20626307,52
7572833352,53
7572833353,53
20626314,53
20965801,54
2398924898,54
5177397824,55
8755805313,55
3328228994,55
4367041960,55
25524297,55
4367041962,55
21392267,55
6606135977,56
6606135979,56
6606135983,56
21392279,56
4462680066,57
4462680070,57
9201323528,57
21563788,57
6978443788,57
4462680076,57
4208239642,57
21686572,57
21686574,57
3972566705,57
3972566714,57
9203541581,57
4462683090,57
5839163740,57
5788363874,57
5788363878,57
5907366887,57
5788363880,57
9203541611,57
9203541612,57
9236477422,57
6828921212,57
21578456,58
21578457,58
25495589,58
4378043649,59
4378043661,59
4378043662,59
1837610895,59
1837610896,59
4378043667,59
269547420,59
4378043682,59
1360122917,59
4076095791,59
1609966643,59
4076095797,59
1609966653,59
4370333637,59
25500246,59
4076095834,59
1163955034,59
4076095841,59
21685483,59
21685484,59
21685485,59
1832129794,60
1832129785,60
25496847,60
1832129776,60
1832129778,60
4077495826,60
21685497,60
1684437690,60
1684437692,60
1832129789,60
21693787,61
25500239,61
1238259337,62
4530011788,62
3197339664,62
3197339666,62
3197339667,62
4530012691,62
3197339668,62
4530012690,62
4530012695,62
1150003480,62
3197339673,62
3197339674,62
4530012696,62
3197339676,62
1731235480,62
1731235606,62
4530012705,62
4530012706,62
4530012707,62
1731235489,62
1731235492,62
4530012711,62
1731225596,62
288193455,62
1728472241,62
3197333559,62
4729385030,62
4729385031,62
1150003400,62
3794876751,62
1150003547,62
21990620,62
1731225566,62
1327865950,62
5565486432,62
1150003423,62
5565486434,62
1731225575,62
1731225580,62
28728187,62
5565487612,62
4556931604,63
21990622,63
5565443389,64
21990628,64
21990629,64
5565443390,65
250327618,65
21990630,65
250327591,65
1718566880,66
1718566886,66
21990631,66
21990632,66
8869464392,66
5042033643,66
8869464378,66
6116290274,67
24659947,67
6948380395,67
6948380400,67
6948380401,67
24949780,67
9693920800,68
9693920796,68
9693920797,68
24660863,68
5046314043,69
25632860,69
24951854,69
10544113920,70
10544113922,70
24952195,70
10544113923,70
3887940999,70
2528522518,70
6867581464,70
6867581465,70
2528522524,70
694824861,70
2528483741,70
2528522528,70
2528522530,70
6985465124,70
6985465127,70
6985465130,70
6985465133,70
2528522542,70
2528484781,70
2528522547,70
2528522549,70
6886012733,70
2038033986,70
1556324684,70
3385387604,70
3385387606,70
3385387607,70
3385356250,70
4117882857,70
25532273,70
1689387896,70
1689387903,70
5087519104,71
25066338,71
25161347,71
5087519106,71
25066412,71
5090420611,72
25161348,72
5090420613,72
5090420614,72
5090420940,72
5090420941,72
25066419,72
8807429660,72
1718390753,73
1717650794,73
25066451,73
25066453,73
25161369,73
25067264,74
25067265,74
2566132610,74
2566132611,74
25067397,74
5146186503,74
5146186504,74
5146186505,74
950703626,74
5146186507,74
25161356,74
25505685,74
25161373,74
7824747295,74
25067298,74
7824747302,74
25067305,74
6967585840,74
6967585841,74
6967585842,74
6967585843,74
1827389620,74
6967585845,74
1782727992,74
6446304190,74
5201625535,74
5201625537,74
5201625539,74
5201625541,74
25505606,74
700774224,74
25505634,74
5146186468,74
5146186470,74
4085778919,74
1990694638,74
4085778927,74
4085778933,74
5146186489,74
1309180608,75
7447637305,75
25471289,75
3691462888,75
25471274,75
25471090,75
2836220819,75
2755124947,75
2755124949,75
25632854,75
7447565847,75
7447565849,75
7447637306,75
2036181339,75
25471263,75
1309180610,76
1309180612,76
1723389067,76
7792756412,76
7792756414,76
25471135,76
2036185421,77
25472215,77
4675821921,78
25472545,78
4675821944,78
4675821925,78
4675821924,78
4665353643,78
4665353644,78
4675821932,78
4675821931,78
762080111,78
1617596591,78
25473048,78
25472379,78
10196915587,79
10196915588,79
10196915589,79
32921737,79
32921738,79
10196915593,79
4675822093,79
4675822094,79
4675822095,79
4675821968,79
4675822097,79
761831057,79
4675822099,79
4675822100,79
270110481,79
270109325,79
751837591,79
1617647896,79
270109326,79
1617647900,79
1617647901,79
270112540,79
270112539,79
270109327,79
751837736,79
25472428,79
1401849779,79
751837622,79
270109370,79
1617647931,79
1617647934,79
1419544126,79
270110143,79
270110142,79
4665352260,79
4665352261,79
4665352262,79
761830981,79
4665352264,79
2134066506,79
761830987,79
9566848716,79
761830989,79
1419544142,79
26374230,79
26374231,79
761831000,79
26374232,79
751837654,79
761831004,79
761831007,79
270110053,79
270110054,79
321255911,79
321255910,79
4781199338,79
761831019,79
761831023,79
751837551,79
6483733489,79
6483733493,79
1419603573,79
25472890,79
761831037,79
25472800,80
149431715,80
2168949324,80
2168949325,80
1954751920,80
2940401398,80
3741131607,80
3741131608,80
4665353660,81
25473004,81
4665353662,81
25475328,82
25473281,82
9700060290,82
9700060291,82
9700060292,82
690295042,82
1563638022,82
690295047,82
1990912136,82
5904615691,82
5904615694,82
5904615699,82
3999987604,82
696477560,82
5904615708,82
2528483742,82
1233353631,82
5574049698,82
5574049700,82
4777885221,82
5574049702,82
4085387943,82
5574049703,82
4085387945,82
1233353642,82
4773889323,82
5574049707,82
5574049709,82
283062189,82
3385332654,82
1233353640,82
9683686963,82
5574049717,82
9683633717,82
5574049718,82
4085600696,82
4229228089,82
4085600698,82
9683633718,82
5574049719,82
3733791671,82
673420216,82
1137777343,82
1155552319,82
1155552322,82
6779394887,82
25475417,82
585148380,82
4832472797,82
9135848928,82
9135845216,82
680069473,82
8497605091,82
9683400934,82
1951242857,82
9683400938,82
680069483,82
713363180,82
4136124526,82
4166219502,82
8031801454,82
1990912115,82
1233353464,82
5574051321,82
585130362,82
1233353467,82
25473279,82
1547392771,83
1547013574,83
9694091976,83
9694091978,83
25475053,83
9694091983,83
9694091984,83
1547013588,83
1547013592,83
1547392927,83
25475072,84
8064065323,84
8064065324,84
1547657099,84
25496910,84
1547657104,84
585180151,84
6332695639,84
277337783,84
4529839800,84
7236131862,84
6332695642,84
6696695781,85
10579930791,85
10579930792,85
8783914189,85
8783914190,85
8604055550,85
8604055549,85
25475678,85
25475688,86
25475690,86
9820538027,86
25475691,86
25499095,86
8632535522,87
1312188614,87
306439304,87
2545230474,87
8632535532,87
306439310,87
8632535535,87
25477149,87
25477150,87
3741078112,88
25477154,88
1312319838,88
306439338,88
306439329,89
25477156,89
249679365,90
9080098310,90
3168378376,90
9080098315,90
9080098316,90
28418580,90
3528711722,90
27459116,90
251757615,90
27459120,90
249679407,90
7817166393,90
249679418,90
249679420,90
7817166397,90
5924603458,90
1042862659,90
5924603460,90
7817166407,90
3073173576,90
3073173585,90
7899973206,90
28418138,90
27459165,90
28418141,90
28418144,90
8500636794,90
1042862718,90
4344245890,90
4344245892,90
4344245893,90
3528738438,90
3528738439,90
3528738440,90
4344245894,90
5257738380,90
5257738381,90
5257738382,90
5257738383,90
5257738384,90
5257738385,90
5257738386,90
5257738387,90
5257738388,90
9030037139,90
3528710291,90
27460250,90
6995618979,90
7817162919,90
5242815659,90
5160943793,90
5160943794,90
5160943795,90
5160943796,90
5160943797,90
5160943798,90
5160943799,90
5160943800,90
5160943803,90
5160943804,90
5160943806,90
5160943807,90
5160943808,90
472493763,90
1039290567,90
4089885900,90
5174825175,90
5174825176,90
5174825178,90
302013659,90
5174825180,90
5174825181,90
3892081373,90
5174825183,90
302013662,90
3892081377,90
3892081378,90
9080123621,90
1014803686,90
3892081382,90
3892081384,90
6969936104,90
6969936106,90
6969936102,90
6969936108,90
6969936109,90
6969936110,90
1014803691,90
6969936114,90
6969936115,90
6969936116,90
302013685,90
6969936117,90
302013682,90
2914561272,90
302013688,90
2914561274,90
25477371,90
3894948091,90
3894948093,90
249679102,90
1014803704,90
28419328,90
3894948098,90
3894948099,90
3894948100,90
670103313,90
670103314,90
1014803736,90
3068267824,90
3068267825,90
2140124982,90
2140124983,90
3682538298,90
8042031930,90
249679168,90
5768339777,90
2140124996,90
4144358216,90
4144358217,90
4949004105,90
4949004106,90
302013776,90
302013777,90
4948602211,90
3550836102,90
3550836104,90
251757452,90
251757458,90
2934411667,90
3014236566,90
3014236567,90
3014236569,90
3014236570,90
2935392676,90
302013683,90
3068270504,90
3068270516,90
5174828980,90
3068270518,90
249558964,90
3186593720,90
1039322041,90
3186593722,90
28418497,90
251757533,90
249559005,90
1039322102,90
9080098298,90
9080098299,90
819157946,91
25477858,91
3661703766,91
819157975,91
1832052008,92
1707790107,92
25495542,92
1832129783,92
8645592520,93
8645592521,93
25495819,93
6354294763,93
25495820,93
1832052016,93
25495858,93
25495639,93
25495640,93
1834657466,93
6354294779,93
1834657469,93
350628799,93
7279228683,94
317930380,94
25496773,94
1985084135,95
1985084137,95
25496781,95
25496783,95
25496787,95
25496788,95
25496825,96
5060391418,96
321255925,96
5060391821,96
25496850,97
25496851,97
4730978983,97
9690974273,98
9690974274,98
4920098344,98
4920098349,98
25496920,98
2480657188,99
25632678,99
2480657190,99
1954751914,99
25497968,99
25497970,99
2135411292,99
2135411293,99
25497986,100
6374802555,100
5711517570,101
5711517571,101
4703559689,101
25497997,101
5479654172,101
1723388957,101
5479654175,101
1723388960,101
5479654177,101
2331184930,101
2331184932,101
25498021,101
2331184935,101
1723388970,101
25632683,101
1723388974,101
1723388976,101
1723388979,101
1723388981,101
1723388986,101
1723388988,101
5006916678,101
446765895,101
446765900,101
5479655630,101
5479655634,101
4703542485,101
4703542486,101
390073175,101
6525670236,101
6525670237,101
2135411294,101
2135389151,101
2135411296,101
2135411297,101
6525670242,101
5479655652,101
5479655662,101
6374802559,101
25498016,102
6569580040,102
3247578847,102
25498018,103
3725817386,103
6374802579,103
6374802582,103
6374802583,103
7792756672,104
7792756674,104
7792756676,104
7792756680,104
7792756713,104
25498026,104
5711517569,105
5711517565,105
25499655,105
25505679,106
9988193967,106
25505607,106
6606135968,107
25509513,107
9197589233,107
9197589238,107
316763584,108
25632865,108
316763586,108
25632864,108
5046627553,108
316763600,108
1215563891,108
5046627638,108
5046627642,108
25632859,108
5046627645,108
25632862,108
429346241,109
4534184514,109
4534184515,109
429346238,109
4223357836,109
27460210,109
429346236,109
27459198,109
302013672,110
302013674,110
347542742,110
347542743,110
3081980920,110
3081980922,110
27480956,110
27480957,110
27480958,110
27480960,111
9678821156,111
1736734053,111
1238249900,111
1238249901,111
1238249904,111
7900221108,111
249560091,111
7900221087,111
5106520280,112
429346251,112
3632577084,112
28418909,112
3984132032,113
4116809027,113
3984132036,113
3984132037,113
302013708,113
4422013486,113
249679343,113
4089885902,113
28418929,113
1401908258,114
1401908260,114
250550183,114
28800661,114
28800662,114
250550174,114
8869464371,115
28800668,115
32921724,116
761830999,116
761830991,116
32921728,117
32921729,117
32921731,117
4697525030,117
4697525032,117
1401849768,117
26374229,117
32921748,118
32921743,118
354886099,119
213668839,119
1685276643,120
250549700,120
250549699,120
255700677,120
213672005,120
250327619,120
8868010217,120
213668842,120
2642612586,120
213668844,120
8868010221,120
2642612585,120
213670986,120
2642878644,120
250327576,120
8868010202,120
250327547,120
8868010204,120
7815533545,121
7815533546,121
249558966,121
250326914,122
18469132,122
1401416208,122
8868010160,122
8868010162,122
250327159,122
354886082,123
250549670,123
1310663631,123
3114645200,123
3114645201,123
250327037,123
250550400,124
973101839,124
316763595,125
316763589,125
316763590,125
1832129796,126
338474279,126
1832129800,126
1832129838,126
1832129809,126
4462680082,126
1832129815,126
1686463489,127
1686463523,127
3739049325,127
1686463503,127
1686463471,127
1686463505,127
1686463476,127
1686463510,127
390073208,127
7882485394,128
10308697502,128
469785734,128
471488499,129
1493722803,129
1547013711,129
2137096880,130
4305235825,130
473257581,130
473262660,131
473262822,131
697044225,132
707377382,132
796809545,133
8497605078,133
249467025,134
806373533,134
1556097120,135
811035012,135
6446229925,135
5905897286,135
8807410149,135
6446218920,135
1547013705,135
1556097111,135
1569300062,136
1144619335,136
1150003141,137
5609643622,137
1150003479,137
1987381555,138
1237876710,138
1237876703,138
1255491496,139
1255369133,139
4511972303,139
1255491504,139
4511972304,139
1255491506,139
1255487160,140
1255487172,140
1255487166,140
1722268388,141
3093897990,141
4749090120,141
2387232554,141
2387232559,141
1722268367,141
5565455858,141
1280491924,141
1280491926,141
1722268381,141
3741117630,141
2402557599,141
3272782432,142
8807410151,142
1547013738,142
2454119184,142
1547013589,142
2454091736,142
3272782431,142
1556097306,143
1556097431,143
1587318992,144
1587318999,144
1817617689,145
1817617691,145
1817617692,145
1596648669,145
1596648671,145
1617532088,146
4697287185,146
4696544876,146
4663312759,146
1617596593,147
3328228993,147
1617532092,147
1617596606,147
6866592992,148
6866516262,148
2453947049,148
2453947051,148
4211515634,148
1637578547,148
1637578516,148
6866516278,148
1637578522,148
2576893629,148
1637578551,149
1637578535,149
1668135493,150
3197339661,150
3197339662,150
3170676206,150
5565475799,150
1668135486,150
1685281036,151
1685281022,151
4650375494,152
1707790055,152
1707790057,152
4650375504,152
4650375505,152
1707790067,152
4650375508,152
4658088539,152
1955520890,152
3972566715,152
6978459068,153
5177352922,153
1707790099,153
5177352932,153
1810130458,154
4077495964,154
1816038215,155
1832665997,155
1832666001,155
7279239795,155
1816038195,155
4158000323,156
1816959492,156
4142725558,156
1832228100,157
1832228080,157
1832228112,157
1832228144,157
1832228083,157
1832228115,157
1832228120,157
1832228159,157
1882379248,158
10090013713,158
10090013714,158
2306288080,158
4823243100,158
3247578846,158
3987750688,159
5269678593,159
5977954180,159
3987750692,159
9673189926,159
2612458244,159
6110164649,159
1951190474,159
7900888467,159
3850146457,159
1968744210,160
3992885062,160
4697288399,160
1990694620,161
1990694647,161
2502545024,162
9619940387,162
1990912102,162
1990912134,162
4117896490,162
2502545041,162
9683400946,162
9683400950,162
9678366518,162
9678523000,162
8031800090,162
5574051323,162
8031800092,162
8031800094,162
2141364708,163
2141364732,163
2341656968,164
4697287177,164
4697287178,164
3265436691,164
4696545402,164
4696568110,164
8620105277,164
8620105279,164
4697288390,164
4085747017,164
367102039,164
4166662874,164
4166662878,164
3265436260,164
4174200048,164
4696544885,164
4696545399,164
4175081593,164
4175081594,164
3911044734,164
3247589712,165
6569580044,165
6569580045,165
2531863975,165
2531863977,166
2531863978,166
2935373301,167
3809870263,167
3739049346,168
2990732269,168
6116290280,169
5473274252,169
5473274253,169
5473274254,169
5473274256,169
5473274257,169
5473274259,169
5473274260,169
3139655930,169
3139655933,169
5473273470,169
3158794148,170
5473272900,170
5473272902,170
3158794151,170
5473272904,170
5473273067,170
5473273068,170
4534858543,170
5473272882,170
5473272983,170
5473272984,170
5473272667,170
5473272700,170
3578315456,171
3586606037,171
4089885905,172
6294214898,172
6294214897,172
4369519260,173
4369519219,173
4369519227,173
4369519206,173
4554237017,174
5009054889,174
5009054892,174
4696545403,175
4697287188,175
4781199345,176
4781199346,176
4781199348,176
4781199350,176
4781199352,176
4781199354,176
4781199355,176
6374802572,177
5006965588,177
5006965589,177
5060405461,178
1954751918,178
5095547184,179
5095547180,179
5095547181,179
5095547182,179
5468301601,180
10607626,180
5468301602,180
5473273795,181
5473273796,181
5473273798,181
5473273803,181
5473273805,181
5473273616,181
5473273791,181
5473273788,182
5473273789,182
5473273790,182
5733997920,183
5733997919,183
5927671120,184
5927671121,184
6525701529,185
4142725557,185
6525701539,186
6525701540,186
6525701530,186
6525701533,186
6525701535,186
6606148797,187
6606148798,187
6855696495,188
6855696496,188
6855696497,188
6855696502,188
6855696503,188
6855696504,188
6855696506,188
7792756538,189
7792756539,189
7792756540,189
7792756543,189
8357847937,190
8357847938,190
8357847939,190
8357847927,190
8357847928,190
8357847929,190
8357847930,190
8357847931,190
8357847932,190
8357847933,190
8357847934,190
8515091587,191
8515091588,191
8515091590,191
25532494,192
8807410150,192
9524817681,193
9524817682,193
10306423508,194
10306429309,194
10306429310,194
10306429319,194
