node_id,cluster_id
1596648673,0
1832129762,0
4076126468,0
7946372941,0
5516594509,0
1401849810,0
25509527,0
25509533,0
104318,0
20965799,1
25500427,1
8868824844,1
7946378610,1
104319,1
104320,2
1215563904,2
373364228,2
3229825163,2
3229825166,2
6369329166,2
8868824851,2
8868824852,2
3229825173,2
5475684758,2
8868824856,2
8868824857,2
5475684763,2
20965794,2
20965797,2
107687,2
20965803,2
1163955130,2
10263444809,2
441958994,2
5475684848,2
1215563895,2
104321,3
24951853,3
4922952366,3
4922952371,3
4922952373,3
104322,4
8869435268,4
7553887409,4
8869435288,4
8869435286,4
8869435287,4
25161368,4
8438226815,4
104323,5
8429812517,5
7623861385,5
1532087855,5
295977520,5
2374491605,5
4715263991,5
4167762776,5
4715263993,5
2969438426,5
1237883773,5
107584,6
251892754,6
6218501742,6
251892950,6
107585,7
6218501751,7
1312188768,8
107586,8
8515091591,8
3375451566,8
4726152850,8
4726152852,8
4726152853,8
4726152857,8
4726152858,8
8043350334,8
8043350335,8
25248128,9
1678245252,9
1497452171,9
3375451563,9
3375451565,9
2218344510,9
4688513218,9
107587,9
4688513221,9
4688513226,9
4688513227,9
4688513230,9
4688513231,9
25069265,9
4688513237,9
4688513240,9
109416,9
3381130090,9
3381130092,9
25248115,9
25248119,9
25248120,9
25248122,9
25248127,9
107588,10
2642857191,10
2538458887,10
5473274957,10
25248112,10
3715515059,10
5816744255,11
28418921,11
4136137525,11
107606,11
4136137527,11
25475770,11
1689605567,11
585124778,12
1951242858,12
107614,12
1864047135,12
107626,13
8807410154,13
1312454055,13
107627,14
8807410158,14
107632,15
6458938017,15
25161361,16
107634,16
5198585559,17
5198585557,17
5198585558,17
107638,17
5198585560,17
5198585561,17
5198585562,17
18468962,18
7926506531,18
9024139143,18
9024139144,18
2466442731,18
107641,18
7926506525,18
4866651969,19
1938819301,19
6055863205,19
10311362153,19
5046447437,19
8807441166,19
10311178960,19
10311178961,19
3656358067,19
25161365,19
8807441176,19
4866623226,19
107643,19
4866623228,19
4866623230,19
10311362114,20
10311362115,20
10311362148,20
4729448869,20
10311362150,20
10311362154,20
10311178964,20
8807441177,20
4866651961,20
3664405913,20
8807441178,20
107644,20
1938819294,20
1726730049,21
4922952353,21
1726730082,21
107646,21
5207476608,22
5207476609,22
5207476611,22
5207476613,22
5207476616,22
4627445257,22
4627445261,22
10309458701,22
107667,22
10309472541,22
10309472542,22
10309472543,22
10309472544,22
10309472547,22
10309472548,22
10309472553,22
473265708,22
4627491632,22
10539712057,22
10539712058,22
10539589691,22
10539589692,22
4627491645,22
473265346,22
10539856459,22
3696548432,22
3696548437,22
3696548438,22
1828402774,22
4627445215,22
10310609894,22
1938819302,22
4175059691,22
25504753,22
7827997819,22
490946748,23
10309153027,23
107668,23
10309140683,23
107681,24
1401870340,24
1726730272,25
25577057,25
5342251136,25
1726730307,25
107684,25
1726730281,25
4379801706,25
5342251151,25
4329502449,25
1726730292,25
1726730295,25
1726730326,25
25500535,25
4379801694,25
25503848,26
1726730329,26
1726730354,26
107685,26
8785484288,27
7613626050,27
107686,27
7613626059,27
7613626060,27
7613626066,27
4530339699,27
7613626070,27
7613626042,27
7613626044,27
7613626045,27
7613626046,27
7613626047,27
107692,28
2294047375,28
5006063174,29
107693,29
5736692334,29
25496622,29
5736692333,29
7223695325,29
7223695326,29
1832227968,30
1832227972,30
338472586,30
338472589,30
1832129807,30
6279388821,30
6279388822,30
6279388824,30
2458257563,30
1832129947,30
1832129821,30
1832227996,30
1832129951,30
343669793,30
1832227873,30
8975700260,30
343669796,30
343669798,30
1832129835,30
1364161197,30
5265953455,30
1832228016,30
5265953457,30
5265953459,30
1832228035,30
1832228039,30
1364172237,30
1832129869,30
1832240590,30
1832129873,30
1832129878,30
1832240598,30
1832129881,30
1832129884,30
1832129888,30
6724775012,30
108389,30
6724775018,30
1832248428,30
1832248430,30
1364168178,30
1364168180,30
2458303223,30
1832129917,30
25495807,30
25495698,31
108391,31
390073160,32
108409,32
25632684,32
108420,33
9030284973,33
9030284975,33
108845,34
5124166975,34
1777728708,35
108871,35
20626317,35
20626318,35
4866475733,35
3796774902,35
4866475736,35
5124166971,35
5124166973,35
18395806,35
4211515569,36
245200970,36
108903,36
1145174402,37
1145174413,37
4571238069,37
109403,37
355416892,37
109408,38
894485202,38
470727954,38
1236791504,38
1536948578,39
109412,39
109734,39
2504822135,39
1536948474,39
6509584413,39
109414,40
9030029183,40
109728,41
25476134,41
5931509715,41
5931509718,41
5104314272,42
5104314275,42
5104314276,42
25067461,42
7824803495,42
25067463,42
109737,42
7824803497,42
10542989484,42
4166634957,42
4085778931,42
5104314264,42
5104314268,42
5104314269,42
5104314270,42
1951372959,42
109766,43
302013678,43
373402354,44
109780,44
9514602150,45
9514602151,45
9514602152,45
9514602153,45
4922952364,45
4922952370,45
109785,45
6166157035,46
109788,46
4823246342,47
1150003530,47
1685281260,47
1141415215,47
110143,47
1233327202,48
1787108647,48
1787108648,48
1787108649,48
1787108650,48
110238,48
2293833763,49
5374174119,49
5880186827,49
5880186829,49
5880186830,49
5880186833,49
237908,49
3972566716,49
473267328,50
10309153025,50
1649365762,50
4158223748,50
1649365764,50
3763565959,50
8620105223,50
473268999,50
1678452753,50
1649365780,50
1668112790,50
1813794712,50
1813794713,50
6137798425,50
1668112792,50
1239549084,50
1649365789,50
268124704,50
3267461666,50
1649365797,50
1905779367,50
1649365800,50
1905779369,50
5177397419,50
5009054894,50
8620105262,50
1777740337,50
5009054898,50
419632307,50
1649365810,50
10539068598,50
3972566710,50
1649365816,50
368044217,50
1649365820,50
5177397822,50
5177397823,50
2140432704,50
5177397825,50
5177397826,50
10309153022,50
5177397828,50
1214922433,50
1707790023,50
4197401800,50
4197401802,50
1777742666,50
10309140686,50
4150883407,50
4150883409,50
4197401811,50
4197401813,50
237911,50
864817628,50
473266524,50
4034060007,50
2360681703,50
8755808618,50
2360681709,50
473269102,50
1955520879,50
4034060015,50
4034060017,50
4034060018,50
4696544883,50
2265065203,50
2360681711,50
2360681716,50
2265065207,50
2360681713,50
4696545406,50
10309153023,50
4530012702,51
6866779817,51
6866779818,51
282708,51
6866779798,51
6866779799,51
6866779802,51
4530012699,51
6866779806,51
4530012703,51
25438595,52
25438732,52
282719,52
24661273,53
8807431546,53
2961540,53
24950109,53
24950113,54
8807431541,54
2961549,54
5473273604,55
5473274501,55
5473274502,55
5473273605,55
2538458888,55
8807431560,55
5473274506,55
5473273610,55
5473274507,55
2538458893,55
5473274508,55
5473273612,55
5473273607,55
8807431559,55
2538458898,55
5473273611,55
5473273613,55
2961557,55
5473273615,55
5473274519,55
2538458904,55
5473273621,55
5473273623,55
5473273499,55
5473273622,55
5473274525,55
5473273500,55
5473274528,55
5473274529,55
5473274531,55
5473274532,55
5473274533,55
5473274534,55
5473273490,55
4534858546,55
4534858548,55
24950101,55
5473274710,55
24950102,55
24950104,55
24950105,55
5473273606,55
357999964,55
5473274717,55
5473273571,55
5473274724,55
5473274725,55
5473273451,55
5473273069,55
5473273070,55
5473273071,55
5473273072,55
5473273457,55
5473274503,55
24659709,55
5473272978,55
3215687074,56
2961891,56
1312454086,56
4807512540,56
4807512541,56
747893184,57
7610670913,57
7610670912,57
25503876,57
7610670919,57
25503880,57
7610670920,57
25503885,57
10572178,57
1678452793,57
25503851,58
10572179,58
25503845,58
956233216,59
25503856,59
10572180,59
25471732,59
4643337143,59
4643337146,59
956233215,59
10572785,60
8972511963,60
25496748,60
21583342,60
8785568224,61
8785567914,61
8972441580,61
10572786,61
1985084095,61
1813618432,62
8989843465,62
10607127,62
10607128,62
1813618461,62
1813618463,62
1813618465,62
5041784489,62
1596655148,62
1596655149,62
1596655155,62
1813618484,62
5041784501,62
1813618358,62
1596655157,62
5041784633,62
1596655161,62
1813618365,62
1813618493,62
8868824899,62
8868824900,62
8868824901,62
1813618376,62
8868824911,62
8868824912,62
256766545,62
1366095189,62
1813618393,62
10004388708,62
10004388710,62
632447859,62
1813618424,62
1813618426,62
1813618429,62
1813618431,62
435104736,63
435104738,63
435104732,63
10607132,63
435104735,63
5470932256,64
5468301555,64
5470932252,64
10607629,64
1721713699,65
672061444,65
2406484455,65
1312188714,65
1721713677,65
10677374,65
8869464354,66
5046005731,66
5046005730,66
8869464357,66
5046005743,66
5043864464,66
8869435281,66
5046005745,66
1684511955,66
1718328435,66
1718328442,66
316763548,66
10677375,66
10677376,67
2642857203,67
5473274959,67
10677377,68
1401416203,68
1832129960,69
1832248457,69
5374174120,69
1832248458,69
1832129962,69
7203717550,69
5374174224,69
5573931377,69
14672924,69
529722111,69
21307200,70
18393873,70
18395288,71
25161370,71
7610670751,72
7610670752,72
18395811,72
1268900644,72
10310609841,72
1268892338,72
10310609842,72
3664398006,72
3664398007,72
3664398009,72
1268900678,72
3474115151,72
10310609872,72
10311178967,72
10311178970,72
10310609885,72
10311362270,72
10311362271,72
10311362272,72
1725360097,72
10311178978,72
5976850019,72
5976850023,72
5976850024,72
10311178985,72
10311178991,72
7610670710,72
5006781409,73
8869472263,73
18398282,73
632438506,73
20460684,73
10577984012,73
8869472239,73
8869472242,73
4922952363,74
18468951,74
1938819328,75
1938819330,75
25161350,75
1938819335,75
25161351,75
25161352,75
1311962122,75
8807429662,75
8807429663,75
1311962016,75
2387194156,75
1678155318,75
1938819325,75
18468958,75
18468961,75
6369390690,75
6369390692,75
6369390696,75
6369390700,75
1938819317,75
1938819320,75
4830306810,75
4830306813,75
1938819326,75
20458277,76
250549587,76
4618510643,76
1312188692,76
4618510644,76
25497985,77
6978555522,77
5067002882,77
2990780039,77
20460680,77
1684710025,77
2990806410,77
3739049356,77
5733998227,77
968499092,77
5733998228,77
3739049366,77
3739049365,77
819132568,77
1684710044,77
1684781470,77
8975833905,77
6978563378,77
1758554291,77
8975833911,77
256766532,77
256766533,77
748941508,77
1150003147,77
1150003532,77
1759454429,77
6978557152,77
1759454305,77
5041784423,77
5067002862,77
3739049327,77
1150003571,77
5067002867,77
6978555518,77
5609643647,77
1326821569,78
7553479208,78
20460681,78
7553479212,78
20460686,78
372050299,78
5238523291,79
5238528591,79
20460687,79
20625793,80
10544409954,80
10544409957,80
10544409958,80
10544409959,80
10544409960,80
10544409928,80
10544409961,80
10544409963,80
10544409964,80
10544409930,80
10544409929,80
10544409966,80
10544409948,80
3616299208,81
20626282,81
8675201272,81
4777897926,81
4085778920,82
7824747306,82
20626301,82
1536948431,82
6446301329,82
4085778930,82
5146186589,82
5146186590,82
5146186591,82
20626304,83
2941549929,83
5124166978,84
20626307,84
3796814729,85
2012970414,85
20626311,85
20626312,86
7572522540,86
4866475729,86
4866475730,86
4866475734,86
1536948536,86
1852996954,86
7572522523,86
7572522556,86
1536948477,86
2504847039,86
7572833352,87
7572833353,87
20626314,87
7572522513,88
20626316,88
7572522510,88
7572522511,88
2398924896,89
20965798,89
20965800,89
2398924877,89
7946378606,89
2398924886,89
20965801,90
2398924898,90
25524297,91
3328228994,91
21392267,91
21392273,92
3972566713,92
1707790076,92
21392276,93
4156336278,93
6606135977,94
6606135979,94
6606135983,94
21392279,94
6218501761,95
21523714,95
3145798533,95
4726152844,95
3215685153,95
5342236733,95
5342236734,95
5342236743,95
6465896907,95
6465896909,95
471488469,95
6218501725,95
6218501730,95
6218501736,95
6218501737,95
1678283242,95
1678283247,95
6218501745,95
6218501746,95
21523718,96
1014649631,96
2934288512,97
10596794785,97
27459970,97
5165786242,97
5009060057,97
5165786245,97
21523719,97
4138224462,97
4138224463,97
5335233113,97
2934288510,97
1617596646,98
21563463,98
1617596621,98
21563503,98
1617596626,98
1617596627,98
1617596669,98
1707790096,99
21563479,99
21563481,100
21563489,100
21563504,101
762080105,101
1020211942,102
1617596711,102
8785484298,102
762080077,102
21563507,102
21563508,102
8785484312,102
4530270906,102
269589467,102
6828921212,103
21563788,103
21565570,104
1835355913,104
25504145,104
25504146,104
1835355922,104
25504148,104
25504149,104
25504150,104
1835355929,104
1835355936,104
1835355940,104
1835355946,104
1835355955,104
1678452795,104
1835355972,104
1777727945,104
1777727947,104
1777727949,104
1777727950,104
1777727958,104
1777727960,104
1777727961,104
1777727962,104
1707790044,104
367105757,104
7223709667,104
1707790062,104
1793420660,104
1268892533,104
1268892541,104
25498458,105
21578454,105
8785568223,105
6863550501,106
21583366,106
4017328647,106
1419565097,106
25378129,106
2586616722,106
4076095797,107
21685484,107
4370333637,107
4076095791,107
4462683090,108
21686572,108
4462680070,109
9203541611,109
9203541612,109
9236477422,109
21686574,109
21693787,110
25500239,110
21693795,111
8868824855,111
3515286913,112
3471375905,112
5565466183,112
1493676622,112
21990614,112
4556931604,113
21990622,113
21990624,114
21990625,114
250325411,114
2003007012,114
3334162601,114
1779589718,114
250327100,114
21990627,115
475396924,115
5565443389,116
21990629,116
5565443390,117
21990630,117
8869464392,118
8869464378,118
5042033643,118
21990631,118
21990632,119
1718566886,119
1718566880,119
4298970368,120
4298970372,120
4298970376,120
9820537993,120
4298970380,120
4298970384,120
4298970388,120
4297243292,120
4298971293,120
4297243295,120
9693963681,120
4297243298,120
9820538020,120
4297243301,120
4158004390,120
9820538022,120
9820538021,120
4297243306,120
710657963,120
1938953406,120
1938953413,120
748797126,120
9820537932,120
9820537933,120
6828863694,120
355416911,120
4297242961,120
4297243218,120
6828863697,120
25499093,120
355416920,120
748797145,120
9576827482,120
1664571227,120
25475674,120
775984737,120
775984738,120
748797155,120
4297054053,120
4297242983,120
422573549,120
21990638,120
1913216493,120
25475693,120
108406,120
4298970364,120
9820537981,120
9820537982,120
25161349,121
25161367,121
24658003,121
24658007,121
25066333,121
24659947,122
24949780,122
9693920800,123
9693920796,123
9693920797,123
24660863,123
1418752689,124
24662037,124
25248129,125
25248130,125
24661419,125
25070924,125
24950061,125
1497452184,125
25071133,125
24950064,126
24660697,126
2538458889,127
25248113,127
25248114,127
2538458899,127
24950107,127
24950110,128
24950111,128
24950112,129
25248126,129
2378843907,130
1678226827,130
5473273227,130
25161362,130
25161363,130
5473273364,130
5473273368,130
5065949596,130
1678226846,130
5065949598,130
5473273379,130
4867087524,130
4867087532,130
3076574254,130
4867087535,130
3076574255,130
5473273139,130
5473273140,130
5473273141,130
5473273142,130
5473273399,130
5473273154,130
1312454094,130
6018098767,130
5473273295,130
5473273429,130
1678227031,130
5473273305,130
5141354330,130
5141354331,130
3153656028,130
5473272666,130
3153656030,130
5473272665,130
5473273441,130
24950115,130
8807431534,130
5473273326,130
8807431536,130
5473273332,130
5049840244,130
316763501,131
24950117,131
5046314043,132
25632860,132
24951854,132
10544113920,133
10544113922,133
24952195,133
10544113923,133
3887940999,133
2528522518,133
2528522524,133
2528522528,133
2528522530,133
6985465124,133
6985465127,133
6985465130,133
6985465133,133
2528522542,133
2528522549,133
6886012733,133
1556324684,133
3385387604,133
3385387606,133
3385356250,133
25532273,133
1689387896,133
1689387903,133
3887941010,134
24952268,134
6446269173,134
5087519104,135
25066338,135
25161347,135
5087519106,135
25066412,135
5090420611,136
25161348,136
5090420613,136
5090420614,136
5090420940,136
5090420941,136
25066419,136
8807429660,136
1717650794,137
25066451,137
25066453,137
25066784,138
25066694,138
25067264,139
25067265,139
25067298,139
25067266,140
1852996996,140
4085778922,140
4866552622,140
4866552623,140
6509584414,140
25067305,141
2566132610,141
2566132611,141
25067727,142
5104314096,142
25067728,142
5104314358,142
25067479,142
25067670,142
1719529597,142
1569312412,143
25067871,143
5141216792,144
5141216745,144
25067883,144
5141216790,144
6032044857,145
25067914,145
25067929,145
25067936,146
5141216742,146
5141216746,146
5141216782,146
5141216785,146
5141216787,146
25068755,147
25248117,147
25071136,148
25071145,148
2793874587,148
25071137,148
25071139,149
25071142,149
25151180,150
1832129958,150
25161346,151
4922952372,151
25161360,152
7906964248,152
5141625698,152
7906964249,152
25161371,153
28800667,153
5146186503,154
5146186504,154
5146186505,154
5146186507,154
25161373,154
7824747295,154
7824747302,154
6967585840,154
6967585841,154
6967585842,154
6967585843,154
1827389620,154
6967585845,154
1782727992,154
6446304190,154
5201625535,154
5201625537,154
5201625539,154
5201625541,154
700774224,154
4085778919,154
4085778927,154
4085778933,154
4085783105,155
5141228834,155
10543014339,155
4085783107,155
4085783106,155
7911267685,155
10543014343,155
7911267688,155
10543014346,155
6032044874,155
1722621711,155
1722621718,155
7911231384,155
6446292570,155
6446292571,155
25161375,155
3375451555,156
25248123,156
25248124,156
30056277,156
25248125,157
1211381855,157
10306429318,158
4166634955,158
4166634961,158
4166634962,158
5340811825,158
6446292564,158
25265077,158
3887941013,158
4085783099,158
2059790748,158
10306429312,159
10306423498,159
10306423499,159
25265080,159
2278320154,159
25504129,160
25504134,160
4643337012,160
2005131543,160
25503865,160
25503867,160
25503869,160
25470782,160
7610670890,161
7610670892,161
25470928,161
1678452788,161
1678452789,161
25471090,162
2036181339,162
1309180610,163
1309180612,163
1723389067,163
7792756412,163
7792756414,163
25471135,163
1309180608,164
25471274,164
7447565849,164
25632854,164
7447637305,164
7447637306,164
3691462888,165
25471289,165
2036185421,166
25472215,166
2294047355,167
25472324,167
321255907,167
4675821921,168
4675821924,168
4675821925,168
4675821931,168
4675821932,168
762080111,168
4675821944,168
25472379,168
4675821968,169
6483733489,169
25472428,169
6483733493,169
25472800,170
2940401398,170
25472890,171
1617647934,171
4675822095,171
1311962080,172
25473200,172
25473199,172
25473204,173
25473205,173
6871422361,174
5041784634,174
25473207,174
5574049698,175
5574049700,175
5574049702,175
5574049703,175
6779394887,175
5574049707,175
5574049709,175
4136124526,175
5574049717,175
25473279,175
25473281,176
8497605091,176
4777885221,176
4773889323,176
5905807278,177
10544409967,177
5905807279,177
25474005,177
10544409950,177
25474015,177
25474019,178
5976760444,178
5976760446,178
9694091976,179
9694091978,179
25475053,179
9694091983,179
9694091984,179
25475072,180
585180151,180
6332695639,180
277337783,180
4529839800,180
7236131862,180
6332695642,180
25475330,181
25475332,181
1617647944,181
25475182,181
762080145,181
762080190,181
25475328,182
9700060290,182
9700060291,182
9700060292,182
1155552322,182
1155552319,182
1990912136,182
1951242857,182
3385332654,182
9683686963,182
1990912115,182
4832472797,182
1137777343,182
1617647945,183
8785484306,183
25475331,183
1617596714,183
9135845216,184
25475417,184
3733791671,184
1233350889,185
283061836,185
1233350862,185
675734610,185
1402070363,185
675734613,185
25475419,185
1402070364,185
1402070365,185
675734622,185
25475561,186
9690878337,186
25475550,186
9699961628,187
25475661,187
1796137508,187
9690915267,188
8064065316,188
25475663,188
6696695781,189
25475678,189
25475688,190
25475690,190
9820538027,190
25475691,190
25499095,190
435104728,191
25475692,191
25475694,191
25475712,192
8064065315,192
25475754,193
1493229962,193
28728208,194
25477106,194
28728205,194
306439304,195
8632535522,195
25477149,195
8632535535,195
306439310,196
8632535532,196
25477150,196
306439338,197
25477154,197
306439329,198
25477156,198
25477197,199
2402557839,199
2935373159,200
249558409,200
25477228,200
25477301,200
25477335,200
3735886877,200
1327865956,201
57786953,201
3673602988,201
3809870260,201
25477339,201
5925626143,201
28419328,202
3528738439,202
3528738440,202
5257738380,202
5257738381,202
5257738382,202
5257738383,202
5257738384,202
5257738385,202
5257738386,202
5257738387,202
5257738388,202
2934411667,202
5160943793,202
5160943794,202
5160943795,202
5160943796,202
5160943797,202
5174828980,202
5160943798,202
5160943800,202
5160943799,202
8042031930,202
5160943803,202
5160943804,202
5160943806,202
5160943807,202
5160943808,202
4144358216,202
4144358217,202
5174825175,202
5174825176,202
251757533,202
5174825183,202
25477371,202
249679102,202
819157946,203
25477858,203
3661703766,203
1832052008,204
25495542,204
1832129783,204
25495617,205
25495618,205
350437608,205
5976672308,205
1816038230,205
25495769,205
10543800252,205
8645592520,206
8645592521,206
25495858,206
25495639,206
25495640,206
25495648,207
5014591895,207
25495646,207
1953202903,207
6354294763,208
25495820,208
1834657466,208
6354294779,208
1834657469,208
350437528,209
4275394254,209
25495822,209
4275398720,210
4275398721,210
4275398723,210
25495852,210
4275398714,210
4275398716,210
25495857,211
269550332,211
4689775161,211
759123955,212
25496100,212
269550896,213
25496617,213
269550331,213
269550684,213
323262310,214
25496623,214
7279228683,215
25496773,215
25496777,216
663363473,216
8972511964,216
25496785,217
1958800795,217
8972441125,217
1985084137,218
25496787,218
1985084135,218
25496788,219
25496781,219
25496800,220
5014591889,220
1816038199,220
8972441579,221
5265830862,221
25496815,221
25496825,222
5060391418,222
5060391821,222
1832129794,223
25496847,223
1832129776,223
1832129778,223
4077495826,223
1832129785,223
1684437690,223
1684437692,223
1832129789,223
25496920,224
4920098344,224
9820537921,225
9820537954,225
9820537955,225
9820537957,225
108393,225
7947041713,225
1601797458,225
9820537917,225
4571238068,225
1326821457,225
9820538006,225
9820538002,225
9820538004,225
5095890460,225
1938953431,225
25497340,225
1938953437,225
4142725554,226
25497595,226
25497603,227
1547657140,227
9693963688,228
1816705193,228
25497619,228
1816705177,228
1816705183,228
2480657188,229
25632678,229
2480657190,229
25497968,229
2135411292,229
2135411293,229
25497978,230
25497979,230
2755124807,230
2755124815,230
1150003329,231
25497981,231
5006916678,232
25497997,232
390073175,232
1723388988,232
6374802559,232
1685281025,233
1685281029,233
1685281031,233
1685281032,233
1685281035,233
1685281041,233
1685281045,233
1685281175,233
25498010,233
1686463389,233
1685281053,233
1686463392,233
1685281056,233
1685281058,233
1686463397,233
1685281061,233
1685281063,233
1685281064,233
1686463794,233
1685281075,233
1141415220,233
1685281077,233
1685281087,233
1686463428,233
1685281104,233
1685281123,233
1685281003,233
1685281006,233
1685281010,233
1685281011,233
1685281013,233
1685281017,233
1685281020,233
1685281021,233
250550447,234
25498015,234
25498016,235
6569580040,235
25498018,236
6374802582,236
6374802583,236
7792756713,237
25498026,237
5711517565,238
25499655,238
4378043682,239
25500246,239
25503841,240
25471681,240
1726730303,240
748885408,241
4240028578,241
4240028580,241
25503860,241
25503862,241
5114681227,242
8785457870,242
8785457871,242
25504143,242
5114681230,242
1726730162,242
25504144,242
1726730165,242
7607080091,242
7607080092,242
25505679,243
9988193967,243
25505607,243
4962956931,244
1828402760,244
9611081868,244
1938819283,244
2012969972,244
25505629,244
5223919938,245
3272782406,245
1312454087,245
25532332,245
3272712566,245
5473273376,246
1951616261,246
1951616268,246
5473273433,246
5473273363,246
1951616276,246
1782714747,246
25532377,246
5473273435,246
5473273372,246
5473273373,246
25532384,247
5227220846,247
6463230640,247
5238587992,247
6463234329,247
5238587994,247
1951616319,247
25532464,248
8807410152,248
5340811717,249
5340811719,249
5340811720,249
1401459399,249
1401459400,249
1401459403,249
25544110,249
5340811707,249
2577040703,249
316763600,250
316763586,250
25632859,250
25632864,251
25632865,251
1150003264,252
1141487746,252
25632870,252
5067002855,252
1150003247,252
8784212017,252
8784177716,252
5306194265,253
25634199,253
761830989,254
761831057,254
270110481,254
26374230,254
26374231,254
761831004,254
761831037,254
7271474850,255
7271474852,255
7271474841,255
26374236,255
26374237,255
1566270021,256
5335245256,256
5335245257,256
5768339816,256
5768339817,256
1566270409,256
30057965,256
692162559,256
27481039,256
27481040,256
27481041,256
692162514,256
5342236721,256
27481044,256
30056280,256
27458331,256
692162527,256
5342236739,257
1550763620,257
5342236740,257
27458353,257
471488472,257
6995618979,258
9080098315,258
9080098316,258
27459120,258
302013776,258
1014803736,259
28418497,259
2935392676,259
3528738438,259
9080098310,259
3073173585,259
9030037139,259
3528710291,259
2914561272,259
2914561274,259
27459165,259
27460210,260
429346236,260
4534184514,260
27459198,260
4430996033,261
27459971,261
3906588452,261
3247933381,261
2934288518,261
3906588454,261
27459729,261
2934288530,261
27460198,262
843376594,262
2870261844,262
27459830,262
6995618971,262
3906588446,262
27459905,263
429346242,263
1312471267,263
429346243,263
742399752,263
4629462859,263
429346253,263
5116226063,263
28418877,263
3906588448,264
27460226,264
3930921860,264
251892523,264
3708234956,264
3708234955,264
3708234957,264
4089885906,264
3932064154,264
3932064156,264
3932064957,264
27480957,265
347542742,265
347542743,265
27480960,266
9678821156,266
28193265,267
3170676207,267
302013688,268
3892081377,268
3892081378,268
5768339777,268
2140124996,268
249679365,268
4344245894,268
3892081382,268
7817162919,268
1014803691,268
302013682,268
28418141,268
2140124982,268
2140124983,268
1014803704,268
28418138,268
3892081373,268
28418144,269
472493763,269
4344245892,269
4344245893,269
6969936102,269
9080123621,269
6969936104,269
6969936106,269
6969936108,269
6969936109,269
6969936110,269
302013777,269
6969936114,269
6969936115,269
6969936116,269
6969936117,269
249679168,270
28418580,270
4155841816,271
843376610,271
32838084,271
28418859,271
843376591,271
4223357841,271
4155841810,271
4155841811,271
3632581622,271
4430996024,271
4155841818,271
4430996027,271
4155841820,271
5106520280,272
429346251,272
28418909,272
3984132032,273
3984132036,273
3984132037,273
302013708,273
4422013486,273
4089885902,273
28418929,273
2990651905,274
1758552547,274
1758552521,274
1758552522,274
1758552555,274
1758552524,274
1758552559,274
1758552592,274
2990664881,274
28800660,274
1758552541,274
1401908258,275
250550174,275
28800661,275
28800662,275
1758552682,276
5040168491,276
1759454378,276
1759454351,276
973128722,276
28800663,276
2990716985,276
8869464371,277
28800668,277
8869464390,278
5041945479,278
250550024,278
5041945480,278
250550023,278
873809385,278
8869464398,278
8869464407,278
1343823418,278
28800670,278
3375451561,279
30056255,279
1547392865,280
30056330,280
5580861156,280
707377287,280
32825440,281
843376569,281
32825442,282
843376588,282
32921724,283
761830991,283
32921728,284
32921729,284
32921731,284
4697525030,284
4697525032,284
1401849768,284
26374229,284
270110053,285
270110054,285
32921737,285
32921738,285
270109325,285
751837551,285
751837591,285
32921748,286
32921743,286
8785567909,287
7223668012,287
5006063180,287
7223704403,287
7223704404,287
33141178,287
1148276284,287
8785568222,287
3741131608,288
149431715,288
3247824558,289
149451622,289
354886099,290
213668839,290
1685276643,291
250549700,291
250549699,291
8868010217,291
213668842,291
213668844,291
8868010221,291
8868010202,291
8868010204,291
255700677,292
250327547,292
2642878644,292
213672005,292
2987752071,293
2987752073,293
2990717001,293
2987752074,293
5269670540,293
244128951,293
2990716984,293
249558964,294
1042862718,294
7815533545,295
7815533546,295
249558966,295
249559005,296
302013662,296
249560091,297
7900221087,297
4116809027,298
249679343,298
4948602211,299
3168378376,299
4949004105,299
4949004106,299
249679407,299
670103314,299
249679418,299
3068270516,300
3068270518,300
7817166393,300
249679420,300
7817166397,300
1401416208,301
250326914,301
250327037,302
1310663631,302
250327576,303
2642612586,303
3809744384,304
3809744385,304
3809744451,304
3809744386,304
3809744387,304
338319877,304
3809744389,304
3809744390,304
3809744392,304
3809744395,304
3809744396,304
3809744398,304
3809744400,304
3809744401,304
3809744403,304
3809744404,304
906172949,304
3809744406,304
4317178392,304
3809744409,304
3809744412,304
3809744414,304
3809744415,304
3809744416,304
3809744417,304
3809744418,304
3809744419,304
1150003237,304
3809744421,304
3809744423,304
3809744426,304
3809744430,304
3809744431,304
3809744432,304
3809744433,304
3809744434,304
3809744436,304
3809744439,304
3809744443,304
3809744444,304
3809744446,304
3805378111,304
1390303296,304
3805378113,304
3805378114,304
3805378112,304
3805378116,304
3805378117,304
3809744453,304
3805378119,304
3805378120,304
3805378121,304
3805378122,304
3805378123,304
3805378124,304
3629217348,304
1327865952,304
4383581281,304
1327865953,304
1327865957,304
7151566952,304
250327660,304
3808625773,304
3808625778,304
3808625780,304
3808625782,304
3808625785,304
3808625786,304
3808625791,304
3808625796,304
4749094023,304
1271712905,304
4749094026,304
3808625804,304
1271712911,304
3808625809,304
1271712914,304
1271804564,304
2129578133,304
2129578132,304
1271712920,304
1271712922,304
2129578142,304
1271712931,304
1271712934,304
3808625831,304
3808626859,304
3808626860,304
3808625835,304
3808626862,304
3809744558,304
3808625837,304
3808626865,304
1271712946,304
3808625843,304
3808626868,304
3808626869,304
3808625844,304
3809744565,304
3808626872,304
3808626871,304
1255487162,304
3809744571,304
3809744572,304
1271712957,304
3808625853,304
3808625855,304
3808626878,304
1039290561,304
3808626882,304
1255487171,304
3808626884,304
3808625854,304
1255487174,304
3808626886,304
1255487176,304
1255487177,304
3808626887,304
3808626893,304
3808626895,304
3808626896,304
1255487187,304
3808626902,304
3808626904,304
3808626905,304
728370399,304
8210567392,304
3808626913,304
1039290594,304
3808626914,304
8210567395,304
1150003385,304
3808626912,304
8210567396,304
8210567401,304
8210567402,304
3808626923,304
3808626922,304
6574794989,304
3808626929,304
3808626934,304
3808626935,304
1255320311,304
3629217345,304
3808626940,304
3808626941,304
4317211389,304
3629217346,304
3808626945,304
3629217347,304
3808626947,304
251757321,304
1255490314,304
3733299982,304
1255320339,304
3733299988,304
1255320354,304
1255320363,304
9030284977,304
4316822830,304
1255320367,304
9030284983,304
8042031957,304
8042031958,304
1271774552,304
3805122394,304
3805122396,304
4382350190,304
4382273404,304
3988141441,304
3988141442,304
1255369105,304
1255369111,304
1255369125,304
4317187494,304
1255369128,304
1255369135,304
3093894066,304
1255369140,304
3809870261,304
3809870262,304
3809870264,304
3809870265,304
3809870266,304
2560785849,304
3809870267,304
1255369148,304
3809870269,304
3809870270,304
1255369152,304
4511948225,304
3809870272,304
3809870273,304
1255369156,304
3809870277,304
1255369159,304
3809870281,304
3809870283,304
4511972301,304
4511972302,304
3809870287,304
3809870288,304
3152307669,304
2254629351,304
4316823023,304
3637436403,304
3637436404,304
806373565,304
3809744380,304
3809744381,304
3809744383,304
4453606953,305
250549282,305
4224123324,305
4453606958,305
3114645200,306
354886082,306
250549670,306
3550836104,307
251757458,307
251757452,307
3550836102,307
1039290567,308
5242815659,308
1039322102,308
251757615,308
252601811,309
4430996044,309
252729234,310
4726152859,310
4726152860,310
256766536,311
256766537,311
1837610896,312
1163955034,312
269547420,312
1837610895,312
1163955128,313
269549105,313
269550786,314
8373690819,314
269550898,314
4689775126,314
8785484313,314
269550330,314
269550783,314
10196915587,315
10196915588,315
10196915589,315
321255911,315
751837736,315
10196915593,315
2134066506,315
1419544126,315
270109326,315
270109327,315
1419544142,315
270109370,315
270112540,315
270110142,315
270112539,316
1401849779,316
321255910,316
283062189,317
690295047,317
302013666,318
302013668,318
302013672,319
27480956,319
302013683,320
7899973206,320
4344245890,321
302013685,321
316763513,322
316763500,322
2990806415,323
1759454163,323
2990806411,323
316763559,323
316763584,324
5046627553,324
1215563891,324
5046627645,324
316763595,325
316763590,325
323260106,326
1816038214,326
4275394255,327
350377999,327
1832052016,328
350628799,328
3257317059,329
4729480806,329
4729480807,329
355416887,329
3830441937,329
4571244663,329
367121266,330
3708234964,330
1547013743,330
1233350847,331
7644741346,331
7644741345,331
7644741348,331
6110164647,331
377490664,331
1312932849,331
10013517434,331
7644741343,331
1686463489,332
1686463523,332
3739049325,332
1686463503,332
1686463471,332
1686463505,332
1686463476,332
1686463510,332
390073208,332
4085767970,333
419350723,333
4085767979,333
4089236236,333
419350669,333
1536948492,333
4166634960,333
429346241,334
4534184515,334
1813618288,335
435104715,335
435104717,335
1723340842,336
435104742,336
8972511962,337
438170475,337
5711517570,338
5711517571,338
4703559689,338
5479654172,338
5479654175,338
5479654177,338
2331184930,338
2331184932,338
2331184935,338
1723388979,338
446765895,338
446765900,338
5479655630,338
4703542485,338
4703542486,338
6525670236,338
6525670237,338
2135411294,338
2135389151,338
2135411296,338
2135411297,338
6525670242,338
7882485394,339
10308697502,339
469785734,339
470727722,340
4822267094,340
1707790074,340
8807441179,341
10311362236,341
470729237,341
1655418222,341
8785457865,342
8785457866,342
8785457867,342
470729292,342
1793420652,342
1678452796,342
1678452797,342
1835355964,342
1835355965,342
471488499,343
1493722803,343
10543014340,344
1722621701,344
10542989479,344
1719663634,344
1719529599,344
473219610,344
1719661631,344
2137096880,345
473257581,345
473258313,346
10543014390,346
6458938007,346
6458938008,346
5905893980,346
473262660,347
473262822,347
473264514,348
4627491650,348
4627445252,348
4627445253,348
4627445254,348
4627445240,348
473264937,348
7179983946,348
7179983947,348
4627445260,348
4627445241,348
10310609879,348
3696548440,348
10310609881,348
10310609852,348
10310609887,348
490947124,349
490947077,349
9135848928,350
585130362,350
9683400934,351
4085387943,351
4085387945,351
5574051321,351
4166219502,351
8031801454,351
5574049719,351
3999987604,351
9683633717,351
9683633718,351
5574049718,351
4085600696,351
4229228089,351
4085600698,351
585148380,351
1561411396,352
585201189,352
4462680068,353
7840712839,353
4462680078,353
5642519055,353
5642519056,353
5642519060,353
595709975,353
5573994014,353
5573994016,353
5573994020,353
1360122937,353
4512763345,353
4512763347,353
5839155672,353
1360122841,353
5460658138,353
1360122860,353
5573931376,353
1360122866,353
5573931380,353
5573931381,353
5573931384,353
3068267824,354
670103313,354
3068267825,354
673420216,355
1563638022,355
5335245254,356
1566269741,356
692162510,356
4117882857,357
2528522547,357
694824861,357
697044225,358
707377382,358
5904615699,359
713363180,359
2528483742,359
4715264001,360
4715264002,360
4715264004,360
722208263,360
4715263992,360
4136137530,360
1609966639,361
4370333651,361
4370333653,361
748799641,361
4370333657,361
751837654,362
751837622,362
761830981,363
761830987,363
9566848716,363
761831019,363
761831023,363
761831000,363
761831007,363
796809545,364
8497605078,364
6446218920,365
811035012,365
6446229925,365
835390894,366
835390887,366
4155841827,367
843376643,367
1759454211,368
5060388105,368
5060388107,368
5060388110,368
875789647,368
1759454222,368
5060388115,368
1311962012,368
5146186489,369
950703626,369
3894948098,370
3894948099,370
3894948100,370
1042862659,370
1014803686,370
7817166407,370
3892081384,370
3014236570,370
3014236566,370
3014236567,370
3186593720,370
3014236569,370
3186593722,370
3894948091,370
3894948093,370
1039322041,371
5174825178,371
5174825180,371
5174825181,371
4922952374,372
4922952365,372
1046306670,372
1141415202,373
1150003340,373
1150003503,373
1141487723,374
1150003155,374
5060405427,374
5060405429,374
5060405430,374
5060405434,374
1145174417,375
1145174418,375
9805100783,375
1816705135,375
5353127105,376
1145174435,376
1145174437,376
4158122222,376
1261120430,376
4158122223,376
1816777873,376
1261120402,376
1816777874,376
1816609498,377
1145174508,377
1145174501,377
1816777820,377
1150003141,378
5609643622,378
1150003479,378
1150003224,379
1150003170,379
1150003563,379
1150003238,379
1813618304,380
3739049382,380
1401893675,380
1150003472,380
25473202,380
1150003197,380
6816821186,381
5609643682,381
5609643652,381
5609643653,381
5609643686,381
5609643685,381
5609643656,381
5609643687,381
1150003213,381
5609643662,381
5609643673,381
5609643674,381
5609643676,381
1150003270,382
4823246344,382
1684835241,382
1309067472,382
1493658224,382
1685281076,382
1685281046,382
1685281079,382
1150003289,383
5040168489,383
1150003400,384
1731225575,384
1238259337,385
1731235492,385
1731235606,385
1150003423,385
5565486432,386
5565486434,386
3197339676,386
1150003480,386
3197339673,386
3197339674,386
1150003547,386
5565487612,386
1731225566,386
1163955119,387
1401870341,387
1163955037,387
5353114285,387
1233353464,388
1233353467,388
1233353642,389
1233353631,389
1987381555,390
1237876710,390
1237876703,390
1736734053,391
1238249900,391
1238249901,391
1238249904,391
7900221108,391
1255491496,392
1255369133,392
4511972303,392
1255491504,392
4511972304,392
1255491506,392
1255487160,393
1255487172,393
1255487166,393
1268903266,394
10541894095,394
10541894097,394
4627445239,394
10310609849,394
1722268388,395
2387232554,395
2387232559,395
1722268367,395
1280491924,395
1280491926,395
1722268381,395
3741117630,395
2402557599,395
4807521484,396
7636278199,396
1309067471,396
3741131600,396
3320754320,396
8898783674,396
3320754322,396
7636278196,396
7636278195,396
3741131606,396
7636278198,396
1723315608,396
3247825561,396
3247825562,396
7636278200,396
7636278193,396
7636244314,396
2545230474,397
1312188614,397
2538458897,398
1312188886,398
2218344503,398
5473274891,399
1365887500,399
3136311315,399
3136311316,399
8807429659,399
5473274911,399
5473274969,399
2218340965,399
5473274990,399
5473273966,399
5473273968,399
5473273967,399
4861365369,399
4861365370,399
4861365372,399
5473275004,399
5473274493,399
5473274494,399
4861365383,399
3136301730,399
3136301731,399
5473274540,399
7223365368,399
1939558651,399
2622212860,399
7223365372,399
2622212862,399
1939558655,399
2622212865,399
1939558661,399
2538458886,399
1939558663,399
3136301320,399
3136301321,399
1939558666,399
1939558667,399
3136301324,399
3136301325,399
2538458894,399
2538458895,399
3136301328,399
1939558672,399
2622212878,399
2622212885,399
2538458903,399
2622212887,399
2538458905,399
1939558681,399
2528522522,399
1939558684,399
2622212889,399
3139677982,399
1939558687,399
2622212895,399
2622212897,399
3139705124,399
2622212903,399
1939558697,399
1939558700,399
2622212914,399
2622212925,399
2622212927,399
2622222657,399
2622222658,399
2622222659,399
2622212930,399
2622212933,399
2622212937,399
2622212939,399
2622222668,399
2622212941,399
2622212942,399
4866976614,399
5473274242,399
1312264600,399
1733389278,399
2218362849,399
5473274866,399
5473274867,399
3741078112,400
1312319838,400
1939632514,401
2923703875,401
1939632519,401
1312335310,401
3870640530,401
5238500306,401
5238500308,401
5238500312,401
5238500313,401
1326821568,402
3830441923,402
3197339666,403
3197339667,403
1327865950,403
3794876751,403
25497611,404
8868824913,404
8868824914,404
1366095187,404
1813618228,404
1813618229,404
6871422360,404
1401893666,405
3739049383,405
1401926435,406
2387194149,406
2387194150,406
2387194123,406
2387194127,406
2387194128,406
2387194131,406
2387194133,406
8807429661,406
1547013592,407
1547013588,407
1547013574,407
1547013589,408
8807410151,408
1547013667,409
4402594986,409
1547013655,409
4402629177,409
4402629178,409
4402629180,409
1547013699,410
1550763732,410
1547013705,411
8807410149,411
4619022513,412
4619022514,412
6600283121,412
1547013754,412
3830029915,412
3830043581,412
1547392771,413
1547392927,413
1547657104,414
8064065323,414
8064065324,414
6218468163,415
1550763708,415
9704122317,415
6218468164,415
1556097098,416
1951372909,416
10306429333,416
1556097245,416
1951372927,416
5905897286,417
1556097111,417
1556097177,418
5905896973,418
1556097166,418
1556097306,419
1556097431,419
4169714272,420
7911282826,420
10306429323,420
1556097326,420
10306429327,420
8675201264,420
10306429328,420
4169714270,420
4169714271,420
1556097387,421
6446229933,421
3887941007,421
1556260024,422
3887941009,422
6446256190,422
1587318992,423
1587318999,423
1817617689,424
1596648669,424
1596648671,424
1599652497,425
5503142970,425
1599652492,425
5503142969,425
1617532088,426
4697287185,426
4696544876,426
4663312759,426
25473048,427
1617596591,427
1617596593,428
3328228993,428
6866592992,429
6866516262,429
2453947051,429
1637578547,429
1637578516,429
6866516278,429
1637578522,429
1637578551,430
1637578535,430
1649365894,431
1649365878,431
1664571236,432
1664571164,432
1664571229,432
1668135493,433
5565475799,433
10539068544,434
6509684096,434
10539589696,434
10539589701,434
1828402758,434
4085767974,434
10539589704,434
2665239978,434
10539589707,434
1678452780,434
10539589706,434
4085767983,434
10539648210,434
2620105428,434
4085767989,434
7610670769,435
7610670771,435
1678452790,435
6816821193,436
1684781436,436
1684781421,436
4948630427,437
4948630428,437
1684781486,437
6014333809,438
1684835019,438
1684835062,438
1684835097,438
1684835152,439
1684835156,439
1685281036,440
1685281022,440
1707790024,441
1707790026,441
7223709668,442
7223709669,442
1707790029,442
1726730029,442
1726730033,442
1835355931,442
7223709662,442
4650375494,443
1707790055,443
1707790057,443
4650375504,443
4650375505,443
1707790067,443
4650375508,443
4658088539,443
1955520890,443
3972566715,443
1707790105,444
6828921210,444
6828921211,444
1717643512,445
1717643505,445
1717643537,446
1717643530,446
1723388970,447
1723388957,447
1723388960,448
1723388981,448
1723388974,448
1723388976,449
1723388986,449
1726730080,450
1835356006,450
1835355944,450
1726730120,450
1726730123,450
1835356013,450
1726730167,450
1726730043,450
6458938011,451
6446292572,451
1727515734,451
1728472241,452
1731235489,452
1731235534,453
1731235511,453
1731235545,454
1731235557,454
1731235558,454
1733389217,455
1733389314,455
1733389249,455
1733389349,455
5334381837,455
2990651904,456
2990651906,456
2990651907,456
2990651908,456
2990651909,456
2990651910,456
2990651911,456
2990651912,456
2990651914,456
2990651918,456
1758552597,456
6866779809,457
6866779810,457
4316306161,457
4316306163,457
4316306164,457
2632761651,457
1761598585,457
6866779804,457
2920433449,458
1787108626,458
3107212073,459
1816609486,459
1816705152,460
1816705180,460
1816705168,460
1816705175,460
1816705250,461
1816705227,461
1816705235,461
1816705242,461
1816705246,461
4158000323,462
1816959492,462
4142725558,462
1817617691,463
1817617692,463
1832129809,464
4462680082,464
1832129796,464
1832228100,465
1832228080,465
1832228112,465
1832228144,465
1832228083,465
1832228115,465
1832228120,465
1832228159,465
1832666001,466
1832665997,466
1835355953,467
1835355961,467
1882379248,468
10090013713,468
10090013714,468
2306288080,468
3247578846,468
3987750688,469
5269678593,469
1951190474,469
1951616322,470
5096270631,470
1990694620,471
1990694647,471
2502545024,472
9619940387,472
1990912102,472
1990912134,472
4117896490,472
2502545041,472
9683400946,472
9678366518,472
9678523000,472
8031800090,472
8031800092,472
8031800094,472
2118622488,473
2118622487,473
2168949324,474
2168949325,474
8814668137,475
2197518969,475
8814668138,475
8814668133,475
5342236744,476
5641663538,476
5342236723,476
5342236724,476
5641663539,476
5342236728,476
2203268985,476
5342229818,476
6218501723,476
3265436260,477
4175081594,477
2341656968,477
4085747017,477
4697287178,477
4697287177,477
3911044734,477
4696568110,477
4174200048,477
3265436691,477
4696544885,477
4696545399,477
4175081593,477
4166662874,477
4166662878,477
2453947049,478
4211515634,478
2466442741,479
2466442743,479
2480657186,480
5060405446,480
2496836291,481
2496836303,481
6867581464,482
6867581465,482
2528483741,482
2528484781,482
3247589712,483
6569580044,483
6569580045,483
2531863975,483
2531863977,484
2531863978,484
2642857197,485
2642857199,485
2755124947,486
2755124949,486
6995618977,487
2872704413,487
2935373301,488
3809870263,488
2941549928,489
3519324894,489
2990651920,490
2990651921,490
3739049344,491
2990721387,491
5992797788,491
3739049346,492
2990732269,492
3081980920,493
3081980922,493
4749090120,494
3093897990,494
3100169049,495
107637,495
6116290280,496
5473274253,496
5473274254,496
5473274260,496
3139655930,496
3139655933,496
5473273470,496
5473274896,497
3141814027,497
3141817429,497
3158794148,498
3158794151,498
5473273067,498
5473273068,498
5473272882,498
5473272983,498
5473272984,498
3197339661,499
3170676206,499
3197339662,499
3272782432,500
1547013738,500
3272782431,500
5565466177,501
4086232870,501
4086232871,501
3471375913,501
3629223884,501
3629223885,501
3528711722,502
3682538298,502
3578315456,503
3586606037,503
3586606038,504
3586606039,504
3629223881,505
3629223890,505
4086232866,505
3704225378,506
4085778924,506
4085778928,506
4866552625,506
4085778934,506
25066684,506
3725817386,507
6374802579,507
3763565961,508
8755808627,508
8755805305,508
10539068550,508
3809744584,509
3808627066,509
3808627061,509
3809744583,509
3987750692,510
5977954180,510
9673189926,510
6110164649,510
7900888467,510
3850146457,510
6446292562,511
3887941012,511
5788363874,512
4208239642,512
5788363878,512
5907366887,512
5788363880,512
6978443788,512
4462680076,512
3972566705,512
3972566714,512
5839163740,512
3992885062,513
4697288399,513
4075008388,514
5565466174,514
4076095841,515
4076095834,515
4085778929,516
4085783103,516
4089885905,517
6294214898,517
6294214897,517
4715264006,518
4715264007,518
9690915275,518
6014302222,518
9690915278,518
25475664,518
6014302224,518
6014302225,518
9216868143,518
9216868145,518
4136137529,518
4167762778,518
4715263995,518
4715263998,518
6288147785,519
6288147786,519
6218501757,519
4195103055,519
4367041960,520
8755805313,520
4367041962,520
5177397824,520
4369519260,521
4369519219,521
4369519227,521
4369519206,521
4378043649,522
4378043667,522
4378043661,522
4378043662,522
7636278201,523
4401149234,523
7636278191,523
4552504562,524
4430996023,524
4688513242,524
4688513244,524
4688513245,524
6218501724,524
4430996028,525
4430996029,525
4530012705,526
4530012706,526
4530012707,526
4729385030,526
4729385031,526
4530012711,526
4530011788,526
4530012690,526
4530012691,526
4530012695,526
4530012696,526
5473272900,527
5473272902,527
5473272904,527
4534858543,527
5473272700,527
4571244660,528
5503142966,528
4665352264,529
4665352260,529
4665352261,529
4665352262,529
4665353643,530
4665353644,530
4665353660,531
4665353662,531
4675822093,532
4675822094,532
4675822097,532
4675822099,532
4675822100,532
4696545402,533
4697288390,533
367102039,533
4696545403,534
4697287188,534
25496851,535
4730978983,535
4781199345,536
4781199346,536
4781199348,536
4781199350,536
4781199352,536
4781199354,536
4781199355,536
5006063176,537
4691460851,537
6374802572,538
5006965588,538
5006965589,538
5009054889,539
5009054892,539
5046005789,540
5046005790,540
5046314074,541
5046314077,541
5060405441,542
5060405443,542
5060405444,542
5060405445,542
5060405461,543
1954751918,543
5094718794,544
5094718798,544
5095547184,545
5095547180,545
5095547181,545
5095547182,545
5141625635,546
5141625637,546
25067400,546
5141625655,546
5141625621,546
5141625654,546
5141625623,546
5141625653,546
5141625625,546
5141625630,546
5141625681,547
5141625699,547
5146186468,548
25067397,548
5146186470,548
6978459068,549
5177352922,549
5177352932,549
5242049139,550
6506796188,550
5468301601,551
10607626,551
5468301602,551
6431923714,552
6431923715,552
5471345385,552
308837357,552
9846850972,552
9846850973,552
9846850974,552
5473272896,553
5473272897,553
5473272899,553
5473272894,553
5473272895,553
5473273425,554
24950114,554
5473273788,555
5473273789,555
5473273790,555
5473273795,556
5473273796,556
5473273791,556
5473273803,557
5473273805,557
5473273798,557
5473274256,558
5473274257,558
5473274259,558
5473274252,558
5475684676,559
5475684680,559
5475684684,559
5475684621,559
5475675316,559
5564754892,560
5564410334,560
5580861153,561
5580861151,561
5609643623,562
5609643663,562
5609643664,562
5609643665,562
5609643670,562
5609643672,563
5609643675,563
5642519054,564
5839165751,564
5642519066,564
5642519068,564
5642519069,564
5733997920,565
5733997919,565
5904585328,566
27460439,566
5904615691,567
5904615694,567
9216868136,568
9216868137,568
5924603442,568
5924603450,569
6265654111,569
5927671120,570
5927671121,570
6218501748,571
6218501739,571
6218501740,571
10599654857,572
6218501758,572
6218501759,572
6266867113,573
6266867114,573
9690974277,573
6266867111,573
6369329170,574
6369329155,574
4076095262,574
6525701529,575
4142725557,575
6525701539,576
6525701540,576
6525701530,576
6525701533,576
6525701535,576
6606148797,577
6606148798,577
6855696495,578
6855696496,578
6855696497,578
6855696502,578
6855696503,578
6855696504,578
6855696506,578
6918421504,579
6918421508,579
6918421511,579
6918421512,579
6918421513,579
6948380400,580
6948380401,580
6116290274,580
6948380395,580
7553887392,581
8869435273,581
8869435267,581
8869435272,581
7792756538,582
7792756539,582
7792756540,582
7792756672,583
7792756674,583
7792756676,583
7792756680,583
10543014371,584
10543014372,584
10543014373,584
7911267686,584
10543014374,584
10543014377,584
10543014379,584
10543014380,584
10543014386,584
10543014388,584
10543014362,584
10543014363,584
10543014367,584
8357847937,585
8357847938,585
8357847939,585
8357847927,585
8357847928,585
8357847929,585
8357847930,585
8357847931,585
8357847932,585
8357847933,585
8357847934,585
8500636794,586
5924603460,586
8515091587,587
8515091590,587
10579930791,588
10579930792,588
8783914189,588
8783914190,588
8604055549,588
8604055550,588
8620105277,589
8620105279,589
25532494,590
8807410150,590
8814668136,591
8814668131,591
8814668135,591
8868010160,592
8868010162,592
250327159,592
8869435257,593
8869435266,593
9080098298,594
9080098299,594
25509513,595
9197589238,595
9524817681,596
9524817682,596
9690974273,597
9690974274,597
9804471701,598
9804471702,598
25496854,598
10241310755,599
25509526,599
10306423508,600
10306429309,600
10306429310,600
10306429319,600
10539068564,601
10539068565,601
2665239972,602
10539068590,602
