node_id,cluster_id
1816959492,0
25497619,0
5095890460,0
5503142966,0
5503142969,0
5503142970,0
9820537917,0
9820537921,0
1736685635,0
9820537932,0
9820537933,0
1326821457,0
4297243218,0
1816777816,0
9576827482,0
25475674,0
1816777820,0
25475678,0
775984737,0
775984738,0
9820537955,0
9820537954,0
9820537957,0
4729480806,0
4729480807,0
25475692,0
25475693,0
25475694,0
1816705135,0
1736685679,0
4571244660,0
4571244663,0
9820537981,0
9820537982,0
1816705152,0
9820537992,0
9820537993,0
1599652492,0
1816705168,0
1599652497,0
1816777873,0
1816777874,0
9820538002,0
9820538004,0
9820538006,0
25509527,0
1816705175,0
1816705177,0
1816705180,0
25509533,0
25509534,0
1816705183,0
4297243292,0
4297243295,0
4297243298,0
4298971293,0
9820538020,0
4297243301,0
4158004390,0
9820538021,0
25475752,0
1816705193,0
25475754,0
4297243306,0
9820538022,0
10579930792,0
10579930791,0
4571238068,0
4571238069,0
1938953406,0
1326821568,0
5353127105,0
4158000323,0
3257317059,0
1938953413,0
748797126,0
1816705227,0
8783914189,0
1816609486,0
6828863694,0
8783914190,0
6828863697,0
1816705235,0
6272993491,0
1938953431,0
748797145,0
1816609498,0
1816705242,0
1938953433,0
1938953437,0
1816705246,0
1596648673,0
1832129762,0
1816705250,0
748797155,0
4158122222,0
4158122223,0
9805100783,0
21990638,0
25497340,0
4298970364,0
4298970368,0
4076126468,0
4298970372,0
4298970376,0
4298970380,0
4298970384,0
4298970388,0
1664571164,0
3107212073,0
355416887,0
355416892,0
7946372941,0
5516594509,0
355416911,0
4297242961,0
1601797458,0
355416920,0
355416921,0
109403,0
1664571227,0
1664571229,0
1664571236,0
4297054053,0
4297242983,0
108393,0
108406,0
104318,0
1145174402,0
1493229962,0
1145174413,0
1145174417,0
1261120402,0
1145174418,0
6525701529,0
6525701530,0
6525701533,0
6525701535,0
9693963681,0
6525701539,0
6525701540,0
1145174437,0
1145174435,0
9693963688,0
710657963,0
1261120430,0
7947041713,0
4142725554,0
4142725557,0
4142725558,0
1813618616,0
7075087299,0
3830441923,0
3830441937,0
1401849810,0
25499093,0
435104726,0
435104727,0
435104728,0
435104729,0
1145174501,0
6696695781,0
1145174508,0
422573549,0
6239229422,0
6239229423,0
1913216493,0
25497595,0
8604055549,0
8604055550,0
6369329155,1
1678452753,1
6369329170,1
1726730272,1
10241310756,1
1726730281,1
1678452780,1
1726730292,1
1678452789,1
1678452788,1
1726730295,1
1678452793,1
10539589691,1
10539589692,1
1726730303,1
10539589696,1
1726730307,1
10539589701,1
10539589704,1
262078536,1
10539589706,1
10539589707,1
2398924877,1
2398924886,1
1726730326,1
1726730329,1
4379801694,1
2398924896,1
25503841,1
2398924898,1
25503845,1
25503848,1
4379801706,1
25503851,1
25503856,1
1726730354,1
25503860,1
25503862,1
25503863,1
25503865,1
25503867,1
25503869,1
4696545406,1
5342251136,1
25503873,1
25503876,1
25503880,1
25503885,1
419350669,1
5342251151,1
5177397419,1
368044217,1
490946748,1
419350723,1
10309140683,1
10309140686,1
1938819302,1
490946813,1
10309153022,1
10309153023,1
10309153025,1
10309153027,1
1536948492,1
2005131543,1
10309472541,1
10309472542,1
10309472543,1
10309472544,1
10309472547,1
10309472548,1
10309472553,1
4076095791,1
4076095797,1
2140432704,1
237911,1
4076095834,1
473266524,1
4076095841,1
8755808618,1
1955520879,1
8755808627,1
25504128,1
25504129,1
5207476609,1
5207476608,1
473264514,1
5207476613,1
25504134,1
5207476611,1
5207476616,1
25504143,1
25504144,1
10572178,1
10572179,1
10572180,1
1668112790,1
1668112792,1
20965798,1
20965799,1
20965800,1
20965801,1
747893184,1
10541894095,1
10541894097,1
864817628,1
8785484288,1
490947077,1
747893264,1
268124704,1
3267461666,1
1777740337,1
490947124,1
5177397822,1
5177397823,1
5177397825,1
5177397826,1
5177397828,1
10539856459,1
3696548432,1
3696548437,1
25500246,1
3696548438,1
3696548440,1
3267461729,1
1905779367,1
1905779369,1
25471681,1
8785457870,1
8785457871,1
2620105428,1
4175059691,1
25471732,1
25471740,1
1649365762,1
1649365764,1
473268999,1
25500427,1
4089236236,1
10309458701,1
1649365780,1
1649365789,1
1649365797,1
4643337000,1
473264937,1
1649365800,1
4627491632,1
1649365810,1
1163954995,1
4643337012,1
1649365816,1
1649365820,1
4627491645,1
4627491650,1
1777742666,1
1163955034,1
473269102,1
25500535,1
4240028578,1
4240028580,1
4643337143,1
10310609849,1
4643337146,1
10310609852,1
10310609879,1
10310609881,1
10310609887,1
10310609894,1
25504753,1
1360122917,1
1609966639,1
1609966643,1
1609966653,1
7179983946,1
7179983947,1
4150883407,1
4150883409,1
8755805288,1
10539068534,1
8755805305,1
8755805306,1
7827997819,1
10539068544,1
473267328,1
10539068550,1
107667,1
107668,1
10539068565,1
10539068564,1
7607080091,1
7607080092,1
1239549084,1
5009054881,1
107684,1
107685,1
107686,1
10539068590,1
5009054894,1
5009054898,1
419632307,1
10539068598,1
473265346,1
4197401800,1
4197401802,1
10539648210,1
4197401811,1
4197401813,1
2360681703,1
21685483,1
21685484,1
21685485,1
2360681709,1
2360681711,1
2360681713,1
2360681716,1
4378043649,1
4378043661,1
4378043662,1
4378043667,1
4378043682,1
1268903266,1
7946378606,1
7946378609,1
7946378610,1
6509684096,1
4158223748,1
3763565957,1
3763565959,1
3763565961,1
3763565962,1
748885408,1
2665239972,1
2665239978,1
4166634960,1
4627445215,1
4627445239,1
4627445240,1
4627445241,1
956233215,1
956233216,1
4627445252,1
4627445253,1
4627445254,1
8620105223,1
4627445257,1
4627445260,1
4627445261,1
473265708,1
8620105262,1
10539712057,1
10539712058,1
1828402758,1
1828402774,1
25577057,1
473265762,1
4696544883,1
264824452,1
748799641,1
3972566710,1
7613626042,1
7613626044,1
7613626045,1
7613626046,1
7613626047,1
1214922433,1
7613626050,1
1707790023,1
1707790024,1
1707790026,1
7613626059,1
7613626060,1
7613626066,1
7613626070,1
4034060007,1
4034060015,1
4329502449,1
4034060018,1
2265065203,1
4034060017,1
2265065207,1
8868824844,1
4379801357,1
6137798425,1
4076095262,1
4085767970,1
4085767974,1
7610670890,1
4085767979,1
7610670892,1
4085767983,1
4085767989,1
25470782,1
7610670912,1
7610670913,1
7610670919,1
7610670920,1
4530339698,1
4530339699,1
104319,1
5114681227,1
5114681230,1
1837610895,1
1837610896,1
1813794712,1
1813794713,1
269547420,1
1726730162,1
1726730165,1
4370333637,1
25470928,1
4370333651,1
4370333652,1
4370333653,1
4370333657,1
104320,2
1215563904,2
373364228,2
1401870341,2
1649365894,2
1401870340,2
1726730375,2
3229825163,2
5475684621,2
6369329166,2
3229825166,2
8868824851,2
8868824852,2
3229825173,2
5475684758,2
8868824855,2
8868824856,2
8868824857,2
5475684763,2
107681,2
20965794,2
20965797,2
107687,2
18397096,2
20965803,2
5353114285,2
1163955119,2
269549104,2
269549105,2
5475675316,2
1163955128,2
1163955130,2
5475684676,2
5475684680,2
10263444809,2
5475684684,2
441958994,2
1163955037,2
21693793,2
21693795,2
5475684848,2
1649365878,2
1215563895,2
1771426174,2
6509584414,3
2218344503,3
2218344510,3
25477197,3
24658003,3
24658007,3
24658010,3
1327865950,3
32825440,3
1327865952,3
32825442,3
1327865953,3
1327865956,3
1327865957,3
7151566952,3
25477224,3
7151566955,3
25477228,3
25067636,3
2934268024,3
6446301329,3
27459729,3
25067670,3
10542989479,3
10542989484,3
1827389620,3
25477301,3
25067727,3
25067728,3
25477335,3
25477339,3
27459830,3
6463234329,3
5925626143,3
27459905,3
25067871,3
25067883,3
25248112,3
25248113,3
25248114,3
25248115,3
25248117,3
3272712566,3
25248119,3
25248118,3
25248120,3
25248122,3
25248123,3
25248124,3
10306429309,3
10306429310,3
25248126,3
5087519104,3
10306429312,3
5087519106,3
25248130,3
25248129,3
25248128,3
10306429318,3
10306429319,3
25248127,3
27459971,3
25067914,3
27459970,3
25067929,3
5065949596,3
5065949598,3
25067936,3
10596794785,3
3809870259,3
3809870260,3
3809870261,3
3809870262,3
3809870263,3
3809870264,3
3809870265,3
3809870266,3
259252667,3
4224123324,3
3809870269,3
3809870267,3
5201625535,3
3809870270,3
5201625537,3
3809870272,3
5201625539,3
10543014340,3
5201625541,3
10543014339,3
10543014343,3
9690915267,3
3809870281,3
10543014346,3
6465896907,3
9690915275,3
6465896909,3
9690915278,3
3809870283,3
3809870287,3
3809870288,3
10543014362,3
10543014363,3
10543014367,3
10543014371,3
10543014372,3
10543014373,3
10543014374,3
10543014377,3
10543014379,3
10543014380,3
10543014386,3
10543014387,3
10543014388,3
10543014390,3
4830306810,3
4830306813,3
4530012690,3
4530012691,3
470729237,3
4530012695,3
4530012696,3
473219610,3
4530012705,3
4530012706,3
4530012707,3
1796137508,3
4530012711,3
295977520,3
4430996023,3
4430996024,3
4430996027,3
4430996028,3
4430996029,3
4430996033,3
57786953,3
470729292,3
4430996044,3
1779589718,3
5238587992,3
5238587994,3
27460198,3
27460210,3
27460226,3
1268892338,3
3715515059,3
1268892379,3
4333847283,3
251757321,3
1255490314,3
8807441166,3
3733299982,3
3733299988,3
8807441176,3
8807441177,3
8807441178,3
8807441179,3
1268900644,3
28418859,3
28418877,3
1268900678,3
27460439,3
4167762776,3
5473272665,3
4167762778,3
5473272666,3
5473272668,3
28418909,3
28418921,3
1268892533,3
1268892541,3
5043864464,3
6055863205,3
6055863211,3
25265077,3
25265080,3
1312932849,3
585180151,3
1721713677,3
7926506525,3
7926506531,3
1721713699,3
5473272894,3
5473272895,3
5473272896,3
5473272897,3
107585,3
5473272899,3
107588,3
107587,3
107584,3
107586,3
675734610,3
675734613,3
107606,3
6332695639,3
5046314074,3
6332695642,3
5046314077,3
675734622,3
4383581281,3
107626,3
107627,3
3808625773,3
107632,3
107634,3
3808625778,3
3808625780,3
107637,3
3808625782,3
107641,3
3808625786,3
107643,3
107644,3
3808625785,3
107646,3
3808625791,3
5165786242,3
3808625796,3
5165786245,3
7623861385,3
3808625804,3
3808625809,3
5473272978,3
2793874587,3
3808625831,3
1556260011,3
3808625835,3
3808625837,3
1728472241,3
3808625843,3
3808625844,3
3808625853,3
3808625854,3
3808625855,3
25068755,3
5473273069,3
5473273070,3
5473273071,3
5473273072,3
5473273139,3
5473273140,3
5473273141,3
5473273142,3
1782727992,3
25068862,3
2577040703,3
5473273154,3
6288147785,3
6288147786,3
1402070363,3
1402070364,3
357999964,3
1402070365,3
3515286913,3
5473273227,3
3887941012,3
3887941013,3
3664405913,3
25544110,3
10599654857,3
5473273295,3
252601811,3
3152307669,3
5473273305,3
5473273326,3
5473273332,3
722208263,3
25069071,3
5473273363,3
5473273364,3
5473273368,3
5473273372,3
5473273373,3
5473273376,3
5473273379,3
4453606953,3
722208297,3
4453606958,3
2929116721,3
5924603442,3
5473273399,3
5924603450,3
5565466174,3
5565466175,3
5565466177,3
10311362114,3
10311362115,3
5565466183,3
6018098767,3
5473273425,3
5473273429,3
5473273433,3
5473273435,3
5473273441,3
10311362148,3
10311362150,3
10311362153,3
10311362154,3
5473273451,3
5473273457,3
10013517434,3
25069197,3
5473273490,3
5473273499,3
5473273500,3
7824803495,3
7824803497,3
1493722804,3
3664398006,3
3664398007,3
3664398009,3
10311362236,3
25069265,3
10311362270,3
10311362271,3
10311362272,3
5473273571,3
5104314096,3
4866623226,3
4866623228,3
24659709,3
4866623230,3
2378843907,3
5473273604,3
5473273605,3
5473273606,3
5473273607,3
5473273610,3
3141814027,3
5473273612,3
5473273611,3
5473273613,3
5473273615,3
5473273621,3
5473273622,3
5473273623,3
2920433449,3
5090420611,3
108420,3
5090420613,3
5090420614,3
5104314264,3
5104314266,3
5104314268,3
5104314269,3
5104314270,3
5104314272,3
5104314275,3
5104314276,3
843376569,3
3247933381,3
843376588,3
843376591,3
843376594,3
1731225566,3
1725360097,3
2218362849,3
843376610,3
1731225575,3
1731225580,3
5104314358,3
1731225596,3
843376643,3
2278320142,3
3197339664,3
3197339666,3
3197339667,3
3197339668,3
3197339673,3
2278320154,3
3197339674,3
3197339676,3
1150003237,3
2278320167,3
1678452790,3
1678452792,3
1678452795,3
1678452796,3
1678452797,3
9690974277,3
5473273966,3
5473273967,3
5473273968,3
2129578132,3
2129578133,3
1150003354,3
2129578142,3
3334162601,3
3808626859,3
3334162604,3
3808626860,3
3808626862,3
3808626865,3
3808626868,3
3808626869,3
3808626871,3
3808626872,3
1150003385,3
806373565,3
3808626878,3
4688513218,3
3808626882,3
3808626884,3
4688513221,3
3808626886,3
3808626887,3
1150003400,3
4688513226,3
4688513227,3
5090420940,3
5090420941,3
4688513230,3
4688513231,3
3808626895,3
3808626896,3
3808626893,3
1938819283,3
1938819284,3
4688513237,3
3808626902,3
4688513240,3
3808626905,3
4688513242,3
2969438426,3
4688513244,3
4688513245,3
1938819294,3
3808626904,3
3808626912,3
3808626913,3
3808626914,3
1150003423,3
1938819301,3
3808626922,3
3808626923,3
6574794989,3
1717643505,3
3808626929,3
1938819317,3
3808626934,3
3808626935,3
1938819320,3
1717643512,3
3808626940,3
1938819325,3
1938819326,3
3808626941,3
1938819328,3
3808626945,3
1938819330,3
3808626947,3
1938819335,3
3136301320,3
3136301321,3
1717643530,3
3136301324,3
3136301325,3
3136301328,3
1717643537,3
1150003480,3
8869464354,3
8869464357,3
8869464362,3
1312188714,3
8869464371,3
1987381555,3
8043350334,3
8043350335,3
25069911,3
1150003547,3
1312188768,3
8814668131,3
8814668133,3
8814668135,3
8814668136,3
8814668137,3
8814668138,3
3808627061,3
3808627066,3
5473274242,3
2902624645,3
25504145,3
25504146,3
1255369105,3
25504148,3
25504149,3
25504150,3
1255369111,3
3932064154,3
2059790748,3
3932064156,3
250325411,3
4729448869,3
1255369125,3
1255369128,3
1255369135,3
1255369140,3
1255369148,3
1255369152,3
25070019,3
1255369156,3
1255369159,3
1312188886,3
2406484455,3
4085778919,3
4085778920,3
4085778922,3
8807410152,3
4085778924,3
2254629351,3
8807410154,3
4085778927,3
4085778928,3
4085778929,3
4085778930,3
4085778931,3
8807410158,3
4085778933,3
4085778934,3
1401416203,3
1365887500,3
5116226063,3
4317178392,3
4534184512,3
4534184514,3
4534184515,3
3474115151,3
5905893980,3
5473274493,3
5473274494,3
5473274501,3
5473274502,3
5473274503,3
5473274506,3
5473274507,3
5473274508,3
5473274519,3
5473274525,3
5473274528,3
4922952353,3
5473274529,3
5473274531,3
5473274532,3
5473274533,3
5473274534,3
3136301731,3
3136301730,3
4922952363,3
5473274540,3
4922952365,3
4922952366,3
4922952371,3
4922952372,3
4922952373,3
4922952374,3
10306423498,3
10306423499,3
10306423508,3
24660697,3
1163954922,3
1255320311,3
2622212860,3
4317211389,3
2622212862,3
2622212865,3
2622212878,3
18393873,3
1255320339,3
2622212885,3
2622212887,3
2622212889,3
9699961628,3
7824747295,3
2622212895,3
2622212897,3
1255320354,3
7824747302,3
5096270631,3
2622212903,3
7824747306,3
1255320363,3
1255320367,3
2622212914,3
2622212925,3
2622212927,3
2622212930,3
2622212933,3
2622212937,3
2622212939,3
2622212941,3
2622212942,3
4138224462,3
4138224463,3
8042031957,3
5473274710,3
8042031958,3
5473274717,3
6265654111,3
5473274724,3
5473274725,3
4866976614,3
109414,3
109416,3
1046334318,3
24660863,3
1733389217,3
10310609841,3
10310609842,3
6446304190,3
1733389249,3
10310609872,3
10310609885,3
1733389278,3
5473274866,3
25504755,3
25504756,3
5473274867,3
3632581622,3
25504763,3
25504770,3
1733389314,3
5473274891,3
5473274896,3
5473274911,3
1733389349,3
1733389353,3
3076574254,3
3076574255,3
6967585840,3
6967585841,3
6967585842,3
6967585843,3
6967585845,3
5473274957,3
5473274959,3
1727515734,3
5473274969,3
5473274990,3
4861365369,3
4861365370,3
5473275004,3
4861365372,3
10677374,3
10677375,3
10677376,3
10677377,3
4861365383,3
4749094023,3
1271712905,3
4749094026,3
1271712911,3
1271712914,3
3061197976,3
1271712920,3
1271712922,3
6995618971,3
7553887392,3
6995618977,3
1271712931,3
1271712934,3
109737,3
7553887409,3
1271712946,3
3932064957,3
1271712957,3
3708234955,3
3708234956,3
3708234957,3
21990614,3
21990620,3
728370399,3
21990624,3
21990625,3
21990627,3
2642857191,3
7553887464,3
377490664,3
2642857197,3
2642857199,3
2642857203,3
697044225,3
21523714,3
1951616261,3
21523718,3
21523719,3
1951616268,3
1951616276,3
24661273,3
5141228834,3
1951616319,3
1951616322,3
25070924,3
5046447437,3
25496910,3
316763500,3
316763501,3
1655418222,3
1793420652,3
1793420660,3
316763513,3
316763548,3
3375451555,3
4317187494,3
835390887,3
6266867111,3
6266867113,3
3375451561,3
24661419,3
3375451563,3
3375451565,3
3375451566,3
835390894,3
835390893,3
6266867114,3
429346236,3
429346238,3
429346241,3
429346242,3
429346243,3
429346244,3
4166634955,3
429346251,3
4166634957,3
429346253,3
429346254,3
4166634961,3
4166634962,3
2466442731,3
3170676207,3
2466442741,3
2466442743,3
2334502396,3
25071133,3
25071136,3
25071137,3
25071139,3
25071142,3
25071145,3
1532087855,3
283061836,3
6218501723,3
6218501724,3
6218501725,3
6218501730,3
6218501736,3
6218501737,3
6218501739,3
6218501740,3
6218501742,3
6218501745,3
6218501746,3
6218501748,3
6218501751,3
6218501757,3
6218501758,3
6218501759,3
25161345,3
25161346,3
25161347,3
25161348,3
25161349,3
25161350,3
25161351,3
25161352,3
25161353,3
6218501761,3
1497452171,3
25161356,3
25161357,3
25161360,3
25161361,3
25161362,3
25161363,3
25161365,3
25161367,3
25161368,3
1497452184,3
25161370,3
25161371,3
1569312412,3
25161373,3
110238,3
25161375,3
1731235480,3
1731235489,3
1731235492,3
1731235511,3
2387226309,3
1707790029,3
1731235534,3
1731235545,3
1707790044,3
5580861151,3
5580861153,3
1731235557,3
1731235558,3
1707790062,3
7223365368,3
7223365372,3
2538458886,3
2538458887,3
2538458888,3
1835355913,3
2538458889,3
2538458893,3
2538458894,3
2538458895,3
2538458897,3
1835355922,3
2538458898,3
2538458899,3
1731235606,3
2538458903,3
2538458904,3
1835355929,3
2538458905,3
1835355931,3
3139677982,3
3906588446,3
1835355936,3
3906588448,3
1835355940,3
3906588452,3
3906588454,3
1835355944,3
1835355946,3
1726730029,3
1726730033,3
1835355953,3
1835355955,3
1835355961,3
1726730043,3
1835355964,3
1835355965,3
1726730049,3
1835355972,3
1835355973,3
25505606,3
3809744415,3
3805122394,3
3805122396,3
25505629,3
1726730080,3
1726730082,3
25505634,3
1835356006,3
1835356013,3
5227220846,3
4382273402,3
4382273404,3
25505662,3
9030029183,3
9024139143,3
9024139144,3
1726730120,3
1726730123,3
25505685,3
7911231384,3
1726730167,3
3629223879,3
3629223881,3
3629223884,3
3629223885,3
24661966,3
3629223890,3
7223709662,3
5046005730,3
5046005731,3
7223709668,3
7223709669,3
7223709667,3
5046005743,3
5046005745,3
3809744451,3
3809744453,3
3136311315,3
3136311316,3
24662037,3
5046005789,3
5046005790,3
3197333544,3
5342236723,3
5342236724,3
3197333559,3
5342236728,3
3629223994,3
3629223995,3
250327100,3
5342236733,3
5342236734,3
3629223996,3
4729385030,3
5342236743,3
5342236744,3
4729385031,3
18468951,3
18468958,3
18468961,3
6369390690,3
18468962,3
6369390692,3
6369390696,3
6369390700,3
1719529597,3
2934288510,3
1719529599,3
2934288512,3
21565570,3
2961540,3
2934288518,3
2961549,3
2934288530,3
2961557,3
18395287,3
18395288,3
2929119403,3
2929119405,3
1233350847,3
1233350848,3
1039290561,3
1233350862,3
5106520280,3
5009060057,3
8210567392,3
1039290594,3
8210567395,3
8210567396,3
8210567401,3
1233350889,3
8210567402,3
1939558651,3
1939558655,3
1939558661,3
1939558663,3
1939558666,3
2387194123,3
1939558667,3
2387194127,3
2387194128,3
1939558672,3
2387194131,3
2387194133,3
1939558681,3
2528522522,3
1939558684,3
1939558687,3
2387194149,3
2387194150,3
1939558697,3
2387194156,3
1939558700,3
2622222657,3
5223919938,3
2622222658,3
2622222659,3
2622222668,3
4195103055,3
4195103059,3
1782714747,3
25248125,3
9690878337,3
4075008388,3
1312264600,3
5340811707,3
32838084,3
5340811717,3
5340811719,3
5340811720,3
1678283242,3
1678283247,3
28193265,3
5340811825,3
3272782406,3
1493676622,3
5335233113,3
5335233115,3
2218340965,3
250327660,3
5904585328,3
5049840244,3
251892353,3
6458938003,3
1271804564,3
6458938007,3
6458938008,3
6458938011,3
6458938017,3
18395811,3
6463230640,3
1418752689,3
2496836291,3
1401459399,3
1401459400,3
8785457865,3
8785457866,3
8785457867,3
1401459403,3
2496836303,3
5146186468,3
5146186470,3
5146186489,3
5146186503,3
5146186504,3
5146186505,3
5146186507,3
7906964248,3
7906964249,3
1014649631,3
1401926435,3
251892523,3
4866552622,3
4866552623,3
4866552625,3
4534858546,3
4534858548,3
4136137525,3
4136137527,3
6032044857,3
4136137529,3
4136137530,3
6032044865,3
6032044874,3
3100169049,3
5146186589,3
5146186590,3
5146186591,3
3381130090,3
3381130092,3
2566132610,3
2566132611,3
3145798533,3
4223357836,3
4223357841,3
1311962016,3
3093894066,3
3637449663,3
1311962122,3
251892754,3
24949783,3
250549282,3
5641663538,3
5641663539,3
1719661631,3
3141817429,3
1233327202,3
250549348,3
4089885906,3
251892950,3
4552504560,3
4552504562,3
5334381837,3
24950050,3
24950061,3
24950064,3
24950065,3
5342229818,3
24950101,3
24950102,3
24950104,3
24950105,3
24950107,3
24950109,3
24950110,3
24950111,3
24950112,3
24950113,3
24950114,3
24950115,3
5565486434,3
24950117,3
5565486432,3
3988141441,3
3988141442,3
249558409,3
1678226827,3
1678226846,3
1312454055,3
1779881392,3
1689605567,3
1312454087,3
1312454094,3
317380078,3
3809744380,3
3809744381,3
3809744383,3
3809744384,3
3809744385,3
3809744386,3
3809744387,3
3809744389,3
3809744390,3
3809744392,3
30078473,3
950703626,3
3809744395,3
3809744396,3
3809744398,3
3809744400,3
3809744401,3
3809744403,3
3809744404,3
3809744406,3
3809744409,3
8807429659,3
8807429660,3
8807429661,3
8807429662,3
8807429663,3
3809744412,3
3215685153,3
3809744417,3
3809744419,3
2003007012,3
3809744414,3
3809744416,3
3809744423,3
3809744418,3
3809744421,3
3809744426,3
3809744430,3
3809744431,3
3809744432,3
3809744433,3
3809744434,3
3809744436,3
3809744439,3
3809744443,3
3809744444,3
3809744446,3
3805378111,3
3805378112,3
3629217345,3
3629217346,3
3629217347,3
3629217348,3
3805378117,3
3805378116,3
3805378119,3
1828402760,3
3805378120,3
3805378122,3
250549835,3
1828402763,3
3805378123,3
3805378121,3
3805378124,3
1678227031,3
4962956931,3
1238259337,3
28800667,3
28800668,3
28800671,3
28800672,3
1951372959,3
6110164647,3
9030284973,3
3809744558,3
9030284975,3
9030284977,3
3809744565,3
277337783,3
9030284983,3
1255487162,3
3809744571,3
3809744572,3
1255487171,3
1255487174,3
3809744583,3
1255487176,3
1255487177,3
3809744584,3
1255487187,3
367105757,3
1990694638,3
4086232866,3
4086232870,3
4086232871,3
4866651961,3
4866651969,3
700774224,3
5141354330,3
5141354331,3
8869435257,3
2203268985,3
104321,3
8869435266,3
104323,3
8869435267,3
104322,3
8869435268,3
8869435272,3
8869435273,3
8869435281,3
252729234,3
8869435286,3
8869435287,3
8869435288,3
25532332,3
471488469,3
25532377,3
25532384,3
4715263991,3
4715263992,3
4715263993,3
4715263995,3
4715263998,3
25475072,3
4715264001,3
4715264002,3
672061444,3
4715264004,3
4715264006,3
4715264007,3
6014302222,3
6014302224,3
6014302225,3
25532464,3
1390303296,3
2870261844,3
1211381855,3
9611081868,3
1312471202,3
3656358067,3
1312471234,3
672061646,3
1536948431,3
3809870273,3
3153656028,3
3153656030,3
1312471267,3
707377382,3
3809870277,3
3139705124,3
5816744255,3
473258313,3
3794876751,3
25475419,3
1777727945,3
1777727947,3
1777727949,3
1777727950,3
1777727958,3
1777727960,3
1777727961,3
1777727962,3
25475550,3
25475561,3
5565487612,3
338319877,3
906172949,3
4085783099,3
3632577084,3
4085783103,3
4085783105,3
4085783106,3
4085783107,3
1668135492,3
25475661,3
25475663,3
25475664,3
2197518969,3
25475712,3
25475770,3
10311178960,3
10311178961,3
10311178964,3
10311178967,3
10311178970,3
10311178978,3
10311178985,3
10311178991,3
3805378113,3
3805378114,3
5141625621,3
5141625623,3
5141625625,3
5141625629,3
5141625630,3
5141625635,3
5141625637,3
8429812517,3
5141625653,3
5141625654,3
5141625655,3
475396924,3
475396929,3
473258826,3
5141625681,3
25066333,3
5141625696,3
25066337,3
25066338,3
5141625698,3
5141625699,3
4382350190,3
28728187,3
20626301,3
1237883773,3
3930921860,3
28728205,3
28728208,3
28728210,3
24951721,3
25066412,3
3673602988,3
288193455,3
25066419,3
4511972301,3
4511972302,3
25066457,3
2012969972,3
1719663634,3
7236131862,3
3735886877,3
24951853,3
1718328435,3
1718328442,3
8515091591,3
4867087524,3
25066666,3
4867087532,3
4867087535,3
25066684,3
25066687,3
25066694,3
1684511955,3
302013666,3
302013668,3
1787108626,3
4155841811,3
4155841810,3
4155841816,3
4155841818,3
4155841820,3
25066784,3
4155841827,3
1787108647,3
1787108648,3
1787108649,3
1787108650,3
4316822830,3
5094718794,3
5094718798,3
1271774552,3
7911267685,3
7911267686,3
2935373159,3
7911267688,3
2935373161,3
8807431534,3
8807431536,3
8807431541,3
8807431546,3
1852996996,3
1678245252,3
8807431559,3
8807431560,3
2872704413,3
2872704414,3
2560785849,3
4511948225,3
2374491605,3
5141216742,3
5141216745,3
5141216746,3
4316823023,3
2935373301,3
5933145606,3
5141216782,3
5141216785,3
5141216787,3
5141216790,3
5141216792,3
9693920796,3
9693920797,3
9693920800,3
3471375905,3
3471375913,3
1678155318,3
25067068,3
6446292562,3
6446292564,3
6446292570,3
6446292571,3
6446292572,3
3704225378,3
5976850019,3
5976850023,3
5976850024,3
7610670710,3
27459198,3
4726152844,3
4530011788,3
4726152850,3
4726152852,3
4726152853,3
4726152857,3
4726152858,3
4726152859,3
4726152860,3
7610670751,3
7610670752,3
7610670769,3
7610670771,3
4529839800,3
7644741343,3
7644741345,3
7644741346,3
473259748,3
7644741348,3
25067264,3
25067265,3
25067266,3
1722621701,3
742399752,3
1722621711,3
3987750677,3
1722621718,3
25067298,3
8064065315,3
8064065316,3
9216868136,3
25067305,3
9216868137,3
8064065323,3
8064065324,3
9216868141,3
9216868143,3
9216868145,3
30056255,3
21307200,3
4629462859,3
30056277,3
1046306670,3
8438226815,3
6369361794,3
25067397,3
25067398,3
25067400,3
1547657099,3
2402557839,3
1547657104,3
25067461,3
25067463,3
25067473,3
25067479,3
1237876703,3
1237876710,3
25477106,3
3637436403,3
3637436404,3
585124778,4
1951242858,4
107614,4
1864047135,4
5141876996,5
5141876999,5
5198585559,5
5198585557,5
5198585558,5
107638,5
5198585560,5
5198585561,5
5198585562,5
25067324,5
21583366,6
4017328647,6
8785484298,6
350377994,6
350377999,6
8785484306,6
2343269909,6
4689775126,6
8785484312,6
8785484313,6
2293833763,6
25496100,6
25495589,6
10241310755,6
6863550501,6
25496617,6
470727722,6
1419565097,6
25496622,6
25496623,6
4689775161,6
4275398714,6
4275398716,6
1148276284,6
4275398720,6
4275398721,6
4275398723,6
5006063174,6
9949142599,6
5006063176,6
21563463,6
5006063180,6
21563479,6
269550681,6
21563481,6
4658088539,6
269550684,6
26374237,6
26374236,6
21563489,6
5736692333,6
25475182,6
5736692334,6
21563504,6
21563503,6
21563507,6
21563508,6
2294047355,6
2294047375,6
4156336278,6
25509526,6
350437528,6
7271474841,6
7271474843,6
6769325725,6
7271474850,6
7271474852,6
8785567909,6
107692,6
107693,6
4691514032,6
4691514035,6
3972566713,6
4530270906,6
3972566715,6
3972566716,6
269550783,6
269550786,6
1617596621,6
4275394254,6
4275394255,6
1617596626,6
1617596627,6
4822267094,6
21578454,6
21578456,6
21578457,6
1020211942,6
1617596646,6
1707790055,6
1707790057,6
4691460850,6
4691460851,6
1707790067,6
269550330,6
269550331,6
269550332,6
269550333,6
1707790074,6
1617596669,6
1707790076,6
25475330,6
25475331,6
25475332,6
25495822,6
1707790096,6
1617596693,6
1707790105,6
25495838,6
1617596711,6
1617596714,6
25495852,6
7223668012,6
25495854,6
269550896,6
25495857,6
269550898,6
25472324,6
4650375494,6
1617647944,6
1617647945,6
762080077,6
4650375504,6
25378129,6
4650375505,6
7223704403,6
237908,6
7223704404,6
4650375508,6
25498458,6
323262310,6
762080105,6
6828921210,6
6828921211,6
1955520890,6
762080145,6
21392273,6
2586616722,6
21392276,6
5374174119,6
33141178,6
762080190,6
8373690819,6
5880186827,6
5880186829,6
5880186830,6
5880186833,6
269589467,6
7223695325,6
7223695326,6
8785568222,6
8785568223,6
321255907,6
759123955,6
1832227873,7
343669793,7
343669796,7
343669798,7
25496624,7
5976672308,7
1832227893,7
25495617,7
25495618,7
25495639,7
25495640,7
25495646,7
25495648,7
6724775012,7
6724775018,7
1832248428,7
1832248430,7
1832227968,7
1832227972,7
338472586,7
338472589,7
25495697,7
25495698,7
6279388821,7
6279388822,7
6279388824,7
2458257563,7
1832227996,7
1364161197,7
5265953455,7
1832228016,7
5265953457,7
5265953459,7
1834657466,7
1834657469,7
1832228035,7
1832228039,7
323260106,7
1953202903,7
25495769,7
25496800,7
350437608,7
2458303223,7
1832129783,7
25496825,7
25495807,7
25495819,7
25495820,7
1832129807,7
1707790107,7
1832129821,7
8975700260,7
1832052008,7
1832129835,7
1832052016,7
25495858,7
1816038199,7
1816038214,7
1832129869,7
1832129873,7
1832129878,7
1816038230,7
1832129881,7
1832129884,7
1832129888,7
108389,7
108391,7
1832129917,7
5060391821,7
5014591889,7
5014591895,7
1832129947,7
1832129951,7
10543800252,7
350628799,7
350628804,7
8645592520,7
8645592521,7
1364172237,7
1832240590,7
1832240598,7
6354294763,7
1364168178,7
1364168180,7
321255925,7
25495542,7
5060391418,7
6354294779,7
2836220819,8
7447565847,8
25634199,8
7447565849,8
25471263,8
25499808,8
25471274,8
25632684,8
7447637305,8
25471289,8
7447637306,8
1309180608,8
390073160,8
5973397966,8
2755124947,8
2755124949,8
3586606038,8
3586606039,8
3586606040,8
5306194265,8
25632854,8
2036181339,8
3691462888,8
25471090,8
108409,8
20626290,9
2278320131,9
108838,9
108842,10
2141364732,10
2141364708,10
108845,11
5124166975,11
1777728708,12
108871,12
20626317,12
20626318,12
4866475733,12
3796774902,12
4866475736,12
5124166971,12
5124166973,12
18395806,12
108903,13
25496777,13
245200970,13
4211515569,13
663363473,13
8972511964,13
109408,14
894485202,14
470727954,14
1236791504,14
20626311,15
20626312,15
3796814729,15
20626315,15
20626316,15
7572522510,15
7572522511,15
7572522512,15
7572522513,15
7572522523,15
6509584413,15
109734,15
7572522540,15
2012970414,15
1536948536,15
7572522556,15
2504847039,15
4866475729,15
4866475730,15
4866475734,15
4866475738,15
1852996954,15
1536948578,15
109411,15
109412,15
2504822135,15
1536948474,15
1536948477,15
25497603,16
1547013655,16
1547013667,16
25476134,16
4920098350,16
5342236721,16
4402629177,16
4402629178,16
4402629180,16
1547013699,16
5342236740,16
5342236739,16
1566270021,16
1547013704,16
3830029915,16
1547013730,16
1550763620,16
1547013743,16
1547013754,16
5976760444,16
5976760446,16
1547013760,16
707377287,16
109728,16
4402594986,16
4619022513,16
4619022514,16
1550763708,16
9694091976,16
9694091978,16
9694091983,16
9694091984,16
1550763732,16
3708234964,16
5580861156,16
1547392771,16
27458331,16
1566269741,16
27458353,16
6218468163,16
6218468164,16
10544409928,16
10544409929,16
10544409930,16
30056280,16
10544409948,16
10544409950,16
1547392865,16
10544409954,16
10544409957,16
10544409958,16
10544409959,16
10544409960,16
10544409961,16
5768339817,16
10544409963,16
10544409964,16
5768339816,16
10544409966,16
10544409967,16
367121266,16
30056310,16
20625793,16
30056330,16
1547392927,16
3215687074,16
5905807278,16
5905807279,16
2528484782,16
1547657140,16
3830043581,16
1547013574,16
1312454086,16
5335245256,16
5335245257,16
1566270409,16
5335245254,16
5564754892,16
9704122317,16
692162510,16
27481039,16
27481040,16
27481041,16
692162514,16
5931509715,16
1547013588,16
25474005,16
5931509718,16
27481044,16
1547013592,16
471488472,16
4807512540,16
4807512541,16
5564410334,16
25474015,16
692162527,16
2961891,16
1547013604,16
25474019,16
25475053,16
30057965,16
6600283121,16
692162559,16
249679365,17
9080098310,17
3168378376,17
9080098315,17
9080098316,17
28418580,17
3528711722,17
27459116,17
4422013486,17
249679407,17
251757615,17
27459120,17
7817166393,17
249679418,17
249679420,17
7817166397,17
5924603458,17
1042862659,17
5924603460,17
3081980922,17
7817166407,17
3073173576,17
3073173585,17
7899973206,17
28418138,17
28418141,17
27459165,17
28418144,17
8500636794,17
1042862718,17
4344245890,17
4344245892,17
4344245893,17
4344245894,17
3528738439,17
3528738440,17
3528738438,17
5257738380,17
5257738381,17
5257738382,17
5257738383,17
5257738384,17
5257738385,17
5257738386,17
5257738387,17
5257738388,17
9030037139,17
3528710291,17
27460250,17
6995618979,17
7817162919,17
5242815659,17
5160943793,17
5160943794,17
5160943795,17
5160943796,17
5160943797,17
5160943798,17
5160943799,17
5160943800,17
5160943803,17
5160943804,17
5160943806,17
5160943807,17
5160943808,17
6969936109,17
472493763,17
109766,17
1039290567,17
6969936102,17
4089885900,17
4089885902,17
4089885905,17
347542742,17
347542743,17
5174825175,17
5174825176,17
5174825178,17
302013659,17
5174825180,17
3892081373,17
302013662,17
5174825183,17
5174825181,17
3892081377,17
3892081378,17
9080123621,17
1014803686,17
3892081382,17
302013672,17
3892081384,17
302013674,17
1014803691,17
302013676,17
6969936106,17
302013678,17
6969936104,17
6969936110,17
6969936108,17
302013682,17
302013683,17
6969936114,17
302013685,17
6969936117,17
6969936115,17
302013688,17
1014803704,17
2914561272,17
25477371,17
3894948091,17
3894948093,17
249679102,17
2914561274,17
28419328,17
3894948098,17
3894948099,17
3894948100,17
302013708,17
6969936116,17
670103313,17
670103314,17
1014803736,17
3068267824,17
3068267825,17
2140124982,17
2140124983,17
3682538298,17
8042031930,17
249679168,17
5768339777,17
4116809027,17
2140124996,17
4144358216,17
4949004105,17
4949004106,17
4144358217,17
302013776,17
302013777,17
4948602211,17
28418929,17
27480956,17
27480957,17
27480958,17
6294214897,17
6294214898,17
3550836102,17
3550836104,17
251757452,17
251757458,17
2934411667,17
3014236566,17
3014236567,17
3014236569,17
3014236570,17
2935392676,17
3068270504,17
249558964,17
3068270516,17
249558966,17
3068270518,17
3186593720,17
5174828980,17
3186593722,17
1039322041,17
3984132032,17
28418497,17
3984132036,17
3984132037,17
249559005,17
251757533,17
7815533545,17
7815533546,17
249679343,17
1039322102,17
3081980920,17
9080098298,17
9080098299,17
2990651904,18
2990651905,18
5067002882,18
1759454211,18
2990651908,18
2990651909,18
2990651910,18
2990651906,18
2990651912,18
8989843465,18
2990651914,18
25497611,18
2990651911,18
1150003213,18
1759454222,18
2990651918,18
1758552592,18
2990651920,18
973128722,18
2990651921,18
1758552597,18
10607127,18
10607128,18
1150003224,18
1150003238,18
7553479208,18
5040168489,18
5040168491,18
1596655148,18
1596655149,18
7553479212,18
1150003247,18
5040168496,18
8784212017,18
1596655155,18
1813618228,18
1813618229,18
1596655157,18
8784177716,18
2990716984,18
1596655161,18
2990716986,18
2990716985,18
1150003264,18
256766532,18
256766533,18
2755124807,18
256766536,18
256766537,18
2990717001,18
2755124815,18
5238528591,18
256766545,18
1150003289,18
1759454299,18
2135411292,18
2135411293,18
1141487712,18
1759454305,18
4369519206,18
5041784423,18
25632870,18
1758552682,18
1141487723,18
1813618288,18
4369519219,18
5242049139,18
4369519227,18
6978555518,18
5609643647,18
1813618304,18
1150003329,18
6978555522,18
1141487746,18
5609643652,18
5609643653,18
2990780039,18
2987752071,18
20460681,18
2987752074,18
2987752075,18
2987752073,18
1684710025,18
20460686,18
20460687,18
20460680,18
5269670540,18
20460690,18
20460691,18
28800660,18
1759454351,18
5733998227,18
28800663,18
20460696,18
20460697,18
819132568,18
5733998228,18
1684710044,18
6506796188,18
4369519260,18
28800664,18
5609643675,18
5609643672,18
5609643676,18
5609643682,18
5609643685,18
5609643686,18
5609643687,18
5041784489,18
1759454378,18
25473199,18
25473200,18
2990664881,18
25473202,18
1758554291,18
25473204,18
25473205,18
1813618358,18
25473207,18
5041784501,18
244128951,18
5060405429,18
5060405427,18
5060405430,18
1813618365,18
5060405434,18
1326821569,18
5060405441,18
5060405443,18
5060405444,18
5060405445,18
5060405446,18
748941508,18
1813618376,18
1684835019,18
109780,18
5060405461,18
1813618393,18
5060405468,18
1759454429,18
6978557152,18
748941552,18
373402354,18
748941556,18
25497845,18
1684835062,18
1813618424,18
748941560,18
1813618426,18
1813618429,18
1813618431,18
1813618432,18
748941573,18
5060388105,18
748941577,18
5060388107,18
5060388110,18
1150003472,18
25497872,18
5060388115,18
2118622487,18
2118622488,18
1684835097,18
1813618461,18
1813618463,18
1813618465,18
1401893666,18
2480657186,18
2480657188,18
2480657190,18
1401893675,18
8975833905,18
6978563378,18
1813618484,18
8975833911,18
5041784633,18
5041784634,18
1813618493,18
8868824899,18
8868824900,18
8868824901,18
1150003532,18
875789647,18
8868824911,18
8868824913,18
8868824914,18
1366095187,18
8868824912,18
1366095189,18
1684835152,18
1684835156,18
10004388708,18
10004388710,18
1150003563,18
1684781421,18
3739049327,18
25497968,18
6014333809,18
25497970,18
632447859,18
1150003571,18
25472885,18
25497978,18
372050299,18
25497979,18
25497981,18
1684781436,18
25497985,18
25497990,18
2990806410,18
2990806411,18
3739049356,18
2990806415,18
968499092,18
3739049365,18
3739049366,18
1759454104,18
6871422361,18
6871422360,18
5238523291,18
1311962012,18
4948630427,18
1684781470,18
4948630428,18
5609643656,18
3739049382,18
3739049383,18
316763559,18
25632678,18
1954751914,18
5609643658,18
1954751918,18
1684781486,18
5609643662,18
6816821186,18
435104712,18
1758552521,18
1758552522,18
435104715,18
1150003147,18
435104717,18
1758552524,18
6816821193,18
1759454163,18
1150003155,18
1758552541,18
1311962080,18
2990651907,18
1150003170,18
1758552547,18
5067002851,18
5067002855,18
1758552555,18
5067002862,18
1758552559,18
5609643673,18
5067002867,18
5609643674,18
1150003195,18
1150003197,18
18468953,19
9514602150,19
9514602151,19
9514602152,19
9514602153,19
5047029672,19
4922952364,19
4922952370,19
109785,19
4841764865,20
811035012,20
7911282826,20
10306429323,20
5905896973,20
1556097166,20
3887941007,20
10306429327,20
3887941009,20
3887941010,20
10306429328,20
1556097177,20
6446229925,20
6446218920,20
6446229933,20
1556097326,20
1556260024,20
6446256190,20
5905897286,20
1547013705,20
24952268,20
1556097111,20
109788,20
4169714270,20
4169714271,20
4169714272,20
1556097120,20
8807410149,20
6166157035,20
1556097387,20
8675201264,20
6446269173,20
595709482,21
109935,21
435104742,22
1723340842,22
1723340785,22
25472789,22
110141,22
4823246342,23
8869472263,23
4823246344,23
10577984012,23
250327591,23
1343823416,23
1343823418,23
110143,23
250327618,23
2923703875,23
1150003270,23
18398282,23
5992797788,23
1757440607,23
5609643623,23
1493658224,23
250550400,23
20460684,23
1150003340,23
5609643663,23
3320754320,23
5609643665,23
3320754322,23
5609643664,23
5609643670,23
3247825561,23
3247825562,23
28800670,23
3247824558,23
250550447,23
3741117629,23
1684835016,23
4807521484,23
1309067471,23
1309067472,23
21990630,23
632438506,23
1685281003,23
1685281006,23
1685281010,23
1685281011,23
1685281013,23
1493662967,23
1685281017,23
1685281020,23
1685281021,23
1685281025,23
1685281029,23
1685281031,23
250550024,23
250550023,23
1685281032,23
1685281035,23
973101839,23
1685281041,23
1685281044,23
1685281045,23
1685281046,23
1141415192,23
1685281053,23
1685281056,23
1685281058,23
1141415202,23
1685281061,23
250550053,23
1685281063,23
1685281064,23
1141415215,23
1150003503,23
4401149234,23
1686463794,23
1685281075,23
1685281076,23
1685281077,23
1685281079,23
1141415220,23
5565443390,23
1685281087,23
8869464390,23
1150003530,23
8869464398,23
1685281104,23
3741131600,23
3741131606,23
8869464407,23
7636244314,23
1685281123,23
149451620,23
149451622,23
2990721387,23
2990721390,23
2990721391,23
3739049344,23
1939632514,23
1939632519,23
5041945479,23
5041945480,23
3870640530,23
25498004,23
1685281175,23
1723315608,23
25498010,23
1686463389,23
25498015,23
1686463392,23
5938625442,23
1686463397,23
1684835241,23
7636278191,23
7636278193,23
7636278195,23
7636278196,23
7636278198,23
7636278199,23
7636278200,23
7636278201,23
8898783674,23
1686463428,23
8898783685,23
1312335310,23
5238500306,23
5238500308,23
5238500312,23
5238500313,23
5006781409,23
873809385,23
1685281260,23
1169109485,23
8869472239,23
8869472242,23
6866779798,24
6866779799,24
6866779802,24
4530012699,24
6866779804,24
4530012700,24
4530012702,24
6866779806,24
4530012703,24
6866779809,24
6866779810,24
6866779817,24
6866779818,24
2632761651,24
282708,24
4316306161,24
4316306163,24
4316306164,24
1761598585,24
25438595,25
25438732,25
25438638,25
282719,25
1832665997,26
1832666001,26
1958800795,26
8972441125,26
8972441126,26
25496748,26
25496750,26
1816038195,26
1816038215,26
5265830862,26
25496785,26
8972511962,26
8972511963,26
438170475,26
8972441579,26
21583342,26
25496815,26
10572785,26
7279239795,26
8785568224,27
8785567914,27
8972441580,27
10572786,27
1985084095,27
435104736,28
25471135,28
1309180610,28
2755124962,28
435104738,28
1309180612,28
7792756412,28
1723389067,28
435104732,28
10607132,28
7792756414,28
435104735,28
1360122880,29
6431923714,29
6431923715,29
4462680068,29
4462680066,29
4462680070,29
9201323528,29
4462680076,29
10607629,29
4462680078,29
5642519054,29
5642519055,29
5374174224,29
5642519056,29
4462680082,29
5642519060,29
6978443788,29
595709975,29
5642519066,29
4208239642,29
5642519068,29
5642519069,29
5573994014,29
14672924,29
5573994016,29
5573994020,29
1360122937,29
9203541581,29
5788363874,29
5788363878,29
5788363880,29
9203541611,29
9203541612,29
7840712839,29
1832248457,29
1832248458,29
4730978983,29
6606135977,29
6606135979,29
6606135983,29
3972566705,29
3972566714,29
25151180,29
5471345385,29
5468301555,29
529722111,29
1832129796,29
1832129800,29
1832129809,29
25496850,29
25496851,29
25496854,29
1832129815,29
25496857,29
5470932252,29
5470932256,29
338474279,29
21686572,29
1832129838,29
21686574,29
5839165751,29
5839163740,29
5573931376,29
5573931377,29
5573931380,29
5573931381,29
5573931384,29
6828921212,29
21563788,29
9804471701,29
9804471702,29
21392279,29
9846850972,29
9846850973,29
9846850974,29
1832129958,29
5374174120,29
1832129960,29
1832129962,29
7203717550,29
4512763345,29
4462683090,29
4512763347,29
5839155672,29
1360122841,29
5460658138,29
5907366887,29
1360122860,29
308837357,29
9236477422,29
1360122866,29
250326914,30
18469130,30
18469132,30
1401416208,30
8868010160,30
8868010162,30
250327159,30
20458277,31
250549587,31
4618510643,31
1312188692,31
4618510644,31
25475328,32
25473281,32
690295042,32
9700060290,32
9700060292,32
9700060291,32
1563638022,32
690295047,32
20625800,32
1990912136,32
5904615691,32
5904615694,32
5904615699,32
3999987604,32
5904615708,32
1233353640,32
2528483742,32
1233353631,32
1321466104,32
5574049698,32
5574049700,32
585201189,32
4777885221,32
4085387943,32
5574049702,32
4085387945,32
5574049703,32
4773889323,32
5574049707,32
283062189,32
3385332654,32
5574049709,32
1233353464,32
1233353642,32
9683686963,32
5574049717,32
9683633717,32
3733791671,32
4085600696,32
4229228089,32
4085600698,32
5574049718,32
9683633718,32
5574049719,32
673420216,32
1137777343,32
1155552319,32
1155552322,32
1561411396,32
6779394887,32
796809545,32
8497605078,32
25475417,32
710521820,32
4832472797,32
585148380,32
9135848928,32
9135845216,32
680069473,32
8497605091,32
9683400934,32
1951242857,32
9683400938,32
680069483,32
713363180,32
4136124526,32
4166219502,32
8031801454,32
1990912115,32
696477560,32
5574051321,32
585130362,32
1233353467,32
25473279,32
6918421504,33
6918421508,33
6918421509,33
4777897926,33
6918421511,33
3616299208,33
6918421512,33
20626282,33
1556097098,33
6918421513,33
1951372909,33
10306429333,33
1556097431,33
8675201272,33
1556097306,33
1556097245,33
1951372927,33
20626304,34
2941549929,34
2941549928,34
3519324894,34
5124166978,35
20626307,35
7572833352,36
7572833353,36
20626314,36
5177397824,37
8755805313,37
3328228994,37
4367041960,37
25524297,37
4367041962,37
21392267,37
1832129794,38
1832129785,38
25496847,38
1832129776,38
1832129778,38
4077495826,38
21685497,38
1684437690,38
1684437692,38
1832129789,38
21693787,39
25500239,39
25477858,40
2496836262,40
4556931604,40
3661703766,40
819157975,40
819157946,40
21990622,40
1718566880,41
21990628,41
21990629,41
1718566886,41
21990631,41
21990632,41
8869464392,41
5042033643,41
8869464378,41
5565443389,41
6116290274,42
24659947,42
6948380395,42
6948380400,42
6948380401,42
24949780,42
5046314043,43
25632860,43
24951854,43
10544113920,44
10544113922,44
24952195,44
10544113923,44
3887940999,44
2528522518,44
6867581464,44
6867581465,44
2528522524,44
694824861,44
2528483741,44
2528522528,44
2528522530,44
6985465124,44
6985465127,44
6985465130,44
6985465133,44
2528522542,44
2528484781,44
2528522547,44
2528522549,44
6886012733,44
2038033986,44
1556324684,44
3385387604,44
3385387606,44
3385387607,44
3385356250,44
4117882857,44
25532273,44
1689387896,44
1689387903,44
1718390753,45
1717650794,45
25066451,45
25066453,45
25161369,45
2036185421,46
25472215,46
4675821921,47
25472545,47
3328228993,47
4675821944,47
762080069,47
4675821925,47
4675821924,47
4665353643,47
4665353644,47
4675821932,47
4675821931,47
762080111,47
1617596591,47
1617596593,47
25473048,47
25472379,47
1617532092,47
1617596606,47
10196915587,48
10196915588,48
10196915589,48
32921737,48
32921738,48
10196915593,48
4675822093,48
4675822094,48
4675822095,48
4675821968,48
4675822097,48
761831057,48
4675822099,48
4675822100,48
270110481,48
270109325,48
751837591,48
1617647896,48
270109326,48
1617647900,48
1617647901,48
270112540,48
270112539,48
270109327,48
751837736,48
25472428,48
1401849779,48
751837622,48
270109370,48
1617647931,48
1617647934,48
1419544126,48
270110143,48
270110142,48
4665352260,48
4665352261,48
4665352262,48
761830981,48
4665352264,48
2134066506,48
761830987,48
9566848716,48
761830989,48
1419544142,48
26374230,48
26374231,48
761831000,48
26374232,48
751837654,48
761831004,48
761831007,48
4781199354,48
270110053,48
270110054,48
321255911,48
321255910,48
4781199338,48
761831019,48
761831023,48
751837551,48
6483733489,48
4781199345,48
4781199346,48
4781199348,48
6483733493,48
1419603573,48
4781199350,48
4781199352,48
25472890,48
4781199355,48
761831037,48
25472800,49
149431715,49
2168949324,49
2168949325,49
1954751920,49
2940401398,49
3741131607,49
3741131608,49
4665353660,50
1617532091,50
25473004,50
4665353662,50
5711517570,51
5711517571,51
4703559689,51
25497997,51
5479654172,51
1723388957,51
5479654175,51
1723388960,51
5479654177,51
2331184930,51
2331184932,51
25498021,51
2331184935,51
25632680,51
1723388970,51
9820538027,51
25632683,51
1723388974,51
1723388976,51
1723388979,51
1723388981,51
1723388986,51
7792756539,51
1723388988,51
7792756538,51
7792756540,51
7792756543,51
5006916678,51
446765895,51
446765900,51
5479655630,51
5479655634,51
4703542485,51
4703542486,51
25499095,51
390073175,51
6525670236,51
6525670237,51
2135411294,51
2135389151,51
2135411296,51
2135411297,51
6525670242,51
5479655652,51
25475688,51
25475690,51
25475691,51
5479655662,51
1723388925,51
6374802559,51
8632535522,52
1312188614,52
306439304,52
2545230474,52
8632535532,52
306439310,52
8632535535,52
25477149,52
25477150,52
3741078112,53
25477154,53
1312319838,53
306439338,53
306439329,54
25477156,54
7279228683,55
317930380,55
25496773,55
1985084135,56
1985084137,56
25496781,56
25496783,56
25496787,56
25496788,56
9690974273,57
9690974274,57
4920098344,57
4920098349,57
25496920,57
25497986,58
6374802555,58
25498016,59
6569580040,59
3247578847,59
6374804385,60
25498018,60
3725817386,60
6374802579,60
6374802582,60
6374802583,60
7792756672,61
7792756674,61
7792756676,61
7792756680,61
7792756713,61
25498026,61
5711517569,62
5711517565,62
25499655,62
25505679,63
9988193967,63
25505607,63
6606135968,64
25509513,64
9197589233,64
9197589238,64
25544108,65
1493613087,65
316763584,66
25632865,66
316763586,66
25632864,66
5046627553,66
316763589,66
316763590,66
316763595,66
316763600,66
1215563891,66
5046627638,66
25632855,66
5046627642,66
25632859,66
5046627645,66
25632862,66
27480960,67
9678821156,67
1736734053,67
1238249900,67
1238249901,67
1238249904,67
7900221108,67
249560091,67
7900221087,67
1401908258,68
1401908260,68
250550183,68
28800661,68
28800662,68
250550174,68
32921724,69
761830999,69
761830991,69
32921728,70
32921729,70
32921731,70
4697525030,70
4697525032,70
1401849768,70
26374229,70
32921748,71
32921743,71
354886099,72
213668839,72
250327576,73
2642878644,73
250549699,73
250549700,73
255700677,73
213672005,73
250327619,73
250327624,73
213670986,73
8868010202,73
8868010204,73
1685276643,73
8868010217,73
213668842,73
2642612586,73
213668844,73
8868010221,73
2642612585,73
250327547,73
354886082,74
250549670,74
1310663631,74
3114645200,74
3114645201,74
250327037,74
1686463489,75
1686463523,75
3739049325,75
1686463503,75
1686463471,75
1686463505,75
1686463476,75
1686463510,75
390073208,75
7882485394,76
10308697502,76
469785734,76
471488499,77
1493722803,77
1493722806,77
1547013711,77
2137096880,78
4305235825,78
473257581,78
473262660,79
473262822,79
249467025,80
806373533,80
4922952361,81
1046306167,81
1046307276,82
4922952367,82
1569300062,83
1144619335,83
1150003141,84
5609643622,84
1150003479,84
1255487172,85
1255491496,85
1255369133,85
4511972303,85
4511972304,85
1255491504,85
1255491506,85
1255487160,85
1255487166,85
1722268388,86
3093897990,86
4749090120,86
2387232554,86
2387232559,86
1722268367,86
5565455858,86
1280491924,86
1280491926,86
1722268381,86
3741117630,86
2402557599,86
3272782432,87
8807410150,87
8807410151,87
1547013738,87
25532494,87
2454119184,87
1547013589,87
2454091736,87
3272782431,87
1587318992,88
1587318999,88
1817617689,89
1817617691,89
1817617692,89
1596648669,89
1596648671,89
1617532088,90
4697287185,90
4696544876,90
4663312759,90
6866592992,91
6866516262,91
2453947049,91
2453947051,91
4211515634,91
1637578547,91
1637578516,91
6866516278,91
1637578522,91
2576893629,91
1637578551,92
1637578535,92
1668135493,93
3197339661,93
3197339662,93
3170676206,93
5565475799,93
1668135486,93
1685281036,94
1685281022,94
6978459068,95
5177352922,95
1707790099,95
5177352932,95
1810130458,96
4077495964,96
1832228100,97
1832228080,97
1832228112,97
1832228144,97
1832228083,97
1832228115,97
1832228120,97
1832228159,97
6855696495,98
1882379248,98
10090013713,98
10090013714,98
2306288080,98
6855696496,98
6855696497,98
6855696502,98
6855696503,98
6855696504,98
6855696506,98
4823243100,98
3247578846,98
3987750688,99
5269678593,99
5977954180,99
3987750692,99
9673189926,99
2612458244,99
6110164649,99
1951190474,99
7900888467,99
3850146457,99
1968744210,100
3992885062,100
4697288399,100
1990694620,101
1990694647,101
2502545024,102
9619940387,102
1990912102,102
1990912134,102
4117896490,102
2502545041,102
9683400946,102
9683400950,102
9678366518,102
9678523000,102
8031800090,102
5574051323,102
8031800092,102
8031800094,102
2341656968,103
4697287177,103
4697287178,103
3265436691,103
4697287188,103
4696545402,103
4696568110,103
8620105277,103
8620105279,103
4697288390,103
4085747017,103
367102039,103
4166662874,103
4166662878,103
3265436260,103
4174200048,103
4696544885,103
4696545399,103
4175081593,103
4175081594,103
4696545403,103
3911044734,103
3247589712,104
6569580044,104
6569580045,104
2531863975,104
2531863977,105
2531863978,105
3739049346,106
2990732269,106
6116290280,107
5473274252,107
5473274253,107
5473274254,107
5473274256,107
5473274257,107
5473274259,107
5473274260,107
3139655930,107
3139655933,107
5473273470,107
3158794148,108
5473272900,108
5473272902,108
3158794151,108
5473272904,108
5473273067,108
5473273068,108
4534858543,108
5473272882,108
5473272983,108
5473272984,108
5473272667,108
5473272700,108
3578315456,109
3586606037,109
4554237017,110
5009054889,110
5009054892,110
6374802572,111
5006965588,111
5006965589,111
5095547184,112
5095547180,112
5095547181,112
5095547182,112
5468301601,113
10607626,113
5468301602,113
5473273795,114
5473273796,114
5473273798,114
5473273803,114
5473273805,114
5473273616,114
5473273791,114
5473273788,115
5473273789,115
5473273790,115
5733997920,116
5733997919,116
5927671120,117
5927671121,117
5947858320,118
5947858321,118
6606148802,119
6606148797,119
6606148798,119
8357847937,120
8357847938,120
8357847939,120
8357847927,120
8357847928,120
8357847929,120
8357847930,120
8357847931,120
8357847932,120
8357847933,120
8357847934,120
8515091587,121
8515091588,121
8515091590,121
9524817681,122
9524817682,122
