node_id,cluster_id
1596648673,0
1832129762,0
4076126468,0
7946372941,0
5516594509,0
1401849810,0
25509527,0
25509533,0
104318,0
4378043649,1
6369329155,1
25500427,1
8868824844,1
4378043661,1
4378043662,1
1837610895,1
1837610896,1
6369329170,1
4378043667,1
748799641,1
269547420,1
4076095262,1
4378043682,1
1360122917,1
20965798,1
20965799,1
20965800,1
20965801,1
1609966639,1
4076095791,1
1609966643,1
4076095797,1
1609966653,1
4370333637,1
2398924877,1
4370333651,1
4370333652,1
4370333653,1
2398924886,1
25500246,1
4370333657,1
4076095834,1
1163955034,1
2398924896,1
4076095841,1
2398924898,1
21685483,1
21685484,1
21685485,1
7946378606,1
7946378609,1
7946378610,1
104319,1
104320,2
1215563904,2
373364228,2
1401870341,2
1649365894,2
1401870340,2
1726730375,2
3229825163,2
5475684621,2
3229825166,2
6369329166,2
8868824851,2
8868824852,2
3229825173,2
5475684758,2
8868824855,2
8868824856,2
8868824857,2
5475684763,2
107681,2
20965794,2
20965797,2
107687,2
18397096,2
20965803,2
5353114285,2
1163955119,2
269549104,2
269549105,2
5475675316,2
1163955128,2
1163955130,2
5475684676,2
5475684680,2
10263444809,2
5475684684,2
441958994,2
1163955037,2
21693793,2
21693795,2
5475684848,2
1649365878,2
1215563895,2
1771426174,2
25504770,3
1311962122,3
470729237,3
5046005789,3
5046005790,3
8807429662,3
8807429663,3
8807429661,3
7926506525,3
7926506531,3
6509584414,3
24951853,3
1678155318,3
1678452790,3
1678452792,3
1678452795,3
25067068,3
1678452796,3
1678452797,3
10311362114,3
10311362115,3
1828402760,3
1828402763,3
470729292,3
3474115151,3
24658003,3
24658007,3
18468951,3
24658010,3
5046314074,3
5046314077,3
18468958,3
18468961,3
6369390690,3
18468962,3
6369390692,3
3704225378,3
10311362150,3
10311362148,3
6369390696,3
10311362153,3
10311362154,3
5976850023,3
6369390700,3
5976850024,3
1718328435,3
7610670710,3
107641,3
1718328442,3
107643,3
107644,3
107646,3
10677375,3
25161345,3
25161346,3
4962956931,3
21565570,3
25161349,3
25161350,3
25161351,3
25161352,3
25161353,3
9611081868,3
25161357,3
25161365,3
25161367,3
25161368,3
25161371,3
28800667,3
28800671,3
28800672,3
4922952353,3
7610670751,3
18395811,3
7610670752,3
25066666,3
4922952363,3
4922952365,3
4922952366,3
7553887409,3
1268892338,3
4922952371,3
4922952372,3
4922952373,3
4922952374,3
3656358067,3
7610670771,3
3664398009,3
7610670769,3
3664398007,3
25066684,3
10311362236,3
3664398006,3
25066687,3
25066694,3
8785457865,3
8785457866,3
8785457867,3
1707790029,3
10311178960,3
10311178961,3
1684511955,3
10311178964,3
1938819284,3
1938819283,3
10311178967,3
10311178970,3
1268892379,3
1707790044,3
367105757,3
1938819294,3
10311362270,3
10311362271,3
10311362272,3
10311178978,3
1938819301,3
7553887464,3
10311178985,3
1163954922,3
1707790062,3
10311178991,3
1938819317,3
1938819320,3
4866623226,3
4866623228,3
1938819325,3
1938819326,3
4866623230,3
1938819328,3
1938819330,3
25067266,3
1938819335,3
1835355913,3
2387194123,3
8807441166,3
2387194127,3
2387194128,3
18393873,3
1835355922,3
2387194131,3
2387194133,3
8807441176,3
1835355929,3
8807441177,3
1835355931,3
8807441178,3
8807441179,3
25066784,3
1835355936,3
8869464354,3
1401926435,3
1835355940,3
2387194149,3
2387194150,3
8869464357,3
1835355944,3
1268900644,3
1835355946,3
2387194156,3
1726730029,3
4866552622,3
4866552623,3
4866552625,3
1726730033,3
1835355953,3
1835355955,3
4866651961,3
1835355961,3
1726730043,3
1835355964,3
1835355965,3
21307200,3
1726730049,3
4866651969,3
1835355972,3
1835355973,3
1268900678,3
5046447437,3
25066333,3
25505629,3
1726730080,3
25066337,3
1726730082,3
24950117,3
1835356006,3
316763500,3
316763501,3
1046306670,3
1046334318,3
1835356013,3
1655418222,3
1793420652,3
1793420660,3
1268892533,3
316763513,3
1268892541,3
25505662,3
8438226815,3
104321,3
104322,3
6369361794,3
8869435268,3
1852996996,3
9024139143,3
9024139144,3
1726730120,3
1726730123,3
5043864464,3
8869435281,3
25504145,3
25504146,3
25504148,3
25504149,3
8869435286,3
8869435287,3
8869435288,3
3664405913,3
25504150,3
316763548,3
1311962016,3
6055863205,3
4729448869,3
6055863211,3
10310609841,3
10310609842,3
1726730167,3
1777727945,3
1777727947,3
1777727949,3
1777727950,3
10310609872,3
1777727958,3
1777727960,3
1777727961,3
1777727962,3
10310609885,3
7223709662,3
1725360097,3
5046005730,3
5046005731,3
7223709668,3
7223709669,3
7223709667,3
5976850019,3
4085778922,3
2466442731,3
4085778924,3
317380078,3
5046005743,3
4085778928,3
5046005745,3
25504755,3
25504756,3
2466442741,3
4085778934,3
2466442743,3
2012969972,3
4830306810,3
25504763,3
2334502396,3
4830306813,3
25475072,4
4715264001,4
4715264002,4
4715264004,4
4715264006,4
4715264007,4
722208263,4
6014302222,4
6014302224,4
6014302225,4
7236131862,4
1796137508,4
722208297,4
1532087855,4
295977520,4
5924603442,4
5924603450,4
3632577084,4
4534184512,4
9690974277,4
283061836,4
25475661,4
25475663,4
25475664,4
675734610,4
675734613,4
107606,4
6332695639,4
6332695642,4
675734622,4
5904585328,4
10013517434,4
25475712,4
7623861385,4
1312471202,4
6110164647,4
277337783,4
4529839800,4
25475770,4
1233350847,4
1233350848,4
1312471234,4
1233350862,4
5106520280,4
2969438426,4
7644741343,4
7644741345,4
7644741346,4
7644741348,4
377490664,4
1233350889,4
585180151,4
3987750677,4
9699961628,4
8064065315,4
8064065316,4
8429812517,4
9216868136,4
9216868137,4
8064065323,4
8064065324,4
9216868141,4
9216868143,4
9216868145,4
1987381555,4
4136137525,4
4136137527,4
4136137529,4
4136137530,4
5816744255,4
25496910,4
27460439,4
4167762776,4
4167762778,4
25475419,4
1402070363,4
28418909,4
1402070364,4
6265654111,4
1402070365,4
28418921,4
1237883773,4
9690878337,4
104323,4
1547657099,4
1547657104,4
6266867111,4
6266867113,4
6266867114,4
1689605567,4
9690915267,4
9690915275,4
429346251,4
9690915278,4
2374491605,4
25475550,4
1237876703,4
1237876710,4
25475561,4
1312932849,4
4715263991,4
4715263992,4
4715263993,4
4715263995,4
4715263998,4
843376643,5
3136311315,5
3136311316,5
24662037,5
2278320154,5
2278320167,5
25532464,5
5342236723,5
5342236724,5
2218344503,5
5342236728,5
250327100,5
5342236733,5
5342236734,5
2218344510,5
5342236743,5
5342236744,5
2870261844,5
1211381855,5
32825440,5
32825442,5
5473273966,5
5473273967,5
5473273968,5
25067636,5
2934268024,5
1719529597,5
2934288510,5
1719529599,5
2934288512,5
2961540,5
2934288518,5
2961549,5
27459729,5
2934288530,5
2961557,5
25067670,5
10542989479,5
3334162601,5
3334162604,5
10542989484,5
4688513218,5
4688513221,5
4688513226,5
4688513227,5
4688513230,5
4688513231,5
25067728,5
25067727,5
4688513237,5
4688513240,5
5009060057,5
4688513242,5
4688513244,5
4688513245,5
3153656028,5
3153656030,5
1312471267,5
27459830,5
1939558651,5
1939558655,5
1939558661,5
1939558663,5
3136301320,5
3136301321,5
1939558666,5
1939558667,5
3136301324,5
3136301325,5
1939558672,5
3136301328,5
1939558681,5
2528522522,5
6463234329,5
1939558684,5
1939558687,5
3139705124,5
1939558697,5
1939558700,5
8043350334,5
8043350335,5
27459905,5
2622222657,5
2622222658,5
2622222659,5
5223919938,5
473258313,5
2622222668,5
4195103055,5
25069911,5
25067871,5
1312188768,5
8814668131,5
8814668133,5
8814668135,5
8814668136,5
8814668137,5
8814668138,5
25067883,5
25248112,5
25248113,5
25248114,5
25248115,5
25248117,5
25248118,5
25248119,5
25248120,5
3272712566,5
25248122,5
25248123,5
25248124,5
25248125,5
25248126,5
25248127,5
25248128,5
25248129,5
27459970,5
27459971,5
25248130,5
5473274242,5
10306429318,5
10306429312,5
25067914,5
1312264600,5
25067929,5
3932064154,5
3932064156,5
5065949596,5
5065949598,5
2059790748,5
25067936,5
10596794785,5
250325411,5
259252667,5
4224123324,5
5340811707,5
25070019,5
32838084,5
5340811717,5
10543014339,5
5340811719,5
5340811720,5
10543014343,5
10543014340,5
6465896907,5
10543014346,5
6465896909,5
1312188886,5
10543014362,5
10543014363,5
10543014367,5
10543014371,5
10543014372,5
10543014373,5
10543014374,5
8807410152,5
10543014377,5
1678283242,5
8807410154,5
10543014380,5
10543014379,5
8807410158,5
1678283247,5
4085778929,5
10543014386,5
4085778931,5
10543014388,5
10543014387,5
10543014390,5
1401416203,5
1365887500,5
5116226063,5
473219610,5
5340811825,5
4430996023,5
4430996024,5
4430996027,5
4430996028,5
4430996029,5
4085783099,5
4085783103,5
4430996033,5
4534184514,5
4534184515,5
4085783105,5
4085783107,5
3272782406,5
4085783106,5
4430996044,5
1779589718,5
5238587992,5
5335233113,5
5238587994,5
5335233115,5
5905893980,5
2218340965,5
27460198,5
27460210,5
5049840244,5
2197518969,5
5473274493,5
5473274494,5
251892353,5
27460226,5
5473274501,5
5473274502,5
5473274503,5
5473274506,5
5473274507,5
5473274508,5
6458938003,5
5473274519,5
6458938008,5
6458938007,5
6458938011,5
5473274525,5
5473274528,5
5473274529,5
3136301730,5
3136301731,5
5473274532,5
5473274533,5
5473274534,5
5473274531,5
5473274540,5
6463230640,5
1418752689,5
3715515059,5
1401459399,5
1401459400,5
10306423498,5
1401459403,5
10306423499,5
24660697,5
2622212860,5
2622212862,5
2622212865,5
2622212878,5
2622212885,5
5141625621,5
2622212887,5
7906964248,5
2622212889,5
7906964249,5
5141625623,5
5141625625,5
5141625629,5
5141625630,5
1014649631,5
2622212895,5
2622212897,5
5141625635,5
5141625637,5
2622212903,5
5096270631,5
28418859,5
251892523,5
2622212914,5
4534858546,5
4534858548,5
5141625653,5
5141625654,5
5141625655,5
6032044857,5
28418877,5
2622212925,5
2622212927,5
6032044865,5
2622212930,5
2622212933,5
2622212937,5
6032044874,5
2622212939,5
473258826,5
2622212941,5
4138224462,5
4138224463,5
2622212942,5
5141625681,5
5473274710,5
5473272665,5
5473272666,5
3100169049,5
5473272668,5
5473274717,5
5141625696,5
5141625698,5
5141625699,5
5473274724,5
5473274725,5
109414,5
4866976614,5
109416,5
3381130090,5
3381130092,5
3930921860,5
3145798533,5
4223357836,5
4223357841,5
1733389217,5
24951721,5
25265077,5
25265080,5
3637449663,5
1733389249,5
25066457,5
1733389278,5
5473274866,5
5473274867,5
3632581622,5
1733389314,5
5473274891,5
5473274896,5
251892754,5
1722621701,5
1719663634,5
24949783,5
5473274911,5
250549282,5
1733389349,5
1733389353,5
3076574254,5
3076574255,5
5641663538,5
5641663539,5
5473272894,5
5473272895,5
107584,5
107585,5
107586,5
107587,5
107588,5
5473272899,5
5473272897,5
5473272896,5
1722621711,5
5473274957,5
5473274959,5
3141817429,5
1727515734,5
5473274969,5
250549348,5
107626,5
107627,5
5473274990,5
107634,5
107637,5
4861365369,5
4861365370,5
5473275004,5
4861365372,5
10677376,5
10677377,5
5165786242,5
5165786245,5
8515091591,5
4861365383,5
5473272978,5
3061197976,5
6995618971,5
2793874587,5
7553887392,5
6995618977,5
4867087524,5
109737,5
1556260011,5
4867087532,5
4867087535,5
3932064957,5
3708234955,5
3708234956,5
3708234957,5
4089885906,5
25068755,5
251892950,5
1719661631,5
21990624,5
21990625,5
2642857191,5
2642857197,5
5473273069,5
2642857199,5
4552504560,5
5473273072,5
4552504562,5
2642857203,5
5473273071,5
5473273070,5
21523714,5
1951616261,5
21523718,5
21523719,5
1951616268,5
5334381837,5
4155841810,5
4155841811,5
1787108626,5
1951616276,5
4155841816,5
24661273,5
4155841818,5
4155841820,5
24950050,5
4155841827,5
5141228834,5
24950061,5
24950064,5
24950065,5
5473273139,5
5473273140,5
5473273141,5
5473273142,5
5342229818,5
25068862,5
1951616319,5
2577040703,5
5473273154,5
1951616322,5
6288147785,5
6288147786,5
5094718794,5
25070924,5
5094718798,5
24950101,5
24950102,5
24950104,5
24950105,5
24950107,5
357999964,5
24950109,5
24950110,5
24950111,5
24950112,5
24950113,5
24950114,5
24950115,5
7911267685,5
7911267686,5
7911267688,5
8807431534,5
3141814027,5
8807431536,5
8807431541,5
8807431546,5
1678245252,5
8807431559,5
8807431560,5
1678226827,5
5473273227,5
3887941012,5
3887941013,5
2872704413,5
2872704414,5
1678226846,5
3375451555,5
1312454055,5
3375451561,5
3375451563,5
24661419,5
3375451565,5
3375451566,5
25544110,5
1779881392,5
429346236,5
429346238,5
429346241,5
429346242,5
429346243,5
429346244,5
1312454087,5
10599654857,5
4166634955,5
429346253,5
1312454094,5
5473273295,5
4166634957,5
4166634961,5
4166634962,5
252601811,5
5473273305,5
5141216742,5
5141216745,5
5141216746,5
5473273326,5
5473273332,5
30078473,5
5141216782,5
25069071,5
5141216785,5
5473273363,5
5473273364,5
5141216787,5
5141216790,5
5473273368,5
5141216792,5
8807429659,5
5473273372,5
25071133,5
5473273373,5
25071136,5
3215685153,5
25071137,5
25071139,5
2003007012,5
5473273376,5
25071142,5
5473273379,5
25071145,5
4453606953,5
4453606958,5
2929116721,5
5473273399,5
6018098767,5
5473273425,5
6446292562,5
6446292564,5
5473273429,5
1678227031,5
5473273433,5
6446292570,5
6218501723,5
6218501724,5
6218501725,5
5473273435,5
6446292571,5
6446292572,5
5473273441,5
6218501730,5
6218501736,5
6218501737,5
6218501739,5
6218501740,5
5473273451,5
6218501742,5
6218501745,5
6218501746,5
5473273457,5
6218501748,5
6218501751,5
6218501757,5
27459198,5
6218501759,5
6218501758,5
6218501761,5
1497452171,5
4726152844,5
25069197,5
25161360,5
25161361,5
4726152850,5
5473273490,5
4726152852,5
4726152853,5
25161363,5
25161362,5
1497452184,5
4726152857,5
4726152858,5
4726152859,5
4726152860,5
5473273499,5
5473273500,5
1569312412,5
25161375,5
1951372959,5
7824803495,5
7824803497,5
1493722804,5
2387226309,5
25069265,5
5580861151,5
5580861153,5
5473273571,5
473259748,5
5104314096,5
7223365368,5
7223365372,5
24659709,5
2378843907,5
5473273604,5
5473273605,5
2538458886,5
2538458887,5
742399752,5
2538458889,5
2538458888,5
5473273607,5
5473273612,5
2538458893,5
5473273611,5
5473273613,5
5473273610,5
2538458897,5
2538458898,5
2538458899,5
2538458894,5
5473273615,5
2538458895,5
2538458903,5
2538458904,5
2538458905,5
5473273621,5
5473273623,5
5473273622,5
1722621718,5
3906588446,5
3139677982,5
3906588448,5
3906588452,5
3906588454,5
2920433449,5
30056255,5
4629462859,5
30056277,5
5473273606,5
5141354330,5
5141354331,5
5227220846,5
2203268985,5
8869435257,5
9030029183,5
8869435266,5
8869435267,5
8869435272,5
8869435273,5
25067400,5
252729234,5
7911231384,5
5104314264,5
5104314266,5
5104314268,5
5104314269,5
5104314270,5
5104314272,5
5104314275,5
5104314276,5
25532332,5
843376569,5
3247933381,5
25067461,5
25067463,5
843376588,5
24661966,5
843376591,5
25067473,5
843376594,5
471488469,5
25067479,5
25532377,5
25532384,5
2218362849,5
843376610,5
1782714747,5
5104314358,5
585124778,6
1951242858,6
107614,6
1864047135,6
107632,7
6458938017,7
5141876996,8
5141876999,8
5198585559,8
5198585557,8
5198585558,8
107638,8
5198585560,8
5198585561,8
5198585562,8
25067324,8
956233216,9
8785484288,9
4627445252,9
4627445253,9
4627445254,9
490947077,9
8620105223,9
4627445257,9
4627445260,9
4627445261,9
747893264,9
1678452753,9
1726730272,9
268124704,9
3267461666,9
1726730281,9
473265708,9
1678452780,9
8620105262,9
1777740337,9
1678452788,9
1678452789,9
490947124,9
1726730295,9
1726730292,9
10539712057,9
10539712058,9
10539589691,9
10539589692,9
1678452793,9
5177397822,9
1726730303,9
10539589696,9
5177397825,9
5177397826,9
1726730307,9
5177397828,9
10539589701,9
1828402758,9
5177397823,9
10539589704,9
7179983946,9
7179983947,9
10539856459,9
10539589706,9
10539589707,9
4150883407,9
3696548432,9
4150883409,9
3696548437,9
3696548438,9
1828402774,9
3696548440,9
1726730329,9
1726730326,9
4379801694,9
3267461729,9
473265762,9
25503841,9
25577057,9
25503845,9
25503848,9
8755805288,9
4379801706,9
25503851,9
25503856,9
1726730354,9
4696544883,9
25503860,9
10539068534,9
25503862,9
25503865,9
8755805305,9
25503867,9
7827997819,9
25503869,9
4696545406,9
8755805306,9
10539068544,9
25503873,9
5342251136,9
473267328,9
25503876,9
10539068550,9
25503880,9
419350669,9
25503885,9
5342251151,9
107667,9
107668,9
10539068565,9
10539068564,9
7607080091,9
7607080092,9
1239549084,9
5009054881,9
107684,9
107685,9
107686,9
1905779367,9
1905779369,9
5177397419,9
10539068590,9
5009054894,9
5009054898,9
419632307,9
3972566710,9
10539068598,9
368044217,9
7613626042,9
490946748,9
7613626044,9
7613626045,9
7613626046,9
7613626047,9
25471681,9
473265346,9
419350723,9
1214922433,9
7613626050,9
1707790023,9
1707790024,9
4197401800,9
1707790026,9
10309140683,9
7613626060,9
7613626059,9
10309140686,9
8785457870,9
8785457871,9
4197401802,9
10539648210,9
7613626066,9
2620105428,9
4197401811,9
7613626070,9
4197401813,9
1938819302,9
2360681703,9
4034060007,9
4175059691,9
2360681709,9
2360681711,9
4034060015,9
4329502449,9
2360681713,9
2265065203,9
25471732,9
2360681716,9
4034060017,9
2265065207,9
4034060018,9
25471740,9
490946813,9
10309153022,9
10309153023,9
10309153025,9
1649365762,9
10309153027,9
1649365764,9
473268999,9
4089236236,9
10309458701,9
1536948492,9
4379801357,9
1649365780,9
2005131543,9
6137798425,9
10309472541,9
10309472542,9
10309472543,9
10309472544,9
1649365789,9
4085767970,9
10309472547,9
10309472548,9
1649365797,9
4085767974,9
4643337000,9
473264937,9
10309472553,9
7610670890,9
7610670892,9
4085767979,9
1649365800,9
4085767983,9
4627491632,9
1649365810,9
1163954995,9
4643337012,9
4085767989,9
1649365816,9
1649365820,9
4627491645,9
25470782,9
7610670912,9
7610670913,9
4627491650,9
2140432704,9
4158223748,9
7610670919,9
7610670920,9
1777742666,9
237911,9
473266524,9
1268903266,9
8755808618,9
473269102,9
1955520879,9
4530339698,9
4530339699,9
8755808627,9
25500535,9
5207476608,9
5207476609,9
25504128,9
473264514,9
5207476611,9
5207476613,9
25504134,9
25504129,9
5207476616,9
6509684096,9
3763565959,9
5114681227,9
3763565961,9
3763565957,9
5114681230,9
25504143,9
25504144,9
3763565962,9
10572178,9
10572179,9
10572180,9
1668112790,9
1813794712,9
1813794713,9
1668112792,9
748885408,9
4240028578,9
4240028580,9
2665239972,9
2665239978,9
1726730162,9
1726730165,9
4643337143,9
10310609849,9
4643337146,9
10310609852,9
747893184,9
10541894095,9
25470928,9
10541894097,9
4166634960,9
10310609879,9
10310609881,9
864817628,9
10310609887,9
4627445215,9
10310609894,9
25504753,9
4627445239,9
4627445240,9
4627445241,9
956233215,9
21583366,10
4017328647,10
8785484298,10
350377994,10
350377999,10
8785484306,10
2343269909,10
4689775126,10
8785484312,10
8785484313,10
2293833763,10
25496100,10
10241310755,10
6863550501,10
25496617,10
470727722,10
1419565097,10
25496622,10
25496623,10
4689775161,10
4275398714,10
4275398716,10
1148276284,10
4275398720,10
4275398721,10
4275398723,10
5006063174,10
9949142599,10
5006063176,10
21563463,10
5006063180,10
21563479,10
269550681,10
21563481,10
269550684,10
26374237,10
26374236,10
21563489,10
5736692333,10
25475182,10
5736692334,10
21563504,10
21563503,10
21563507,10
21563508,10
2294047355,10
2294047375,10
4156336278,10
25509526,10
350437528,10
7271474841,10
7271474843,10
6769325725,10
7271474850,10
7271474852,10
8785567909,10
107692,10
107693,10
4691514032,10
4691514035,10
3972566713,10
4530270906,10
3972566716,10
269550783,10
269550786,10
1617596621,10
4275394254,10
4275394255,10
1617596626,10
1617596627,10
4822267094,10
21578454,10
1020211942,10
1617596646,10
4691460850,10
4691460851,10
269550330,10
269550331,10
269550332,10
269550333,10
1707790074,10
1617596669,10
1707790076,10
25475330,10
25475331,10
25475332,10
25495822,10
1707790096,10
1617596693,10
1707790105,10
25495838,10
1617596711,10
1617596714,10
25495852,10
7223668012,10
25495854,10
269550896,10
25495857,10
269550898,10
25472324,10
1617647944,10
1617647945,10
762080077,10
25378129,10
7223704403,10
237908,10
7223704404,10
25498458,10
323262310,10
762080105,10
6828921210,10
6828921211,10
762080145,10
21392273,10
2586616722,10
21392276,10
5374174119,10
33141178,10
762080190,10
8373690819,10
5880186827,10
5880186829,10
5880186830,10
5880186833,10
269589467,10
7223695325,10
7223695326,10
8785568222,10
8785568223,10
321255907,10
759123955,10
1832227968,11
1832227972,11
338472586,11
25495819,11
25495820,11
338472589,11
5060391821,11
1832129807,11
5014591889,11
6279388821,11
6279388822,11
5014591895,11
6279388824,11
2458257563,11
1832129947,11
1832129821,11
1832227996,11
1832129951,11
1832227873,11
343669793,11
8975700260,11
343669796,11
343669798,11
1832129835,11
1364161197,11
5265953455,11
1832228016,11
5265953457,11
25495858,11
5265953459,11
1832052016,11
1832227893,11
1816038199,11
1834657466,11
1834657469,11
350628799,11
1832228035,11
350628804,11
1816038214,11
1832228039,11
8645592520,11
8645592521,11
323260106,11
1364172237,11
1832129869,11
1832240590,11
1832129873,11
1832129878,11
1953202903,11
25495640,11
1832240598,11
1832129881,11
25495639,11
1832129884,11
25495646,11
1832129888,11
25495648,11
25496800,11
6724775012,11
108389,11
6724775018,11
6354294763,11
1832248428,11
1832248430,11
1364168178,11
1364168180,11
321255925,11
2458303223,11
25496825,11
5060391418,11
6354294779,11
1832129917,11
25495807,11
25495617,12
25495618,12
108391,12
350437608,12
25496624,12
25495697,12
25495698,12
5976672308,12
1816038230,12
25495769,12
10543800252,12
25497619,13
5095890460,13
5503142966,13
5503142969,13
5503142970,13
9820537917,13
9820537921,13
1736685635,13
9820537932,13
9820537933,13
1326821457,13
4297243218,13
1816777816,13
9576827482,13
25475674,13
1816777820,13
775984737,13
9820537954,13
9820537955,13
775984738,13
9820537957,13
4729480806,13
4729480807,13
25475692,13
25475693,13
25475694,13
1736685679,13
1816705135,13
4571244660,13
4571244663,13
9820537981,13
9820537982,13
1816705152,13
9820537992,13
9820537993,13
1599652492,13
1816705168,13
1816777873,13
9820538002,13
1816777874,13
9820538004,13
1599652497,13
9820538006,13
1816705175,13
1816705177,13
4297243292,13
4298971293,13
1816705180,13
4297243295,13
1816705183,13
4297243298,13
9820538020,13
9820538021,13
4158004390,13
9820538022,13
4297243301,13
1816705193,13
4297243306,13
25475752,13
25475754,13
4571238068,13
4571238069,13
1938953406,13
1326821568,13
5353127105,13
3257317059,13
1938953413,13
748797126,13
1816705227,13
6828863694,13
1816609486,13
6828863697,13
1816705235,13
6272993491,13
1938953431,13
1938953433,13
748797145,13
1816705242,13
1816609498,13
1938953437,13
1816705246,13
1816705250,13
748797155,13
21990638,13
4158122222,13
9805100783,13
4158122223,13
25497340,13
4298970364,13
4298970368,13
4298970372,13
4298970376,13
4298970380,13
4298970384,13
4298970388,13
1664571164,13
3107212073,13
355416887,13
355416892,13
355416911,13
4297242961,13
1601797458,13
355416920,13
355416921,13
1664571227,13
109403,13
1664571229,13
1664571236,13
4297054053,13
4297242983,13
108393,13
108406,13
1145174402,13
1493229962,13
1145174413,13
1145174417,13
1261120402,13
1145174418,13
9693963681,13
1145174435,13
1145174437,13
9693963688,13
710657963,13
1261120430,13
7947041713,13
4142725554,13
1813618616,13
3830441923,13
7075087299,13
3830441937,13
25499093,13
435104726,13
435104727,13
435104728,13
435104729,13
1145174501,13
1145174508,13
422573549,13
1913216493,13
6239229422,13
6239229423,13
25497595,13
25499808,14
390073160,14
5306194265,14
25632684,14
5973397966,14
3586606039,14
3586606038,14
25634199,14
3586606040,14
108409,14
3809744384,15
3809744385,15
3809744386,15
3809744387,15
3809744389,15
5933145606,15
3809744390,15
3809744392,15
338319877,15
1731235511,15
3809744395,15
3809744396,15
3809744398,15
3809744400,15
3809744401,15
3809744403,15
3809744404,15
906172949,15
3809744406,15
4317178392,15
3809744409,15
3809744412,15
3735886877,15
3809744414,15
3809744415,15
3809744416,15
3809744417,15
3809744418,15
3471375905,15
3809744419,15
3809744421,15
1150003237,15
3809744423,15
3197333544,15
3471375913,15
3809744426,15
3809744430,15
3809744431,15
3809744432,15
3809744433,15
3809744434,15
3809744436,15
3809744439,15
3629223994,15
3629223995,15
3809744444,15
3629223996,15
3809744446,15
5565466174,15
5565466175,15
5565466177,15
3809744443,15
3809744451,15
1668135492,15
3809744453,15
1390303296,15
5565466183,15
3805378119,15
3805378121,15
3805378122,15
3805378123,15
3805378124,15
25477197,15
1493676622,15
3805378120,15
57786953,15
1327865952,15
4383581281,15
1327865953,15
1233327202,15
1327865956,15
1327865957,15
25477224,15
7151566952,15
250327660,15
3808625773,15
25477228,15
3808625778,15
3808625780,15
3808625782,15
3808625785,15
3808625786,15
3808625791,15
3808625796,15
4749094023,15
1271712905,15
4749094026,15
3808625804,15
1271712911,15
3808625809,15
1271712914,15
2129578132,15
2129578133,15
1271804564,15
1271712920,15
1150003354,15
1271712922,15
2129578142,15
110238,15
3809870263,15
1271712931,15
1271712934,15
3808625831,15
3808626859,15
3808626860,15
9030284973,15
3809744558,15
9030284975,15
3808626862,15
9030284977,15
3808626865,15
3808625843,15
3808626868,15
3809744565,15
3808626869,15
9030284983,15
3808626872,15
1150003385,15
1255487162,15
3809744571,15
3809744572,15
806373565,15
1271712957,15
3808625855,15
3808625853,15
3808626878,15
3808626882,15
2496836291,15
3808626884,15
1039290561,15
3808626886,15
1255487174,15
1255487176,15
3809744583,15
1255487171,15
3809744584,15
1255487177,15
3808626893,15
3808626887,15
2496836303,15
3808626895,15
3808626896,15
1731235534,15
1255487187,15
21990614,15
3808626902,15
3808626904,15
3808626905,15
25477335,15
25477339,15
1731235545,15
728370399,15
8210567392,15
3808626913,15
3808626914,15
8210567395,15
8210567396,15
3808626912,15
1039290594,15
21990627,15
302013668,15
8210567401,15
8210567402,15
3808626923,15
3808626922,15
6574794989,15
3805378111,15
1731235558,15
3808626929,15
1731235557,15
3805378112,15
4333847283,15
3808626934,15
3808626935,15
3629217345,15
1255320311,15
3805378113,15
3808626940,15
3808626941,15
4317211389,15
3805378114,15
3629217346,15
3808626945,15
3629217347,15
3808626947,15
3805378116,15
3629217348,15
251757321,15
1255490314,15
3805378117,15
3733299982,15
1255320339,15
3733299988,15
5925626143,15
4086232866,15
1255320354,15
4086232870,15
4086232871,15
1787108647,15
1787108648,15
1787108649,15
1255320363,15
1787108650,15
4316822830,15
1255320367,15
475396924,15
475396929,15
302013666,15
8042031957,15
8042031958,15
1271774552,15
3805122394,15
3805122396,15
2935373159,15
2935373161,15
4382350190,15
3808627061,15
4382273402,15
3808627066,15
4382273404,15
3808625835,15
3515286913,15
3988141441,15
3988141442,15
108420,15
4075008388,15
3808625837,15
249558409,15
28728205,15
2402557839,15
28728208,15
1255369105,15
25477301,15
1255369111,15
1255369125,15
4317187494,15
835390887,15
1255369128,15
3808625844,15
3673602988,15
835390893,15
835390894,15
1255369135,15
3093894066,15
3809870259,15
1255369140,15
3809870261,15
3809870262,15
3809870260,15
3809870264,15
3809870265,15
3809870266,15
3809870267,15
1255369148,15
3809870269,15
3809870270,15
2560785849,15
3809870272,15
3809870273,15
4511948225,15
1255369152,15
1255369156,15
3809870277,15
3629223879,15
1255369159,15
3809870281,15
3629223881,15
3809870283,15
3629223884,15
3629223885,15
4511972302,15
3809870287,15
3809870288,15
4511972301,15
3629223890,15
3152307669,15
3808626871,15
3808625854,15
2929119403,15
1271712946,15
2254629351,15
2929119405,15
3170676207,15
4316823023,15
28193265,15
25477106,15
3637436403,15
3637436404,15
2935373301,15
3809744380,15
3809744381,15
3809744383,15
20626290,16
2278320131,16
108838,16
108842,17
2141364732,17
2141364708,17
108845,18
5124166975,18
1777728708,19
108871,19
20626317,19
20626318,19
4866475733,19
3796774902,19
4866475736,19
5124166971,19
5124166973,19
18395806,19
108903,20
25496777,20
245200970,20
4211515569,20
663363473,20
8972511964,20
109408,21
894485202,21
470727954,21
1236791504,21
20626311,22
20626312,22
3796814729,22
20626315,22
20626316,22
7572522510,22
7572522511,22
7572522512,22
7572522513,22
7572522523,22
6509584413,22
109734,22
7572522540,22
2012970414,22
1536948536,22
7572522556,22
2504847039,22
4866475729,22
4866475730,22
4866475734,22
4866475738,22
1852996954,22
1536948578,22
109411,22
109412,22
2504822135,22
1536948474,22
1536948477,22
1547013760,23
692162510,23
707377287,23
30056330,23
1547013655,23
27458331,23
109728,23
3215687074,23
1547013667,23
25476134,23
4402594986,23
1566269741,23
4920098350,23
4619022513,23
4619022514,23
27458353,23
5342236721,23
4402629177,23
4402629178,23
1550763708,23
3830043581,23
4402629180,23
6218468163,23
6218468164,23
1547013699,23
5342236740,23
5342236739,23
1547013704,23
5335245256,23
1566270021,23
1312454086,23
5564754892,23
9704122317,23
5335245257,23
27481039,23
1566270409,23
27481040,23
692162514,23
5931509715,23
1550763732,23
3708234964,23
5931509718,23
27481044,23
27481041,23
471488472,23
30056280,23
3830029915,23
4807512540,23
4807512541,23
5564410334,23
692162527,23
1547392865,23
1547013730,23
2961891,23
5580861156,23
1547013604,23
1550763620,23
5768339816,23
5768339817,23
30057965,23
5335245254,23
1547013743,23
6600283121,23
367121266,23
30056310,23
1547013754,23
692162559,23
302013676,24
109766,24
302013678,24
2990651904,25
2990651905,25
5067002882,25
1759454211,25
2990651908,25
2990651909,25
2990651910,25
2990651906,25
2990651912,25
8989843465,25
2990651914,25
25497611,25
2990651911,25
1150003213,25
1759454222,25
2990651918,25
1758552592,25
2990651920,25
973128722,25
2990651921,25
1758552597,25
10607127,25
10607128,25
1150003224,25
1150003238,25
7553479208,25
5040168489,25
5040168491,25
1596655148,25
1596655149,25
7553479212,25
1150003247,25
5040168496,25
8784212017,25
1596655155,25
1813618228,25
1813618229,25
1596655157,25
8784177716,25
2990716984,25
1596655161,25
2990716986,25
2990716985,25
1150003264,25
256766532,25
256766533,25
2755124807,25
256766536,25
256766537,25
2990717001,25
2755124815,25
5238528591,25
256766545,25
1150003289,25
2135411292,25
2135411293,25
1141487712,25
1759454305,25
25632870,25
5041784423,25
1758552682,25
1141487723,25
1813618288,25
5242049139,25
6978555518,25
5609643647,25
1813618304,25
1150003329,25
6978555522,25
1141487746,25
5609643652,25
5609643653,25
2990780039,25
2987752071,25
20460681,25
2987752074,25
2987752075,25
2987752073,25
1684710025,25
20460686,25
20460687,25
20460680,25
5269670540,25
20460690,25
20460691,25
28800660,25
1759454351,25
5733998227,25
28800663,25
20460696,25
20460697,25
819132568,25
5733998228,25
1684710044,25
6506796188,25
28800664,25
5609643675,25
5609643672,25
5609643676,25
5609643682,25
5609643674,25
5609643685,25
5609643686,25
5609643687,25
5041784489,25
1759454378,25
25473199,25
25473200,25
2990664881,25
25473202,25
1758554291,25
25473204,25
25473205,25
1813618358,25
25473207,25
5041784501,25
244128951,25
5060405429,25
5060405427,25
5060405430,25
1813618365,25
5060405434,25
1326821569,25
5060405441,25
5060405443,25
5060405444,25
5060405445,25
5060405446,25
748941508,25
1813618376,25
1684835019,25
109780,25
1813618393,25
1759454429,25
6978557152,25
748941552,25
373402354,25
748941556,25
25497845,25
1684835062,25
1813618424,25
748941560,25
1813618426,25
1813618429,25
1813618431,25
1813618432,25
748941573,25
5060388105,25
748941577,25
5060388107,25
5060388110,25
1150003472,25
25497872,25
5060388115,25
2118622487,25
2118622488,25
1684835097,25
1813618461,25
1813618463,25
1813618465,25
1401893666,25
2480657186,25
2480657188,25
2480657190,25
1401893675,25
8975833905,25
6978563378,25
1813618484,25
8975833911,25
5041784633,25
5041784634,25
1813618493,25
8868824899,25
8868824900,25
8868824901,25
1150003532,25
875789647,25
8868824911,25
8868824913,25
8868824914,25
1366095187,25
8868824912,25
1366095189,25
1684835152,25
1684835156,25
10004388708,25
10004388710,25
1150003563,25
1684781421,25
3739049327,25
25497968,25
6014333809,25
25497970,25
632447859,25
1150003571,25
25472885,25
25497978,25
372050299,25
25497979,25
25497981,25
1684781436,25
25497985,25
2990806410,25
2990806411,25
3739049356,25
2990806415,25
968499092,25
3739049365,25
3739049366,25
1759454104,25
6871422361,25
6871422360,25
5238523291,25
1311962012,25
4948630427,25
1684781470,25
4948630428,25
5609643656,25
3739049382,25
3739049383,25
316763559,25
25632678,25
1954751914,25
5609643658,25
1684781486,25
5609643662,25
6816821186,25
435104712,25
1758552521,25
1758552522,25
435104715,25
1150003147,25
435104717,25
1758552524,25
6816821193,25
1759454163,25
1150003155,25
1758552541,25
1311962080,25
2990651907,25
1150003170,25
1758552547,25
5067002851,25
5067002855,25
1758552555,25
5067002862,25
1758552559,25
5609643673,25
5067002867,25
1150003195,25
1150003197,25
18468953,26
9514602150,26
9514602151,26
9514602152,26
9514602153,26
5047029672,26
4922952364,26
4922952370,26
109785,26
4841764865,27
811035012,27
7911282826,27
10306429323,27
5905896973,27
1556097166,27
3887941007,27
10306429327,27
3887941009,27
3887941010,27
10306429328,27
1556097177,27
6446229925,27
6446218920,27
6446229933,27
1556097326,27
1556260024,27
6446256190,27
5905897286,27
1547013705,27
24952268,27
1556097111,27
109788,27
4169714270,27
4169714271,27
4169714272,27
1556097120,27
8807410149,27
6166157035,27
1556097387,27
8675201264,27
6446269173,27
435104742,28
1723340842,28
1723340785,28
25472789,28
110141,28
4823246342,29
8869472263,29
4823246344,29
10577984012,29
1343823416,29
1343823418,29
110143,29
2923703875,29
1150003270,29
18398282,29
5992797788,29
1757440607,29
5609643623,29
1493658224,29
20460684,29
1150003340,29
5609643663,29
3320754320,29
5609643665,29
3320754322,29
5609643664,29
5609643670,29
3247825561,29
3247825562,29
28800670,29
3247824558,29
250550447,29
1684835016,29
4807521484,29
1309067471,29
1309067472,29
632438506,29
1685281003,29
1685281006,29
1685281010,29
1685281011,29
1685281013,29
1493662967,29
1685281017,29
1685281020,29
1685281021,29
1685281025,29
1685281029,29
1685281031,29
250550024,29
250550023,29
1685281032,29
1685281035,29
1685281041,29
1685281044,29
1685281045,29
1685281046,29
1141415192,29
1685281053,29
1685281056,29
1685281058,29
1141415202,29
1685281061,29
250550053,29
1685281063,29
1685281064,29
1141415215,29
1150003503,29
4401149234,29
1686463794,29
1685281075,29
1685281076,29
1685281077,29
1685281079,29
1141415220,29
1685281087,29
8869464390,29
1150003530,29
8869464398,29
1685281104,29
3741131600,29
3741131606,29
8869464407,29
7636244314,29
1685281123,29
149451620,29
149451622,29
2990721387,29
2990721390,29
2990721391,29
3739049344,29
1939632514,29
1939632519,29
5041945479,29
5041945480,29
3870640530,29
25498004,29
1685281175,29
1723315608,29
25498010,29
1686463389,29
25498015,29
1686463392,29
5938625442,29
1686463397,29
1684835241,29
7636278191,29
7636278193,29
7636278195,29
7636278196,29
7636278198,29
7636278199,29
7636278200,29
7636278201,29
8898783674,29
1686463428,29
8898783685,29
1312335310,29
5238500306,29
5238500308,29
5238500312,29
5238500313,29
5006781409,29
873809385,29
1685281260,29
1169109485,29
8869472239,29
8869472242,29
6866779798,30
6866779799,30
6866779802,30
4530012699,30
6866779804,30
4530012700,30
4530012702,30
6866779806,30
4530012703,30
6866779809,30
6866779810,30
6866779817,30
6866779818,30
2632761651,30
282708,30
4316306161,30
4316306163,30
4316306164,30
1761598585,30
25438595,31
25438732,31
25438638,31
282719,31
1832665997,32
1832666001,32
1958800795,32
8972441125,32
8972441126,32
25496748,32
25496750,32
1816038195,32
1816038215,32
5265830862,32
25496785,32
8972511962,32
8972511963,32
438170475,32
8972441579,32
21583342,32
25496815,32
10572785,32
7279239795,32
8785568224,33
8785567914,33
8972441580,33
10572786,33
1985084095,33
435104736,34
25471135,34
1309180610,34
435104738,34
1309180612,34
7792756412,34
1723389067,34
435104732,34
10607132,34
7792756414,34
435104735,34
1360122880,35
6431923714,35
6431923715,35
4462680068,35
7840712839,35
1832248457,35
1832248458,35
10607629,35
4462680078,35
5642519054,35
5642519055,35
5374174224,35
5642519056,35
5642519060,35
9804471701,35
9804471702,35
25496854,35
595709975,35
25496857,35
5642519066,35
5470932252,35
9846850973,35
9846850974,35
9846850972,35
5470932256,35
5573994014,35
5573994016,35
5642519068,35
5573994020,35
5642519069,35
1832129958,35
5374174120,35
1832129960,35
1832129962,35
14672924,35
7203717550,35
5839165751,35
1360122937,35
25151180,35
4512763345,35
4512763347,35
5839155672,35
1360122841,35
5460658138,35
5471345385,35
1360122860,35
308837357,35
5573931376,35
5573931377,35
1360122866,35
5468301555,35
5573931380,35
5573931381,35
5573931384,35
529722111,35
1721713699,36
672061444,36
2902624645,36
2406484455,36
1312188714,36
1721713677,36
672061646,36
1717643505,36
1717643512,36
10677374,36
1717643530,37
1717643537,37
18395287,37
18395288,37
25161370,37
250326914,38
18469130,38
18469132,38
1401416208,38
8868010160,38
8868010162,38
250327159,38
20458277,39
250549587,39
4618510643,39
1312188692,39
4618510644,39
20625793,40
25497603,40
2528484782,40
5905807279,40
5905807278,40
1547657140,40
10544409928,40
10544409929,40
10544409930,40
25474005,40
10544409948,40
10544409950,40
25474015,40
10544409954,40
25474019,40
10544409957,40
10544409958,40
10544409959,40
10544409960,40
10544409961,40
10544409963,40
10544409964,40
10544409966,40
10544409967,40
5976760444,40
5976760446,40
20625800,41
710521820,41
585201189,41
1561411396,41
6918421504,42
6918421508,42
6918421509,42
4777897926,42
6918421511,42
3616299208,42
6918421512,42
20626282,42
1556097098,42
6918421513,42
1951372909,42
10306429333,42
1556097431,42
8675201272,42
1556097306,42
1556097245,42
1951372927,42
25067264,43
25067265,43
2566132610,43
2566132611,43
25067397,43
25067398,43
5146186503,43
5146186504,43
5146186505,43
950703626,43
5146186507,43
25161356,43
6446301329,43
25505685,43
25161373,43
7824747295,43
25067298,43
7824747302,43
25067305,43
7824747306,43
6967585840,43
6967585841,43
6967585842,43
6967585843,43
1827389620,43
6967585845,43
1782727992,43
6446304190,43
5201625535,43
5201625537,43
5201625539,43
5201625541,43
25505606,43
1536948431,43
700774224,43
5146186589,43
5146186590,43
5146186591,43
25505634,43
5146186468,43
5146186470,43
4085778919,43
4085778920,43
1990694638,43
4085778927,43
4085778930,43
4085778933,43
5146186489,43
20626301,43
20626304,44
2941549929,44
2941549928,44
3519324894,44
5124166978,45
20626307,45
7572833352,46
7572833353,46
20626314,46
5177397824,47
8755805313,47
3328228994,47
4367041960,47
25524297,47
4367041962,47
21392267,47
6606135977,48
6606135979,48
6606135983,48
21392279,48
4462680066,49
1832129796,49
4462680070,49
9201323528,49
1832129800,49
21563788,49
6978443788,49
4462680076,49
1832129809,49
4462680082,49
1832129815,49
4208239642,49
338474279,49
21686572,49
21686574,49
1832129838,49
3972566705,49
3972566714,49
9203541581,49
4462683090,49
5839163740,49
5788363874,49
5788363878,49
5907366887,49
5788363880,49
9203541611,49
9203541612,49
9236477422,49
6828921212,49
21578456,50
21578457,50
25495589,50
1832129794,51
1832129785,51
25496847,51
1832129776,51
1832129778,51
4077495826,51
21685497,51
1684437690,51
1684437692,51
1832129789,51
21693787,52
25500239,52
1238259337,53
4530011788,53
3197339664,53
3197339666,53
3197339667,53
4530012691,53
3197339668,53
1731235606,53
4530012690,53
1150003480,53
3197339673,53
3197339674,53
4530012695,53
3197339676,53
4530012696,53
1731235480,53
4530012705,53
4530012706,53
4530012707,53
1731235492,53
1731235489,53
4530012711,53
1731225596,53
288193455,53
1728472241,53
3197333559,53
4729385030,53
4729385031,53
1150003400,53
3794876751,53
1150003547,53
21990620,53
1731225566,53
1327865950,53
5565486432,53
1150003423,53
5565486434,53
1731225575,53
1731225580,53
28728187,53
5565487612,53
4556931604,54
21990622,54
5565443389,55
21990628,55
21990629,55
5565443390,56
250327618,56
21990630,56
250327591,56
1718566880,57
1718566886,57
21990631,57
21990632,57
8869464392,57
5042033643,57
8869464378,57
6116290274,58
24659947,58
6948380395,58
6948380400,58
6948380401,58
24949780,58
9693920800,59
9693920796,59
9693920797,59
24660863,59
5046314043,60
25632860,60
24951854,60
10544113920,61
10544113922,61
24952195,61
10544113923,61
3887940999,61
2528522518,61
6867581464,61
6867581465,61
2528522524,61
694824861,61
2528483741,61
2528522528,61
2528522530,61
6985465124,61
6985465127,61
6985465130,61
6985465133,61
2528522542,61
2528484781,61
2528522547,61
2528522549,61
6886012733,61
2038033986,61
1556324684,61
3385387604,61
3385387606,61
3385387607,61
3385356250,61
4117882857,61
25532273,61
1689387896,61
1689387903,61
5087519104,62
25066338,62
25161347,62
5087519106,62
5090420613,62
5090420614,62
5090420611,62
25161348,62
25066412,62
5090420940,62
5090420941,62
25066419,62
8807429660,62
1718390753,63
1717650794,63
25066451,63
25066453,63
25161369,63
1309180608,64
7447637305,64
25471289,64
3691462888,64
25471274,64
25471090,64
2836220819,64
2755124947,64
2755124949,64
25632854,64
7447565847,64
7447565849,64
7447637306,64
2036181339,64
25471263,64
2036185421,65
25472215,65
4675821921,66
25472545,66
4675821944,66
762080069,66
4675821925,66
4675821924,66
4665353643,66
4665353644,66
4675821932,66
4675821931,66
762080111,66
1617596591,66
25473048,66
25472379,66
10196915587,67
10196915588,67
10196915589,67
32921737,67
32921738,67
10196915593,67
4675822093,67
4675822094,67
4675822095,67
4675821968,67
4675822097,67
761831057,67
4675822099,67
4675822100,67
270110481,67
270109325,67
751837591,67
1617647896,67
270109326,67
1617647900,67
1617647901,67
270112540,67
270112539,67
270109327,67
751837736,67
25472428,67
1401849779,67
751837622,67
270109370,67
1617647931,67
1617647934,67
1419544126,67
270110143,67
270110142,67
4665352260,67
4665352261,67
4665352262,67
761830981,67
4665352264,67
2134066506,67
761830987,67
9566848716,67
761830989,67
1419544142,67
26374230,67
26374231,67
761831000,67
26374232,67
751837654,67
761831004,67
761831007,67
270110053,67
270110054,67
321255911,67
321255910,67
4781199338,67
761831019,67
761831023,67
751837551,67
6483733489,67
6483733493,67
1419603573,67
25472890,67
761831037,67
25472800,68
149431715,68
2168949324,68
2168949325,68
1954751920,68
2940401398,68
3741131607,68
3741131608,68
4665353660,69
1617532091,69
25473004,69
4665353662,69
25475328,70
25473281,70
9700060290,70
9700060291,70
9700060292,70
690295042,70
1563638022,70
690295047,70
1990912136,70
5904615691,70
5904615694,70
5904615699,70
3999987604,70
5904615708,70
2528483742,70
1233353631,70
1321466104,70
5574049698,70
5574049700,70
4777885221,70
5574049702,70
4085387943,70
5574049703,70
4085387945,70
1233353642,70
4773889323,70
5574049707,70
5574049709,70
3385332654,70
283062189,70
1233353464,70
1233353640,70
9683686963,70
5574049717,70
9683633717,70
5574049718,70
4085600696,70
4229228089,70
4085600698,70
9683633718,70
5574049719,70
3733791671,70
673420216,70
1137777343,70
1155552319,70
1155552322,70
6779394887,70
796809545,70
8497605078,70
25475417,70
585148380,70
4832472797,70
9135848928,70
9135845216,70
680069473,70
8497605091,70
9683400934,70
1951242857,70
9683400938,70
680069483,70
713363180,70
4136124526,70
4166219502,70
8031801454,70
1990912115,70
696477560,70
5574051321,70
585130362,70
1233353467,70
25473279,70
1547392771,71
1547013574,71
9694091976,71
9694091978,71
25475053,71
9694091983,71
9694091984,71
1547013588,71
1547013592,71
1547392927,71
6696695781,72
10579930791,72
10579930792,72
8783914189,72
8783914190,72
8604055550,72
8604055549,72
25475678,72
25475688,73
25475690,73
9820538027,73
25475691,73
25499095,73
8632535522,74
1312188614,74
306439304,74
2545230474,74
8632535532,74
306439310,74
8632535535,74
25477149,74
25477150,74
3741078112,75
25477154,75
1312319838,75
306439338,75
306439329,76
25477156,76
249679365,77
9080098310,77
3168378376,77
9080098315,77
9080098316,77
28418580,77
3528711722,77
27459116,77
251757615,77
27459120,77
249679407,77
7817166393,77
249679418,77
249679420,77
7817166397,77
5924603458,77
1042862659,77
5924603460,77
7817166407,77
3073173576,77
3073173585,77
7899973206,77
28418138,77
27459165,77
28418141,77
28418144,77
8500636794,77
1042862718,77
4344245890,77
4344245892,77
4344245893,77
3528738438,77
3528738439,77
3528738440,77
4344245894,77
5257738380,77
5257738381,77
5257738382,77
5257738383,77
5257738384,77
5257738385,77
5257738386,77
5257738387,77
5257738388,77
9030037139,77
3528710291,77
27460250,77
6995618979,77
7817162919,77
5242815659,77
5160943793,77
5160943794,77
5160943795,77
5160943796,77
5160943797,77
5160943798,77
5160943799,77
5160943800,77
5160943803,77
5160943804,77
5160943806,77
5160943807,77
5160943808,77
472493763,77
1039290567,77
4089885900,77
5174825175,77
5174825176,77
5174825178,77
302013659,77
5174825180,77
5174825181,77
3892081373,77
5174825183,77
302013662,77
3892081377,77
3892081378,77
9080123621,77
1014803686,77
3892081382,77
3892081384,77
6969936104,77
6969936106,77
6969936102,77
6969936108,77
6969936109,77
6969936110,77
1014803691,77
6969936114,77
6969936115,77
6969936116,77
302013685,77
6969936117,77
302013682,77
2914561272,77
302013688,77
2914561274,77
25477371,77
3894948091,77
3894948093,77
249679102,77
1014803704,77
28419328,77
3894948098,77
3894948099,77
3894948100,77
670103313,77
670103314,77
1014803736,77
3068267824,77
3068267825,77
2140124982,77
2140124983,77
3682538298,77
8042031930,77
249679168,77
5768339777,77
2140124996,77
4144358216,77
4144358217,77
4949004105,77
4949004106,77
302013776,77
302013777,77
4948602211,77
3550836102,77
3550836104,77
251757452,77
251757458,77
2934411667,77
3014236566,77
3014236567,77
3014236569,77
3014236570,77
2935392676,77
302013683,77
3068270504,77
3068270516,77
5174828980,77
3068270518,77
249558964,77
3186593720,77
1039322041,77
3186593722,77
28418497,77
251757533,77
249559005,77
1039322102,77
9080098298,77
9080098299,77
819157946,78
25477858,78
3661703766,78
819157975,78
1832052008,79
1707790107,79
25495542,79
1832129783,79
7279228683,80
317930380,80
25496773,80
1985084135,81
1985084137,81
25496781,81
25496783,81
25496787,81
25496788,81
25496850,82
25496851,82
4730978983,82
9690974273,83
9690974274,83
4920098344,83
4920098349,83
25496920,83
25497986,84
6374802555,84
5711517570,85
5711517571,85
4703559689,85
25497997,85
5479654172,85
1723388957,85
5479654175,85
1723388960,85
5479654177,85
2331184930,85
2331184932,85
25498021,85
2331184935,85
1723388970,85
25632683,85
1723388974,85
1723388976,85
1723388979,85
1723388981,85
1723388986,85
1723388988,85
5006916678,85
446765895,85
446765900,85
5479655630,85
5479655634,85
4703542485,85
4703542486,85
390073175,85
6525670236,85
6525670237,85
2135411294,85
2135389151,85
2135411296,85
2135411297,85
6525670242,85
5479655652,85
5479655662,85
6374802559,85
25498016,86
6569580040,86
3247578847,86
25498018,87
3725817386,87
6374802579,87
6374802582,87
6374802583,87
7792756672,88
7792756674,88
7792756676,88
7792756680,88
7792756713,88
25498026,88
5711517569,89
5711517565,89
25499655,89
25505679,90
9988193967,90
25505607,90
6606135968,91
25509513,91
9197589233,91
9197589238,91
316763584,92
25632865,92
316763586,92
25632864,92
5046627553,92
316763589,92
316763590,92
316763595,92
316763600,92
1215563891,92
5046627638,92
25632855,92
5046627642,92
25632859,92
5046627645,92
25632862,92
302013672,93
7815533545,93
302013674,93
7815533546,93
249558966,93
347542743,93
3081980920,93
347542742,93
3081980922,93
27480956,93
27480957,93
27480958,93
27480960,94
9678821156,94
1736734053,94
1238249900,94
1238249901,94
1238249904,94
7900221108,94
249560091,94
7900221087,94
3984132032,95
4116809027,95
3984132036,95
3984132037,95
302013708,95
4422013486,95
249679343,95
4089885902,95
28418929,95
4089885905,95
6294214898,95
6294214897,95
1401908258,96
1401908260,96
250550183,96
28800661,96
28800662,96
250550174,96
8869464371,97
250549835,97
28800668,97
32921724,98
761830999,98
761830991,98
32921728,99
32921729,99
32921731,99
4697525030,99
4697525032,99
1401849768,99
26374229,99
32921748,100
32921743,100
354886099,101
213668839,101
1685276643,102
250549700,102
250549699,102
255700677,102
213672005,102
250327619,102
8868010217,102
213668842,102
2642612586,102
213668844,102
8868010221,102
2642612585,102
213670986,102
2642878644,102
250327576,102
8868010202,102
250327547,102
8868010204,102
354886082,103
250549670,103
1310663631,103
3114645200,103
3114645201,103
250327037,103
250550400,104
973101839,104
1686463489,105
1686463523,105
3739049325,105
1686463503,105
1686463471,105
1686463505,105
1686463476,105
1686463510,105
390073208,105
7882485394,106
10308697502,106
469785734,106
471488499,107
1493722803,107
1547013711,107
2137096880,108
4305235825,108
473257581,108
473262660,109
473262822,109
697044225,110
707377382,110
249467025,111
806373533,111
4922952361,112
1046306167,112
1569300062,113
1144619335,113
1150003141,114
5609643622,114
1150003479,114
1255491496,115
1255369133,115
4511972303,115
1255491504,115
4511972304,115
1255491506,115
1255487160,116
1255487172,116
1255487166,116
1722268388,117
3093897990,117
4749090120,117
2387232554,117
2387232559,117
1722268367,117
5565455858,117
1280491924,117
1280491926,117
1722268381,117
3741117630,117
2402557599,117
3272782432,118
8807410151,118
1547013738,118
2454119184,118
1547013589,118
2454091736,118
3272782431,118
1587318992,119
1587318999,119
1817617689,120
1817617691,120
1817617692,120
1596648669,120
1596648671,120
1617532088,121
4697287185,121
4696544876,121
4663312759,121
1617596593,122
3328228993,122
1617532092,122
1617596606,122
6866592992,123
6866516262,123
2453947049,123
2453947051,123
4211515634,123
1637578547,123
1637578516,123
6866516278,123
1637578522,123
2576893629,123
1637578551,124
1637578535,124
1668135493,125
3197339661,125
3197339662,125
3170676206,125
5565475799,125
1668135486,125
1685281036,126
1685281022,126
4650375494,127
1707790055,127
1707790057,127
4650375504,127
4650375505,127
1707790067,127
4650375508,127
4658088539,127
1955520890,127
3972566715,127
6978459068,128
5177352922,128
1707790099,128
5177352932,128
1810130458,129
4077495964,129
4158000323,130
1816959492,130
4142725558,130
1832228100,131
1832228080,131
1832228112,131
1832228144,131
1832228083,131
1832228115,131
1832228120,131
1832228159,131
1882379248,132
10090013713,132
10090013714,132
2306288080,132
4823243100,132
3247578846,132
3987750688,133
5269678593,133
5977954180,133
3987750692,133
9673189926,133
2612458244,133
6110164649,133
1951190474,133
7900888467,133
3850146457,133
1968744210,134
3992885062,134
4697288399,134
1990694620,135
1990694647,135
2502545024,136
9619940387,136
1990912102,136
1990912134,136
4117896490,136
2502545041,136
9683400946,136
9683400950,136
9678366518,136
9678523000,136
8031800090,136
5574051323,136
8031800092,136
8031800094,136
2341656968,137
4697287177,137
4697287178,137
3265436691,137
4697287188,137
4696545402,137
4696568110,137
8620105277,137
8620105279,137
4697288390,137
4085747017,137
367102039,137
4166662874,137
4166662878,137
3265436260,137
4174200048,137
4696544885,137
4696545399,137
4175081593,137
4175081594,137
4696545403,137
3911044734,137
3247589712,138
6569580044,138
6569580045,138
2531863975,138
2531863977,139
2531863978,139
3739049346,140
2990732269,140
6116290280,141
5473274252,141
5473274253,141
5473274254,141
5473274256,141
5473274257,141
5473274259,141
5473274260,141
3139655930,141
3139655933,141
5473273470,141
3158794148,142
5473272900,142
5473272902,142
3158794151,142
5473272904,142
5473273067,142
5473273068,142
4534858543,142
5473272882,142
5473272983,142
5473272984,142
5473272667,142
5473272700,142
3578315456,143
3586606037,143
4369519260,144
4369519219,144
4369519227,144
4369519206,144
4554237017,145
5009054889,145
5009054892,145
4781199345,146
4781199346,146
4781199348,146
4781199350,146
4781199352,146
4781199354,146
4781199355,146
6374802572,147
5006965588,147
5006965589,147
5060405461,148
1954751918,148
5095547184,149
5095547180,149
5095547181,149
5095547182,149
5468301601,150
10607626,150
5468301602,150
5473273795,151
5473273796,151
5473273798,151
5473273803,151
5473273805,151
5473273616,151
5473273791,151
5473273788,152
5473273789,152
5473273790,152
5733997920,153
5733997919,153
5927671120,154
5927671121,154
6525701539,155
6525701540,155
4142725557,155
6525701529,155
6525701530,155
6525701533,155
6525701535,155
6606148802,156
6606148797,156
6606148798,156
6855696495,157
6855696496,157
6855696497,157
6855696502,157
6855696503,157
6855696504,157
6855696506,157
7792756538,158
7792756539,158
7792756540,158
7792756543,158
8357847937,159
8357847938,159
8357847939,159
8357847927,159
8357847928,159
8357847929,159
8357847930,159
8357847931,159
8357847932,159
8357847933,159
8357847934,159
8515091587,160
8515091588,160
8515091590,160
25532494,161
8807410150,161
9524817681,162
9524817682,162
10306423508,163
10306429309,163
10306429310,163
10306429319,163
