node_id,cluster_id
4462680066,0
6369329155,0
4462680068,0
4462680070,0
8989843465,0
25497611,0
4462680076,0
1150003213,0
4462680078,0
1678452753,0
6369329170,0
25497619,0
25497985,0
4462680082,0
595709975,0
1150003224,0
2990651918,0
1726730272,0
10241310756,0
1150003238,0
1726730281,0
1678452780,0
1150003247,0
8784212017,0
1726730292,0
1678452789,0
1678452788,0
1726730295,0
2990716984,0
1678452793,0
2990716986,0
10539589691,0
10539589692,0
2990716985,0
1726730303,0
1150003264,0
10539589696,0
1726730307,0
1736685635,0
10539589701,0
10539589704,0
25524297,0
10539589706,0
10539589707,0
262078536,0
2398924877,0
2990717001,0
1326821457,0
2398924886,0
1726730326,0
1726730329,0
1150003289,0
4379801694,0
2398924896,0
25503841,0
2398924898,0
1141487712,0
25503845,0
25632870,0
25503848,0
4379801706,0
25503851,0
1141487723,0
1816705135,0
25503856,0
1736685679,0
1726730354,0
4571244660,0
25503860,0
25503862,0
4571244663,0
25503863,0
25503865,0
25503867,0
25503869,0
4696545406,0
1816705152,0
5342251136,0
25503873,0
1141487746,0
25503876,0
1150003329,0
7840712839,0
25503880,0
25503885,0
419350669,0
5342251151,0
1816705168,0
1816705175,0
819132568,0
1816705177,0
1816705180,0
4298971293,0
1816705183,0
1816705193,0
6871422361,0
5177397419,0
25473199,0
25473200,0
25473202,0
5060405427,0
25473204,0
5060405429,0
5060405430,0
25473207,0
25473205,0
1758554291,0
5060405434,0
368044217,0
490946748,0
1326821568,0
1326821569,0
5060405441,0
5060405443,0
5060405444,0
5060405445,0
5060405446,0
748941508,0
419350723,0
1816705227,0
10309140683,0
6828863694,0
10309140686,0
6828863697,0
1816705235,0
6272993491,0
5060405461,0
1816705242,0
5060405468,0
1816705246,0
1816705250,0
1938819302,0
4158122222,0
4158122223,0
748941552,0
5468301555,0
748941556,0
25497845,0
748941560,0
490946813,0
10309153022,0
10309153023,0
10309153025,0
10309153027,0
4076126468,0
748941573,0
748941577,0
1536948492,0
25497872,0
1150003472,0
2005131543,0
10309472541,0
10309472542,0
10309472543,0
10309472544,0
10309472547,0
10309472548,0
10309472553,0
21686572,0
21686574,0
4076095791,0
4076095797,0
5839165751,0
2140432704,0
1150003532,0
4297242961,0
237911,0
4076095834,0
473266524,0
5839163740,0
4076095841,0
4297242983,0
8755808618,0
1150003563,0
1684781421,0
1955520879,0
25497968,0
5573931377,0
25497970,0
1150003571,0
5573931380,0
5573931381,0
5573931376,0
8755808627,0
5573931384,0
25497978,0
372050299,0
25497979,0
25497981,0
1684781436,0
6828921212,0
25504128,0
25504129,0
1145174402,0
5207476609,0
5207476608,0
5207476613,0
25504134,0
25497990,0
5207476616,0
473264514,0
1493229962,0
5207476611,0
21563788,0
1145174413,0
25504143,0
25504144,0
1145174417,0
1145174418,0
10572178,0
10572179,0
10572180,0
1668112790,0
1668112792,0
1684781470,0
1145174435,0
1145174437,0
20965798,0
20965799,0
20965800,0
20965801,0
1684781486,0
7203717550,0
4142725554,0
4142725557,0
4142725558,0
747893184,0
1758552521,0
1758552522,0
1758552524,0
10541894095,0
10541894097,0
5839155672,0
864817628,0
1758552541,0
1758552547,0
1145174501,0
1758552555,0
1145174508,0
1758552559,0
8785484288,0
2990651905,0
2990651904,0
2990651906,0
1816959492,0
490947077,0
2990651908,0
2990651910,0
2990651907,0
2990651909,0
2990651914,0
2990651912,0
2990651911,0
6978443788,0
5642519054,0
5642519055,0
747893264,0
1758552592,0
5642519056,0
2990651921,0
5642519060,0
2990651920,0
1758552597,0
10607127,0
10607128,0
5642519066,0
5642519068,0
5642519069,0
268124704,0
3267461666,0
7553479208,0
7553479212,0
1777740337,0
490947124,0
8784177716,0
5177397822,0
5177397823,0
5177397824,0
5177397825,0
5177397826,0
5177397828,0
256766533,0
256766532,0
256766536,0
256766537,0
10539068564,0
10539856459,0
10539068565,0
5238528591,0
3696548432,0
256766545,0
4297243218,0
3696548437,0
25500246,0
3696548438,0
3696548440,0
9576827482,0
25475674,0
2135411292,0
2135411293,0
25475678,0
3267461729,0
4369519206,0
1758552682,0
25475692,0
25475693,0
25475694,0
5242049139,0
4369519219,0
4369519227,0
2987752071,0
1684710025,0
2987752074,0
2987752075,0
1599652492,0
2987752073,0
5269670540,0
2502519440,0
1599652497,0
4297243292,0
4369519260,0
1684710044,0
4297243295,0
4297243298,0
4297243301,0
4730978983,0
25475752,0
1905779369,0
25475754,0
4297243306,0
1905779367,0
6606135979,0
6606135977,0
6606135983,0
25471681,0
1684835019,0
1816609486,0
8785457870,0
8785457871,0
2620105428,0
1816609498,0
5471345385,0
4175059691,0
373402354,0
25471732,0
1684835062,0
25471740,0
529722111,0
1649365762,0
1649365764,0
473268999,0
25500427,0
4089236236,0
10309458701,0
1649365780,0
1684835097,0
1649365789,0
2480657186,0
1401893666,0
2480657188,0
1649365797,0
2480657190,0
4643337000,0
3107212073,0
473264937,0
1649365800,0
1401893675,0
4627491632,0
8975833905,0
1649365810,0
1163954995,0
4643337012,0
355416887,0
8975833911,0
1649365816,0
355416892,0
4627491645,0
1649365820,0
4627491650,0
1777742666,0
355416911,0
1684835152,0
1684835156,0
355416920,0
355416921,0
1163955034,0
109403,0
10004388708,0
10004388710,0
473269102,0
6014333809,0
632447859,0
25500535,0
21392267,0
1261120402,0
21392279,0
1759454104,0
4948630427,0
4948630428,0
1311962012,0
4240028578,0
4240028580,0
5374174120,0
1261120430,0
7947041713,0
4643337143,0
10310609849,0
4643337146,0
10310609852,0
7075087299,0
435104712,0
435104715,0
435104717,0
4462683090,0
1759454163,0
435104726,0
10310609879,0
435104728,0
10310609881,0
435104729,0
435104727,0
1360122841,0
10310609887,0
1311962080,0
5067002851,0
10310609894,0
5067002855,0
5907366887,0
1360122860,0
308837357,0
5067002862,0
25504753,0
1360122866,0
5067002867,0
1360122880,0
5067002882,0
1759454211,0
107668,0
10607629,0
1759454222,0
5374174224,0
973128722,0
4208239642,0
14672924,0
1360122917,0
1609966639,0
1609966643,0
5503142966,0
5503142969,0
5503142970,0
1360122937,0
1609966653,0
9820537917,0
9820537921,0
7179983946,0
7179983947,0
9820537932,0
9820537933,0
4150883407,0
4150883409,0
1816777816,0
1759454299,0
1816777820,0
1759454305,0
9820537954,0
9820537955,0
5788363874,0
9820537957,0
5788363878,0
8755805288,0
5788363880,0
10539068534,0
8755805305,0
8755805306,0
7827997819,0
9820537981,0
9820537982,0
10539068544,0
473267328,0
8755805313,0
10539068550,0
9820537992,0
9820537993,0
20460681,0
20460680,0
1832248457,0
1832248458,0
20460686,0
20460687,0
1759454351,0
1816777873,0
20460690,0
107667,0
20460691,0
1816777874,0
9820538002,0
9820538004,0
9820538006,0
20460696,0
20460697,0
7607080091,0
6506796188,0
7607080092,0
1239549084,0
5009054881,0
107684,0
107685,0
4158004390,0
9820538020,0
107686,0
9820538021,0
9820538022,0
1759454378,0
10539068590,0
5009054894,0
2990664881,0
5009054898,0
419632307,0
10539068598,0
244128951,0
1938953406,0
5353127105,0
473265346,0
4158000323,0
1938953413,0
748797126,0
4197401800,0
4197401802,0
8783914189,0
8783914190,0
10539648210,0
4197401811,0
109780,0
4197401813,0
1938953431,0
748797145,0
1938953433,0
1596648669,0
1938953437,0
1596648671,0
6978557152,0
1596648673,0
1832129762,0
748797155,0
1759454429,0
2360681703,0
21685483,0
21685484,0
21685485,0
21990638,0
2360681711,0
2360681709,0
2360681713,0
1832129958,0
2360681716,0
4298970364,0
4298970368,0
4378043649,0
4298970372,0
1832129796,0
4298970376,0
5060388105,0
1832129800,0
5060388107,0
4298970380,0
4378043661,0
4378043662,0
5060388110,0
4298970384,0
1832129809,0
25496850,0
4378043667,0
4298970388,0
25496851,0
25496854,0
2118622487,0
2118622488,0
1817617689,0
25496857,0
1817617691,0
1817617692,0
5470932252,0
1832129815,0
5470932256,0
4378043682,0
1150003195,0
338474279,0
1832129838,0
1150003197,0
6978563378,0
5516594509,0
875789647,0
1601797458,0
1366095187,0
1366095189,0
1268903266,0
7946378606,0
3739049327,0
7946378609,0
7946378610,0
6509684096,0
4158223748,0
3763565957,0
3763565959,0
3763565961,0
2990806410,0
2990806411,0
3739049356,0
3763565962,0
2990806415,0
9804471701,0
9804471702,0
3739049366,0
6871422360,0
6525701529,0
6525701530,0
5238523291,0
9846850972,0
6525701533,0
9846850974,0
6525701535,0
748885408,0
9693963681,0
9846850973,0
6525701539,0
6525701540,0
2665239972,0
3739049382,0
3739049383,0
9693963688,0
4367041960,0
1954751914,0
2665239978,0
4367041962,0
316763559,0
1954751918,0
1832129960,0
1832129962,0
4166634960,0
4512763345,0
4512763347,0
25499093,0
4627445215,0
422573549,0
6239229422,0
6239229423,0
1913216493,0
9236477422,0
4627445239,0
4627445240,0
4627445241,0
956233215,0
956233216,0
6431923714,0
6431923715,0
4627445252,0
4627445253,0
4627445254,0
8620105223,0
9201323528,0
4627445257,0
4627445260,0
4627445261,0
5095890460,0
5573994014,0
5573994016,0
5573994020,0
5040168489,0
5040168491,0
1596655148,0
1596655149,0
473265708,0
8620105262,0
5040168496,0
1596655155,0
1813618228,0
1596655157,0
1813618229,0
1596655161,0
10539712058,0
10539712057,0
1828402758,0
2755124807,0
9203541581,0
2755124815,0
1828402774,0
25577057,0
775984738,0
775984737,0
473265762,0
4729480806,0
4729480807,0
5041784423,0
9203541611,0
9203541612,0
1813618288,0
4696544883,0
6978555518,0
5609643647,0
1813618304,0
6978555522,0
3328228994,0
264824452,0
5609643653,0
5609643652,0
2990780039,0
5609643656,0
5060388115,0
5609643658,0
5609643662,0
5733998227,0
5733998228,0
28800660,0
25509527,0
28800663,0
748799641,0
5609643672,0
5609643675,0
5609643676,0
25509533,0
25509534,0
28800664,0
5609643674,0
5609643673,0
5609643682,0
5609643685,0
5609643686,0
10579930791,0
10579930792,0
5041784489,0
5609643687,0
3972566705,0
4571238068,0
4571238069,0
5041784501,0
1813618358,0
3972566710,0
7613626042,0
3972566714,0
7613626044,0
7613626045,0
7613626046,0
7613626047,0
1813618365,0
1214922433,0
7613626050,0
3257317059,0
1707790023,0
1813618376,0
1707790024,0
1707790026,0
7613626059,0
7613626060,0
25151180,0
7613626066,0
7613626070,0
3739049365,0
1813618393,0
4034060007,0
9805100783,0
4034060015,0
4329502449,0
4034060017,0
2265065203,0
4034060018,0
2265065207,0
1813618424,0
1813618426,0
25497340,0
1813618429,0
1813618431,0
1813618432,0
8868824844,0
4379801357,0
6137798425,0
1664571164,0
1813618461,0
4076095262,0
1813618463,0
1813618465,0
4085767970,0
4085767974,0
7610670890,0
4085767979,0
7610670892,0
4085767983,0
1813618484,0
4085767989,0
5041784633,0
5041784634,0
1813618493,0
25470782,0
7610670912,0
7610670913,0
8868824899,0
8868824900,0
8868824901,0
7610670919,0
7610670920,0
7946372941,0
8868824911,0
8868824912,0
8868824913,0
8868824914,0
1664571227,0
1664571229,0
1664571236,0
4297054053,0
108393,0
4530339698,0
4530339699,0
25472885,0
108406,0
104318,0
104319,0
5114681227,0
5114681230,0
1837610895,0
1837610896,0
968499092,0
1813794712,0
1813794713,0
269547420,0
25632678,0
710657963,0
1726730162,0
1726730165,0
1813618616,0
6816821186,0
3830441923,0
4370333637,0
6816821193,0
1150003147,0
25470928,0
3830441937,0
1401849810,0
4370333651,0
4370333652,0
4370333653,0
1150003155,0
4370333657,0
5460658138,0
1150003170,0
6696695781,0
25497595,0
8604055549,0
8604055550,0
104320,1
1215563904,1
373364228,1
1401870341,1
1649365894,1
1401870340,1
1726730375,1
3229825163,1
5475684621,1
6369329166,1
3229825166,1
8868824851,1
8868824852,1
3229825173,1
5475684758,1
8868824855,1
8868824856,1
8868824857,1
5475684763,1
107681,1
20965794,1
20965797,1
107687,1
18397096,1
20965803,1
5353114285,1
1163955119,1
269549104,1
269549105,1
5475675316,1
1163955128,1
1163955130,1
5475684676,1
5475684680,1
10263444809,1
5475684684,1
441958994,1
1163955037,1
21693793,1
21693795,1
5475684848,1
1649365878,1
1215563895,1
1771426174,1
6509584414,2
2218344503,2
2218344510,2
25477197,2
24658003,2
24658007,2
24658010,2
28418138,2
28418141,2
1327865950,2
32825440,2
28418144,2
32825442,2
1327865952,2
1327865953,2
1327865956,2
1327865957,2
7151566952,2
25477224,2
7151566955,2
25477228,2
4136124526,2
25067636,2
2934268024,2
5976760444,2
5976760446,2
6446301329,2
27459729,2
25067670,2
10542989479,2
10542989484,2
5160943793,2
5160943794,2
5160943795,2
1827389620,2
5160943797,2
5160943796,2
5160943798,2
5160943799,2
5160943800,2
25477301,2
5160943803,2
5160943804,2
5160943806,2
5160943807,2
5160943808,2
25067727,2
25067728,2
25477335,2
25477339,2
27459830,2
25477371,2
6463234329,2
5925626143,2
1566269741,2
27459905,2
5768339777,2
1144619335,2
25067871,2
5768339816,2
5768339817,2
25067883,2
25248112,2
25248113,2
25248114,2
25248115,2
25248117,2
25248118,2
25248119,2
25248120,2
3272712566,2
25248122,2
25248123,2
25248124,2
10306429309,2
10306429310,2
25248126,2
5087519104,2
10306429312,2
5087519106,2
25248130,2
25248129,2
25248128,2
10306429318,2
10306429319,2
25248127,2
27459970,2
25067914,2
10306429323,2
27459971,2
10306429327,2
10306429328,2
25067929,2
5065949596,2
5065949598,2
25067936,2
10596794785,2
3809870259,2
3809870260,2
3809870261,2
3809870262,2
3809870263,2
3809870264,2
3809870265,2
3809870266,2
259252667,2
4224123324,2
3809870269,2
3809870267,2
5201625535,2
3809870270,2
5201625537,2
354886082,2
5201625539,2
10543014340,2
5201625541,2
10543014339,2
10543014343,2
28418497,2
9690915267,2
10543014346,2
6465896907,2
9690915275,2
6465896909,2
9690915278,2
5335245256,2
5335245257,2
3809870281,2
3809870283,2
3809870287,2
3809870288,2
10543014362,2
10543014363,2
10543014367,2
10543014371,2
10543014372,2
10543014373,2
10543014374,2
10543014377,2
10543014379,2
10543014380,2
10543014386,2
10543014387,2
10543014388,2
10543014390,2
4830306810,2
4830306813,2
4530012690,2
4530012691,2
28418580,2
470729237,2
4530012695,2
4530012696,2
473219610,2
4530012705,2
4530012706,2
4530012707,2
1796137508,2
4530012711,2
295977520,2
4430996023,2
4430996024,2
4430996027,2
4430996028,2
4430996029,2
4430996033,2
1566270021,2
57786953,2
470729292,2
4430996044,2
1779589718,2
5238587992,2
5238587994,2
27460198,2
27460210,2
27460226,2
27460250,2
1268892338,2
3715515059,2
1268892379,2
4333847283,2
6446269173,2
251757321,2
1255490314,2
8807441166,2
3733299982,2
2454119184,2
3733299988,2
8807441176,2
8807441177,2
8807441178,2
8807441179,2
1268900644,2
28418859,2
28418877,2
1268900678,2
4144358216,2
4144358217,2
27460439,2
4167762776,2
5473272665,2
4167762778,2
5473272666,2
5473272668,2
28418909,2
28418921,2
28418929,2
1268892533,2
1268892541,2
251757452,2
5043864464,2
251757458,2
6055863205,2
6055863211,2
25265077,2
3733791671,2
25265080,2
1566270409,2
1310663631,2
251757533,2
1312932849,2
585180151,2
1721713677,2
7926506525,2
7926506531,2
1721713699,2
251757615,2
5473272894,2
5473272895,2
5473272896,2
5473272897,2
107585,2
5473272899,2
107588,2
107587,2
107584,2
107586,2
675734610,2
675734613,2
107606,2
6332695639,2
5046314074,2
6332695642,2
5046314077,2
675734622,2
4383581281,2
107626,2
107627,2
3808625773,2
107632,2
107634,2
3808625778,2
3808625780,2
107637,2
107638,2
3808625782,2
107641,2
3808625786,2
107643,2
107644,2
3808625785,2
107646,2
3808625791,2
5165786242,2
3808625796,2
5165786245,2
7623861385,2
3808625804,2
3808625809,2
5473272978,2
2793874587,2
3808625831,2
4402594986,2
1556260011,2
5242815659,2
3808625837,2
3808625835,2
1728472241,2
3808625843,2
3808625844,2
1556260024,2
3808625853,2
3808625854,2
3808625855,2
25068755,2
5473273069,2
5473273070,2
5473273071,2
5473273072,2
28419328,2
4773889323,2
5473273139,2
5473273140,2
5473273141,2
5473273142,2
1782727992,2
25068862,2
2577040703,2
5473273154,2
4116809027,2
6288147785,2
6288147786,2
1402070363,2
357999964,2
1402070364,2
1402070365,2
3515286913,2
5473273227,2
3887941007,2
3887941009,2
3887941010,2
3887941012,2
3887941013,2
3664405913,2
25544108,2
25544110,2
10599654857,2
5473273295,2
252601811,2
3152307669,2
5473273305,2
30057965,2
5473273326,2
5473273332,2
5574051321,2
722208263,2
25069071,2
5473273363,2
5473273364,2
5473273368,2
5473273372,2
5473273373,2
5473273376,2
5473273379,2
4453606953,2
722208297,2
4453606958,2
2929116721,2
5924603442,2
9683633717,2
9683633718,2
5473273399,2
4229228089,2
5924603450,2
5565466174,2
5565466175,2
5565466177,2
10311362114,2
10311362115,2
5924603458,2
5924603460,2
5565466183,2
6018098767,2
5473273425,2
5473273429,2
7899973206,2
5473273433,2
5473273435,2
5473273441,2
10311362148,2
1550763620,2
10311362150,2
10311362153,2
10311362154,2
5473273451,2
5473273457,2
10013517434,2
3528738438,2
3528738439,2
3528738440,2
25069197,2
5473273490,2
5473273499,2
5473273500,2
7824803495,2
7824803497,2
1493722804,2
3664398006,2
3664398007,2
3664398009,2
10311362236,2
1550763708,2
25069265,2
1550763732,2
10311362270,2
10311362271,2
10311362272,2
5473273571,2
5104314096,2
4866623226,2
4866623228,2
24659709,2
4866623230,2
2378843907,2
5473273604,2
5473273605,2
5473273606,2
5473273607,2
5473273610,2
3141814027,2
5473273611,2
5473273612,2
5473273613,2
5473273615,2
5473273621,2
5473273622,2
5473273623,2
2920433449,2
696477560,2
5090420611,2
108420,2
5090420613,2
5090420614,2
5104314264,2
5104314266,2
5104314268,2
5104314269,2
5104314270,2
5104314272,2
5104314275,2
5104314276,2
843376569,2
5473273788,2
5473273789,2
5473273790,2
3984132032,2
3984132036,2
3247933381,2
3984132037,2
843376588,2
9704122317,2
843376591,2
843376594,2
5931509715,2
5931509718,2
585148380,2
1731225566,2
2218362849,2
1725360097,2
843376610,2
1731225575,2
24659947,2
1731225580,2
5104314358,2
1731225596,2
4344245890,2
843376643,2
2278320142,2
3197339664,2
3197339666,2
3197339667,2
3197339668,2
3197339673,2
2278320154,2
3197339674,2
3197339676,2
1150003237,2
2278320167,2
1678452790,2
1678452792,2
1678452795,2
1678452796,2
1678452797,2
9690974277,2
3073173576,2
3073173585,2
1556097111,2
1556097120,2
5473273966,2
5473273967,2
5473273968,2
1990912115,2
1990912136,2
1556097166,2
2129578132,2
2129578133,2
1556097177,2
1150003354,2
2129578142,2
3334162601,2
3808626859,2
3334162604,2
3808626860,2
3808626862,2
3808626865,2
3808626868,2
3808626869,2
3808626871,2
3808626872,2
1150003385,2
806373565,2
3808626878,2
4688513218,2
3808626882,2
3808626884,2
4688513221,2
3808626886,2
3808626887,2
1150003400,2
4688513226,2
4688513227,2
5090420940,2
5090420941,2
4688513230,2
4688513231,2
3808626895,2
3808626896,2
3808626893,2
1938819283,2
1938819284,2
4688513237,2
2254629351,2
3808626902,2
4688513240,2
3808626905,2
4688513242,2
2969438426,2
4688513244,2
4688513245,2
1938819294,2
3808626904,2
3808626912,2
3808626913,2
3808626914,2
1150003423,2
1938819301,2
6969936102,2
6969936104,2
6969936106,2
3808626922,2
6969936108,2
6969936109,2
6969936110,2
3808626923,2
6574794989,2
1717643505,2
6969936114,2
6969936115,2
6969936116,2
1938819317,2
6969936117,2
3808626934,2
1938819320,2
1717643512,2
3808626929,2
3808626935,2
3808626940,2
1938819325,2
1938819326,2
3808626941,2
1938819328,2
3808626945,2
1938819330,2
3808626947,2
1938819335,2
3136301320,2
3136301321,2
1717643530,2
5904615691,2
3136301324,2
3136301325,2
5904615694,2
3136301328,2
1717643537,2
5904615699,2
1150003480,2
5904615708,2
8869464354,2
8869464357,2
8869464362,2
1312188714,2
1556097326,2
8869464371,2
1987381555,2
8043350334,2
8043350335,2
25069911,2
1150003547,2
1312188768,2
680069473,2
8814668131,2
8814668133,2
8814668135,2
8814668136,2
8814668137,2
8814668138,2
1556097387,2
680069483,2
3808627061,2
3808627066,2
5473274242,2
811035012,2
2902624645,2
25504145,2
25504146,2
1255369105,2
25504148,2
25504149,2
25504150,2
1255369111,2
3932064154,2
2059790748,2
3932064156,2
250325411,2
2935392676,2
4729448869,2
6446229925,2
1255369125,2
1255369128,2
6446229933,2
1255369135,2
1255369140,2
1255369148,2
1255369152,2
25070019,2
1255369156,2
1255369159,2
1312188886,2
8497605078,2
5564410334,2
8497605091,2
8807410149,2
8807410150,2
2406484455,2
4085778919,2
4085778920,2
4085778922,2
8807410151,2
4085778924,2
8807410152,2
8807410154,2
4085778927,2
4085778928,2
4085778929,2
4085778930,2
4085778931,2
8807410158,2
4085778933,2
4085778934,2
5269678593,2
1401416203,2
1365887500,2
5116226063,2
1401416208,2
4317178392,2
9673189926,2
4402629177,2
4402629178,2
4402629180,2
4534184512,2
4534184514,2
4534184515,2
3474115151,2
5905893980,2
4169714270,2
4169714271,2
4169714272,2
585130362,2
5473274493,2
5473274494,2
5473274501,2
5473274502,2
5473274503,2
5473274506,2
5473274507,2
5473274508,2
5473274519,2
5473274525,2
5473274528,2
4922952353,2
3136301730,2
3136301731,2
5473274529,2
5473274533,2
5473274534,2
5473274532,2
5473274531,2
4922952363,2
5473274540,2
4922952365,2
4922952366,2
4922952371,2
4922952372,2
4922952373,2
4922952374,2
10306423498,2
10306423499,2
10306423508,2
24660697,2
1163954922,2
1255320311,2
2622212860,2
4317211389,2
2622212862,2
2622212865,2
2622212878,2
18393873,2
1255320339,2
2622212885,2
2622212887,2
2622212889,2
9699961628,2
7824747295,2
2622212895,2
2622212897,2
1255320354,2
7824747302,2
5096270631,2
2622212903,2
7824747306,2
1255320363,2
1255320367,2
2622212914,2
8042031930,2
2622212925,2
2622212927,2
2622212930,2
6218468163,2
6218468164,2
2622212933,2
2622212937,2
2622212939,2
2622212941,2
2622212942,2
4138224462,2
4138224463,2
8042031957,2
5473274710,2
8042031958,2
5473274717,2
6265654111,2
5473274724,2
5473274725,2
4866976614,2
109414,2
109416,2
1046334318,2
24660863,2
27331469,2
1733389217,2
10310609841,2
10310609842,2
1039322041,2
6446304190,2
1733389249,2
5564754892,2
10310609872,2
10310609885,2
1733389278,2
5473274866,2
25504755,2
25504756,2
5473274867,2
3632581622,2
1039322102,2
3081980920,2
3081980922,2
25504763,2
25504770,2
1733389314,2
5473274891,2
5473274896,2
5473274911,2
1733389349,2
1733389353,2
3076574254,2
3076574255,2
6967585840,2
6967585841,2
6967585842,2
6967585843,2
6967585845,2
5473274957,2
5473274959,2
1727515734,2
5473274969,2
5473274990,2
4861365369,2
4861365370,2
8500636794,2
4861365372,2
5473275004,2
10677374,2
10677375,2
10677376,2
10677377,2
9700060290,2
9700060291,2
9700060292,2
4861365383,2
4749094023,2
1271712905,2
4749094026,2
1271712911,2
1271712914,2
3061197976,2
1271712920,2
1271712922,2
6995618971,2
7553887392,2
109728,2
6995618977,2
6995618979,2
1271712931,2
1271712934,2
109737,2
7553887409,2
1271712946,2
3932064957,2
1271712957,2
109766,2
3708234955,2
3708234956,2
3708234957,2
3708234964,2
21990614,2
109788,2
21990620,2
728370399,2
21990624,2
21990625,2
21990627,2
1014803686,2
2642857191,2
7553887464,2
377490664,2
1014803691,2
2642857197,2
2642857199,2
2642857203,2
2914561272,2
1014803704,2
2914561274,2
249679102,2
697044225,2
21523714,2
1951616261,2
21523718,2
21523719,2
1951616268,2
1951616276,2
1014803736,2
24661273,2
5141228834,2
3068267824,2
3068267825,2
1951616319,2
249679168,2
1951616322,2
10544409928,2
10544409929,2
10544409930,2
25070924,2
5046447437,2
25496910,2
10544409948,2
10544409950,2
10544409954,2
4948602211,2
10544409957,2
10544409958,2
10544409959,2
10544409960,2
10544409961,2
10544409963,2
316763500,2
316763501,2
1793420652,2
1655418222,2
10544409967,2
10544409966,2
10544409964,2
1793420660,2
316763513,2
316763548,2
3375451555,2
4317187494,2
835390887,2
6266867111,2
3375451561,2
6266867113,2
24661419,2
3375451563,2
3375451565,2
3375451566,2
835390894,2
835390893,2
6266867114,2
429346236,2
429346238,2
429346241,2
429346242,2
429346243,2
429346244,2
1547013574,2
1951190474,2
4166634955,2
429346251,2
4166634957,2
429346253,2
429346254,2
4166634961,2
4166634962,2
1547013588,2
1547013589,2
1547013592,2
1547013604,2
2466442731,2
249679343,2
3170676207,2
2466442741,2
2466442743,2
9080098298,2
9080098299,2
2334502396,2
249679365,2
9080098310,2
9080098315,2
9080098316,2
1547013655,2
25071133,2
25071136,2
25071137,2
25071139,2
1547013667,2
25071142,2
25071145,2
1532087855,2
249679407,2
249679418,2
249679420,2
1547013699,2
1547013704,2
1547013705,2
283061836,2
6218501723,2
6218501724,2
6218501725,2
6218501730,2
1547013730,2
6218501736,2
6218501737,2
1547013738,2
6218501739,2
6218501740,2
6218501742,2
1547013743,2
6218501745,2
6218501746,2
6218501748,2
6218501751,2
1547013754,2
6218501757,2
6218501758,2
6218501759,2
1547013760,2
25161345,2
25161346,2
25161347,2
4344245892,2
4344245893,2
4344245894,2
25161348,2
25161349,2
25161350,2
25161351,2
25161352,2
25161353,2
25161356,2
25161357,2
1497452171,2
25161360,2
25161361,2
25161362,2
9030037139,2
25161363,2
25161365,2
25161367,2
25161368,2
1497452184,2
25161370,2
25161371,2
1569312412,2
25161373,2
110238,2
25161375,2
1731235480,2
1731235489,2
1731235492,2
1731235511,2
472493763,2
2387226309,2
1707790029,2
1731235534,2
1731235545,2
1707790044,2
4832472797,2
5580861151,2
5580861153,2
6116290274,2
5580861156,2
1731235557,2
1731235558,2
713363180,2
1707790062,2
7223365368,2
7223365372,2
2538458886,2
2538458887,2
2538458888,2
1835355913,2
2538458889,2
2538458893,2
2538458894,2
2538458895,2
2538458897,2
1835355922,2
2538458898,2
2538458899,2
1731235606,2
2538458903,2
2538458904,2
1835355929,2
2538458905,2
1835355931,2
3139677982,2
3906588446,2
1835355936,2
3906588448,2
1835355940,2
3906588452,2
3906588454,2
1835355944,2
1835355946,2
1726730029,2
1726730033,2
1835355953,2
1835355955,2
1835355961,2
1726730043,2
1835355964,2
1835355965,2
1726730049,2
1835355972,2
1835355973,2
25505606,2
4949004105,2
4949004106,2
3809744415,2
3805122394,2
283062108,2
25505629,2
3805122396,2
1726730080,2
9135845216,2
1726730082,2
25505634,2
1835356006,2
1835356013,2
5227220846,2
4382273402,2
4382273404,2
25505662,2
9030029183,2
250326914,2
9024139143,2
1726730120,2
9024139144,2
1726730123,2
25505685,2
7911231384,2
283062189,2
1726730167,2
3186593720,2
3186593722,2
3629223879,2
3629223881,2
3629223884,2
3629223885,2
24661966,2
692162510,2
692162514,2
3629223890,2
7223709662,2
692162527,2
5046005730,2
5046005731,2
7223709668,2
7223709669,2
7223709667,2
5046005743,2
5046005745,2
250327037,2
692162559,2
3809744451,2
25497603,2
3809744453,2
3136311315,2
3136311316,2
24662037,2
5046005789,2
5046005790,2
3197333544,2
5342236721,2
5342236723,2
5342236724,2
3197333559,2
5342236728,2
3629223994,2
3629223995,2
250327100,2
5342236733,2
6446256190,2
5342236734,2
3629223996,2
5342236739,2
5342236740,2
4729385030,2
5342236743,2
5342236744,2
4729385031,2
18468951,2
18468958,2
18468961,2
6369390690,2
18468962,2
6369390692,2
6369390696,2
6369390700,2
8031801454,2
250327159,2
1719529597,2
2934288510,2
1719529599,2
2934288512,2
21565570,2
2961540,2
2934288518,2
2961549,2
2934288530,2
2961557,2
18395287,2
18395288,2
7817162919,2
2929119403,2
2929119405,2
4619022513,2
4619022514,2
1233350847,2
1233350848,2
1039290561,2
1039290567,2
1233350862,2
5174825175,2
5106520280,2
5009060057,2
5174825176,2
5174825178,2
5174825180,2
5174825181,2
5174825183,2
8210567392,2
1039290594,2
8210567395,2
8210567396,2
9080123621,2
8210567401,2
1233350889,2
8210567402,2
8675201264,2
1939558651,2
3894948091,2
3894948093,2
1939558655,2
25473279,2
25473281,2
3894948098,2
3894948099,2
5141876996,2
1939558661,2
3894948100,2
5141876999,2
1939558663,2
690295042,2
18469130,2
2387194123,2
18469132,2
1939558666,2
1939558667,2
2387194127,2
2387194128,2
1939558672,2
2387194131,2
2387194133,2
1939558681,2
2528522522,2
1939558684,2
1939558687,2
2387194149,2
2387194150,2
1939558697,2
2387194156,2
1939558700,2
2622222657,2
2622222658,2
2622222659,2
5223919938,2
2622222668,2
4195103055,2
4195103059,2
1782714747,2
25248125,2
9690878337,2
4075008388,2
2934411667,2
1312264600,2
4085600696,2
4085600698,2
5340811707,2
32838084,2
5340811717,2
5340811719,2
5340811720,2
4807512540,2
4807512541,2
2961891,2
1678283242,2
1678283247,2
28193265,2
4422013486,2
5340811825,2
1042862659,2
3272782406,2
1493676622,2
5335233113,2
5335233115,2
3272782431,2
3272782432,2
2218340965,2
250327660,2
5904585328,2
5049840244,2
1042862718,2
251892353,2
6458938003,2
1271804564,2
6458938007,2
6458938008,2
3850146457,2
6458938011,2
6458938017,2
18395811,2
4085387943,2
4085387945,2
6463230640,2
1418752689,2
2496836291,2
1401459399,2
1401459400,2
8785457865,2
8785457866,2
8785457867,2
1401459403,2
2496836303,2
3892081373,2
3892081377,2
3892081378,2
5146186468,2
5146186470,2
3892081382,2
3892081384,2
5146186489,2
2612458244,2
5146186503,2
5146186504,2
5146186505,2
5146186507,2
7906964248,2
7906964249,2
1014649631,2
1401926435,2
251892523,2
4866552622,2
4866552623,2
4866552625,2
4534858546,2
4534858548,2
4136137525,2
4136137527,2
6032044857,2
4136137529,2
4136137530,2
3682538298,2
6032044865,2
6032044874,2
3100169049,2
5146186589,2
5146186590,2
5146186591,2
3381130090,2
3381130092,2
367121266,2
27480956,2
27480957,2
27480958,2
2566132610,2
2566132611,2
3145798533,2
4223357836,2
4223357841,2
1311962016,2
3385332654,2
3093894066,2
673420216,2
3830043581,2
3637449663,2
27481039,2
27481040,2
27481041,2
27481044,2
25474005,2
710521820,2
25474015,2
25474019,2
7815533545,2
7815533546,2
5335245254,2
6600283121,2
1311962122,2
251892754,2
24949780,2
24949783,2
250549282,2
5641663538,2
5641663539,2
1719661631,2
1155552319,2
1155552322,2
3141817429,2
1233327202,2
250549348,2
4089885900,2
4089885902,2
4089885905,2
4089885906,2
251892950,2
347542743,2
347542742,2
4552504560,2
4552504562,2
5334381837,2
24950050,2
24950061,2
24950064,2
24950065,2
5342229818,2
24950101,2
24950102,2
24950104,2
24950105,2
24950107,2
24950109,2
24950110,2
24950111,2
24950112,2
24950113,2
24950114,2
24950115,2
5565486434,2
24950117,2
5565486432,2
3988141441,2
3988141442,2
3550836102,2
3550836104,2
249558409,2
1678226827,2
1678226846,2
250549670,2
1312454055,2
1779881392,2
1689605567,2
1312454086,2
1312454087,2
1312454094,2
317380078,2
3809744380,2
3809744381,2
3809744383,2
3809744384,2
3809744385,2
3809744386,2
3809744387,2
3809744389,2
3809744390,2
3809744392,2
30078473,2
950703626,2
3809744395,2
3809744396,2
5905896973,2
3809744398,2
3809744400,2
3809744401,2
3809744403,2
3809744404,2
3809744406,2
3809744409,2
8807429659,2
8807429660,2
8807429661,2
8807429662,2
8807429663,2
3809744412,2
3215685153,2
3809744417,2
3809744419,2
2003007012,2
585201189,2
3809744414,2
3809744423,2
3809744416,2
3809744418,2
3809744421,2
3809744426,2
3809744430,2
3809744431,2
3809744432,2
3809744433,2
3809744434,2
9683686963,2
3809744436,2
3809744439,2
3809744443,2
3809744444,2
3809744446,2
3805378111,2
3805378112,2
3629217345,2
3629217346,2
3629217347,2
3629217348,2
3805378117,2
3805378116,2
3805378119,2
1828402760,2
3805378120,2
3805378122,2
250549835,2
1828402763,2
3805378123,2
3805378121,2
3805378124,2
1678227031,2
4962956931,2
1238259337,2
28800667,2
28800668,2
28800671,2
28800672,2
1951372959,2
6110164647,2
6110164649,2
9030284973,2
3809744558,2
9030284975,2
9030284977,2
3809744565,2
277337783,2
9030284983,2
1255487162,2
3809744571,2
3809744572,2
1255487171,2
1255487174,2
3809744583,2
1255487176,2
1255487177,2
3809744584,2
3114645200,2
3114645201,2
1255487187,2
367105757,2
6166157035,2
1990694638,2
4166219502,2
1547392771,2
670103313,2
670103314,2
4086232866,2
4086232870,2
4086232871,2
2140124982,2
2140124983,2
4866651961,2
4866651969,2
2140124996,2
5905897286,2
700774224,2
5141354330,2
5141354331,2
1547392865,2
8869435257,2
2203268985,2
104321,2
8869435266,2
8869435267,2
104322,2
8869435268,2
104323,2
5977954180,2
8869435272,2
8869435273,2
8869435281,2
252729234,2
3999987604,2
8869435286,2
8869435287,2
8869435288,2
1547392927,2
3068270504,2
25532332,2
5905807278,2
5905807279,2
3068270516,2
249558964,2
3068270518,2
249558966,2
471488469,2
2454091736,2
25532377,2
471488472,2
249559005,2
25532384,2
25475053,2
4715263991,2
4715263992,2
4715263993,2
4715263995,2
4715263998,2
25475072,2
4841764865,2
4715264001,2
4715264002,2
672061444,2
4715264004,2
4715264006,2
4715264007,2
6014302222,2
6014302224,2
6014302225,2
25532464,2
1390303296,2
25532494,2
2870261844,2
1211381855,2
25532542,2
707377287,2
7911282826,2
9611081868,2
5257738381,2
5257738380,2
5257738382,2
5257738384,2
5257738383,2
5257738386,2
3528710291,2
5257738387,2
5257738388,2
5257738385,2
1312471202,2
8868010160,2
8868010162,2
3656358067,2
1312471234,2
672061646,2
1536948431,2
3809870272,2
3809870273,2
3153656028,2
3153656030,2
1312471267,2
707377382,2
9683400934,2
3809870277,2
9683400938,2
6294214897,2
6294214898,2
1321466104,2
25475328,2
1563638022,2
3139705124,2
5816744255,2
473258313,2
796809545,2
3794876751,2
25475417,2
25475419,2
20625793,2
20625800,2
3014236566,2
3014236567,2
3014236569,2
3014236570,2
2528483742,2
1777727945,2
1777727947,2
1777727949,2
1777727950,2
1777727958,2
1777727960,2
1777727961,2
1777727962,2
25475550,2
25475561,2
5565487612,2
338319877,2
906172949,2
1493613087,2
4085783099,2
3632577084,2
4085783103,2
4085783105,2
4085783106,2
4085783107,2
1668135492,2
25475661,2
25475663,2
25475664,2
1951242857,2
2197518969,2
25475712,2
25475770,2
1137777343,2
9694091976,2
9694091978,2
9694091983,2
10311178960,2
10311178961,2
9694091984,2
10311178964,2
10311178967,2
10311178970,2
10311178978,2
10311178985,2
10311178991,2
3805378113,2
1233353464,2
1233353467,2
3805378114,2
5141625621,2
5141625623,2
5141625625,2
27458331,2
5141625629,2
5141625630,2
5141625635,2
5141625637,2
8429812517,2
27458353,2
5141625653,2
5141625654,2
5141625655,2
475396924,2
475396929,2
6779394887,2
473258826,2
5141625681,2
25066333,2
5141625696,2
25066337,2
25066338,2
5141625699,2
5141625698,2
4382350190,2
28728187,2
20626301,2
1237883773,2
3930921860,2
28728205,2
28728208,2
28728210,2
1233353631,2
1233353640,2
24951721,2
1233353642,2
25066412,2
3673602988,2
288193455,2
25066419,2
4511972301,2
4511972302,2
25066457,2
2012969972,2
1719663634,2
7236131862,2
3735886876,2
3735886877,2
25476134,2
24951853,2
1718328435,2
1718328442,2
8515091587,2
8515091588,2
8515091590,2
8515091591,2
4867087524,2
25066666,2
4867087532,2
4867087535,2
25066684,2
25066687,2
25066694,2
1684511955,2
302013659,2
302013662,2
302013666,2
302013668,2
302013672,2
302013674,2
302013676,2
302013678,2
302013682,2
302013683,2
302013685,2
302013688,2
302013708,2
1787108626,2
4155841811,2
4155841810,2
4155841816,2
4155841818,2
4155841820,2
25066784,2
4155841827,2
1787108647,2
1787108648,2
1787108649,2
1787108650,2
4316822830,2
5094718794,2
5094718798,2
302013776,2
302013777,2
1271774552,2
7911267685,2
7911267686,2
2935373159,2
7911267688,2
2935373161,2
8807431534,2
8807431536,2
8807431541,2
8807431546,2
1852996996,2
1678245252,2
8807431559,2
8807431560,2
7900888467,2
2872704413,2
2872704414,2
3215687074,2
690295047,2
2528484782,2
2560785849,2
4511948225,2
24952268,2
2374491605,2
9135848928,2
5141216742,2
5141216745,2
5141216746,2
4316823023,2
2935373301,2
5933145606,2
3168378376,2
5141216782,2
5141216785,2
5141216787,2
5141216790,2
5141216792,2
9693920796,2
9693920797,2
9693920800,2
3471375905,2
4777885221,2
3471375913,2
3528711722,2
27459116,2
4920098350,2
27459120,2
1678155318,2
7817166393,2
25067068,2
7817166397,2
7817166407,2
6446292562,2
6446292564,2
6446292570,2
3830029915,2
6446292571,2
6446292572,2
1569300062,2
27459165,2
3704225378,2
5976850019,2
5976850023,2
5976850024,2
7610670710,2
27459198,2
4726152844,2
4530011788,2
4726152850,2
4726152852,2
4726152853,2
4726152857,2
4726152858,2
4726152859,2
4726152860,2
7610670751,2
7610670752,2
6446218920,2
7610670769,2
7610670771,2
4529839800,2
5198585557,2
5198585558,2
5198585559,2
5198585560,2
5198585561,2
5198585562,2
7644741343,2
7644741345,2
7644741346,2
473259748,2
7644741348,2
6948380395,2
6948380400,2
6948380401,2
6218501761,2
25067264,2
25067265,2
25067266,2
1722621701,2
742399752,2
1722621711,2
3987750677,2
1722621718,2
3987750688,2
25067298,2
8064065315,2
8064065316,2
3987750692,2
9216868136,2
25067305,2
9216868137,2
8064065323,2
8064065324,2
9216868141,2
9216868143,2
9216868145,2
25067324,2
30056255,2
21307200,2
1561411396,2
4629462859,2
30056277,2
30056280,2
1046306670,2
30056310,2
8438226815,2
6369361794,2
25067397,2
25067398,2
25067400,2
30056330,2
1547657099,2
2402557839,2
1547657104,2
5574049698,2
5574049700,2
5574049702,2
5574049703,2
5574049707,2
5574049709,2
1547657140,2
5174828980,2
5574049717,2
5574049718,2
5574049719,2
25067461,2
25067463,2
25067473,2
25067479,2
1237876703,2
1237876710,2
25477106,2
3637436403,2
3637436404,2
585124778,3
1951242858,3
107614,3
1864047135,3
21583366,4
4017328647,4
8785484298,4
350377994,4
350377999,4
8785484306,4
2343269909,4
4689775126,4
8785484312,4
8785484313,4
2293833763,4
25496100,4
25495589,4
6863550501,4
10241310755,4
25496617,4
470727722,4
1419565097,4
25496622,4
25496623,4
4689775161,4
4275398714,4
4275398716,4
1148276284,4
4275398720,4
4275398721,4
4275398723,4
5006063174,4
9949142599,4
5006063176,4
21563463,4
5006063180,4
21563479,4
269550681,4
21563481,4
4658088539,4
269550684,4
26374237,4
26374236,4
21563489,4
5736692333,4
25475182,4
5736692334,4
21563504,4
21563503,4
21563507,4
21563508,4
2294047355,4
2294047375,4
4156336278,4
25509526,4
350437528,4
7271474841,4
7271474843,4
6769325725,4
7271474850,4
7271474852,4
8785567909,4
107692,4
107693,4
4691514032,4
4691514035,4
3972566713,4
4530270906,4
3972566715,4
3972566716,4
269550783,4
269550786,4
1617596621,4
4275394254,4
4275394255,4
1617596626,4
1617596627,4
21578454,4
4822267094,4
21578456,4
21578457,4
1020211942,4
1617596646,4
1707790055,4
1707790057,4
4691460850,4
4691460851,4
1707790067,4
269550330,4
269550331,4
269550332,4
269550333,4
1707790074,4
1617596669,4
1707790076,4
25475330,4
25475331,4
25475332,4
25495822,4
1707790096,4
1617596693,4
1707790105,4
25495838,4
1617596711,4
1617596714,4
25495852,4
7223668012,4
25495854,4
269550896,4
25495857,4
269550898,4
25472324,4
4650375494,4
1617647944,4
1617647945,4
762080077,4
4650375504,4
25378129,4
4650375505,4
7223704403,4
7223704404,4
237908,4
4650375508,4
25498458,4
323262310,4
762080105,4
6828921210,4
6828921211,4
1955520890,4
762080145,4
21392273,4
2586616722,4
21392276,4
5374174119,4
33141178,4
762080190,4
8373690819,4
5880186827,4
5880186829,4
5880186830,4
5880186833,4
269589467,4
7223695325,4
7223695326,4
8785568222,4
8785568223,4
321255907,4
759123955,4
1832227873,5
343669793,5
343669796,5
343669798,5
25496624,5
5976672308,5
1832227893,5
25495617,5
25495618,5
25495639,5
25495640,5
25495646,5
25495648,5
6724775012,5
6724775018,5
1832248428,5
1832248430,5
1832227968,5
1832227972,5
338472586,5
338472589,5
25495697,5
25495698,5
6279388821,5
6279388822,5
6279388824,5
2458257563,5
1832227996,5
1364161197,5
5265953455,5
1832228016,5
5265953457,5
5265953459,5
1834657466,5
1834657469,5
1832228035,5
1832228039,5
323260106,5
1953202903,5
25495769,5
25496800,5
350437608,5
2458303223,5
1832129783,5
25496825,5
25495807,5
25495819,5
25495820,5
1832129807,5
1707790107,5
1832129821,5
8975700260,5
1832052008,5
1832129835,5
1832052016,5
25495858,5
1816038199,5
1816038214,5
1832129869,5
1832129873,5
1832129878,5
1816038230,5
1832129881,5
1832129884,5
1832129888,5
108389,5
108391,5
1832129917,5
5060391821,5
5014591889,5
5014591895,5
1832129947,5
1832129951,5
10543800252,5
350628799,5
350628804,5
8645592520,5
8645592521,5
1364172237,5
1832240590,5
1832240598,5
6354294763,5
1364168178,5
1364168180,5
321255925,5
25495542,5
5060391418,5
6354294779,5
2836220819,6
7447565847,6
25634199,6
7447565849,6
25471263,6
25499808,6
25471274,6
25632684,6
7447637305,6
25471289,6
7447637306,6
1309180608,6
390073160,6
5973397966,6
2755124947,6
2755124949,6
3586606038,6
3586606039,6
3586606040,6
5306194265,6
25632854,6
2036181339,6
3691462888,6
25471090,6
108409,6
20626290,7
2278320131,7
108838,7
108842,8
2141364732,8
2141364708,8
108845,9
5124166975,9
1777728708,10
108871,10
20626317,10
20626318,10
4866475733,10
3796774902,10
4866475736,10
5124166971,10
5124166973,10
18395806,10
25496773,11
108903,11
25496777,11
245200970,11
7279228683,11
317930380,11
4211515569,11
663363473,11
8972511964,11
109408,12
894485202,12
470727954,12
1236791504,12
20626311,13
20626312,13
3796814729,13
20626315,13
20626316,13
7572522510,13
7572522511,13
7572522512,13
7572522513,13
7572522523,13
6509584413,13
109734,13
7572833323,13
7572522540,13
2012970414,13
1536948536,13
7572522556,13
2504847039,13
4866475729,13
4866475730,13
4866475734,13
4866475738,13
1852996954,13
1536948578,13
109411,13
109412,13
2504822135,13
1536948474,13
1536948477,13
18468953,14
9514602150,14
9514602151,14
9514602152,14
9514602153,14
5047029672,14
4922952364,14
4922952370,14
109785,14
595709482,15
109935,15
435104742,16
1723340842,16
1723340785,16
25472789,16
110141,16
4823246342,17
8869472263,17
4823246344,17
10577984012,17
250327591,17
1343823416,17
1343823418,17
110143,17
250327618,17
2923703875,17
1150003270,17
18398282,17
2168949324,17
2168949325,17
5992797788,17
1757440607,17
5609643623,17
1493658224,17
250550400,17
20460684,17
1150003340,17
5609643663,17
3320754320,17
5609643665,17
3320754322,17
5609643664,17
5609643670,17
3247825561,17
3247825562,17
28800670,17
3247824558,17
250550447,17
3741117629,17
1684835016,17
4807521484,17
1309067471,17
1309067472,17
21990630,17
632438506,17
1685281003,17
1685281006,17
1685281010,17
1685281011,17
1685281013,17
2940401398,17
1493662967,17
1685281017,17
1685281020,17
1685281021,17
1685281025,17
1685281029,17
1685281031,17
250550024,17
250550023,17
1685281032,17
1685281035,17
973101839,17
1685281041,17
1685281044,17
1685281045,17
1685281046,17
1141415192,17
1685281053,17
25472800,17
1685281056,17
1685281058,17
1141415202,17
1685281061,17
250550053,17
1685281063,17
1685281064,17
1141415215,17
1150003503,17
4401149234,17
1686463794,17
1685281075,17
1685281076,17
1685281077,17
1685281079,17
1141415220,17
5565443390,17
1685281087,17
8869464390,17
1150003530,17
8869464398,17
1685281104,17
3741131600,17
3741131606,17
3741131607,17
3741131608,17
8869464407,17
7636244314,17
1685281123,17
149451620,17
149451622,17
2990721387,17
2990721390,17
2990721391,17
3739049344,17
1939632514,17
1939632519,17
5041945479,17
5041945480,17
3870640530,17
25498004,17
1685281175,17
1723315608,17
25498010,17
1686463389,17
25498015,17
1686463392,17
5938625442,17
149431715,17
1686463397,17
1684835241,17
7636278191,17
1954751920,17
7636278193,17
7636278195,17
7636278196,17
7636278198,17
7636278199,17
7636278200,17
7636278201,17
8898783674,17
1686463428,17
8898783685,17
1312335310,17
5238500306,17
5238500308,17
5238500312,17
5238500313,17
5006781409,17
873809385,17
1685281260,17
1169109485,17
8869472239,17
8869472242,17
6866779798,18
6866779799,18
6866779802,18
4530012699,18
6866779804,18
4530012700,18
4530012702,18
6866779806,18
4530012703,18
6866779809,18
6866779810,18
6866779817,18
6866779818,18
2632761651,18
282708,18
4316306161,18
4316306163,18
4316306164,18
1761598585,18
25438595,19
25438732,19
25438638,19
282719,19
1832665997,20
1832666001,20
1958800795,20
8972441125,20
8972441126,20
25496748,20
25496750,20
1816038195,20
1816038215,20
5265830862,20
25496785,20
8972511962,20
8972511963,20
438170475,20
8972441579,20
21583342,20
25496815,20
10572785,20
7279239795,20
8785568224,21
8785567914,21
8972441580,21
10572786,21
1985084095,21
435104736,22
25471135,22
1309180610,22
2755124962,22
435104738,22
1309180612,22
7792756412,22
1723389067,22
435104732,22
10607132,22
7792756414,22
435104735,22
20458277,23
250549587,23
4618510643,23
1312188692,23
4618510644,23
6918421504,24
6918421508,24
6918421509,24
4777897926,24
6918421511,24
3616299208,24
6918421512,24
20626282,24
1556097098,24
6918421513,24
1951372909,24
10306429333,24
1556097431,24
8675201272,24
1556097306,24
1556097245,24
1951372927,24
20626304,25
2941549929,25
2941549928,25
3519324894,25
5124166978,26
20626307,26
7572833352,27
7572833353,27
20626314,27
1832129794,28
1832129785,28
25496847,28
1832129776,28
1832129778,28
4077495826,28
21685497,28
1684437690,28
1684437692,28
1832129789,28
21693787,29
25500239,29
25477858,30
2496836262,30
4556931604,30
3661703766,30
819157975,30
819157946,30
21990622,30
1718566880,31
21990628,31
21990629,31
1718566886,31
21990631,31
21990632,31
8869464392,31
5042033643,31
8869464378,31
5565443389,31
5046314043,32
25632860,32
24951854,32
10544113920,33
10544113922,33
24952195,33
10544113923,33
3887940999,33
2528522518,33
6867581464,33
6867581465,33
2528522524,33
694824861,33
2528483741,33
2528522528,33
2528522530,33
6985465124,33
6985465127,33
6985465130,33
6985465133,33
2528522542,33
2528484781,33
2528522547,33
2528522549,33
6886012733,33
2038033986,33
1556324684,33
3385387604,33
3385387606,33
3385387607,33
3385356250,33
4117882857,33
25532273,33
1689387896,33
1689387903,33
1718390753,34
1717650794,34
25066451,34
25066453,34
25161369,34
2036185421,35
25472215,35
4675821921,36
25472545,36
3328228993,36
4675821944,36
762080069,36
4675821925,36
4675821924,36
4665353643,36
4665353644,36
4675821932,36
4675821931,36
762080111,36
1617596591,36
1617596593,36
25473048,36
25472379,36
1617532092,36
1617596606,36
10196915587,37
10196915588,37
10196915589,37
32921737,37
32921738,37
10196915593,37
4675822093,37
4675822094,37
4675822095,37
4675821968,37
4675822097,37
761831057,37
4675822099,37
4675822100,37
270110481,37
270109325,37
751837591,37
1617647896,37
270109326,37
1617647900,37
1617647901,37
270112540,37
270112539,37
270109327,37
751837736,37
25472428,37
1401849779,37
751837622,37
270109370,37
1617647931,37
1617647934,37
1419544126,37
270110143,37
270110142,37
4665352260,37
4665352261,37
4665352262,37
761830981,37
4665352264,37
2134066506,37
761830987,37
9566848716,37
761830989,37
1419544142,37
26374230,37
26374231,37
761831000,37
26374232,37
751837654,37
761831004,37
761831007,37
4781199354,37
270110053,37
270110054,37
321255911,37
321255910,37
4781199338,37
761831019,37
761831023,37
751837551,37
6483733489,37
4781199345,37
4781199346,37
4781199348,37
6483733493,37
1419603573,37
4781199350,37
4781199352,37
25472890,37
4781199355,37
761831037,37
4665353660,38
1617532091,38
25473004,38
4665353662,38
5711517570,39
5711517571,39
4703559689,39
25497997,39
5479654172,39
1723388957,39
5479654175,39
1723388960,39
5479654177,39
2331184930,39
2331184932,39
25498021,39
2331184935,39
25632680,39
1723388970,39
9820538027,39
25632683,39
1723388974,39
1723388976,39
1723388979,39
1723388981,39
1723388986,39
7792756539,39
1723388988,39
7792756538,39
7792756540,39
7792756543,39
5006916678,39
446765895,39
446765900,39
5479655630,39
5479655634,39
4703542485,39
4703542486,39
25499095,39
390073175,39
6525670236,39
6525670237,39
2135411294,39
2135389151,39
2135411296,39
2135411297,39
6525670242,39
5479655652,39
25475688,39
25475690,39
25475691,39
5479655662,39
1723388925,39
6374802559,39
8632535522,40
1312188614,40
306439304,40
2545230474,40
8632535532,40
306439310,40
8632535535,40
25477149,40
25477150,40
3741078112,41
25477154,41
1312319838,41
306439338,41
306439329,42
25477156,42
1985084135,43
1985084137,43
25496781,43
25496783,43
25496787,43
25496788,43
9690974273,44
9690974274,44
4920098344,44
4920098349,44
25496920,44
25497986,45
6374802555,45
25498016,46
6569580040,46
3247578847,46
6374804385,47
25498018,47
3725817386,47
6374802579,47
6374802582,47
6374802583,47
7792756672,48
7792756674,48
7792756676,48
7792756680,48
7792756713,48
25498026,48
5711517569,49
5711517565,49
25499655,49
25505679,50
9988193967,50
25505607,50
6606135968,51
25509513,51
9197589233,51
9197589238,51
316763584,52
25632865,52
316763586,52
25632864,52
5046627553,52
316763589,52
316763590,52
316763595,52
316763600,52
1215563891,52
5046627638,52
25632855,52
25632862,52
5046627642,52
25632859,52
5046627645,52
316763614,52
27480960,53
9678821156,53
1736734053,53
1238249900,53
1238249901,53
1238249904,53
7900221108,53
249560091,53
7900221087,53
1401908258,54
1401908260,54
250550183,54
28800661,54
28800662,54
250550174,54
32921724,55
761830999,55
761830991,55
32921728,56
32921729,56
32921731,56
4697525030,56
4697525032,56
1401849768,56
26374229,56
32921748,57
32921743,57
354886099,58
213668839,58
250327576,59
2642878644,59
250549699,59
250549700,59
255700677,59
213672005,59
250327619,59
250327624,59
213670986,59
8868010202,59
8868010204,59
1685276643,59
8868010217,59
213668842,59
2642612586,59
213668844,59
8868010221,59
2642612585,59
250327547,59
249467025,60
806373533,60
10676799,60
1686463489,61
1686463523,61
3739049325,61
1686463503,61
1686463471,61
1686463505,61
1686463476,61
1686463510,61
390073208,61
7882485394,62
10308697502,62
469785734,62
471488499,63
1493722803,63
1493722806,63
1547013711,63
2137096880,64
4305235825,64
473257581,64
473262660,65
473262822,65
4922952361,66
1046306167,66
1046307276,67
4922952367,67
1150003141,68
5609643622,68
1150003479,68
1255487172,69
1255491496,69
1255369133,69
4511972303,69
4511972304,69
1255491504,69
1255491506,69
1255487160,69
1255487166,69
1722268388,70
3093897990,70
4749090120,70
2387232554,70
2387232559,70
1722268367,70
5565455858,70
1280491924,70
1280491926,70
1722268381,70
3741117630,70
2402557599,70
1587318992,71
1587318999,71
1617532088,72
4697287185,72
4696544876,72
4663312759,72
6866592992,73
6866516262,73
2453947049,73
2453947051,73
4211515634,73
1637578547,73
1637578516,73
6866516278,73
1637578522,73
2576893629,73
1637578551,74
1637578535,74
1668135493,75
3197339661,75
3197339662,75
3170676206,75
5565475799,75
1668135486,75
1685281036,76
1685281022,76
6978459068,77
5177352922,77
1707790099,77
5177352932,77
1810130458,78
4077495964,78
4077495858,78
1832228100,79
1832228080,79
1832228112,79
1832228144,79
1832228083,79
1832228115,79
1832228120,79
1832228159,79
6855696495,80
1882379248,80
10090013713,80
10090013714,80
2306288080,80
6855696496,80
6855696497,80
6855696502,80
6855696503,80
6855696504,80
6855696506,80
4823243100,80
3247578846,80
1968744210,81
3992885062,81
4697288399,81
1990694620,82
1990694647,82
2502545024,83
9619940387,83
1990912102,83
1990912134,83
4117896490,83
2502545041,83
9683400946,83
9683400950,83
9678366518,83
9678523000,83
8031800090,83
5574051323,83
8031800092,83
8031800094,83
2341656968,84
4697287177,84
4697287178,84
3265436691,84
4697287188,84
4696545402,84
4696568110,84
8620105277,84
8620105279,84
4697288390,84
4085747017,84
367102039,84
4166662874,84
4166662878,84
3265436260,84
4174200048,84
4696544885,84
4696545399,84
4175081593,84
4175081594,84
4696545403,84
3911044734,84
3247589712,85
6569580044,85
6569580045,85
2531863975,85
2531863977,86
2531863978,86
3739049346,87
2990732269,87
6116290280,88
5473274252,88
5473274253,88
5473274254,88
5473274256,88
5473274257,88
5473274259,88
5473274260,88
3139655930,88
3139655933,88
5473273470,88
3158794148,89
5473272900,89
5473272902,89
3158794151,89
5473272904,89
5473273067,89
5473273068,89
4534858543,89
5473272882,89
5473272983,89
5473272984,89
5473272667,89
5473272700,89
3578315456,90
3586606037,90
4554237017,91
5009054889,91
5009054892,91
6374802572,92
5006965588,92
5006965589,92
5095547184,93
5095547180,93
5095547181,93
5095547182,93
5468301601,94
10607626,94
5468301602,94
5473273795,95
5473273796,95
5473273798,95
5473273803,95
5473273805,95
5473273616,95
5473273791,95
5733997920,96
5733997919,96
5927671120,97
5927671121,97
5947858320,98
5947858321,98
6606148802,99
6606148797,99
6606148798,99
8357847937,100
8357847938,100
8357847939,100
8357847927,100
8357847928,100
8357847929,100
8357847930,100
8357847931,100
8357847932,100
8357847933,100
8357847934,100
9524817681,101
9524817682,101
