cluster_id,cluster_size
0,2
1,2
2,3
3,5
4,7
5,2
6,5
7,3
8,2
9,2
10,3
11,4
12,6
13,3
14,27
15,3
16,4
17,3
18,2
19,2
20,3
21,7
22,2
23,2
24,2
25,2
26,2
27,2
28,7
29,2
30,3
31,10
32,5
33,2
34,3
35,5
36,8
37,2
38,3
39,3
40,3
41,7
42,2
43,2
44,4
45,2
46,2
47,3
48,2
49,4
50,2
51,2
52,7
53,3
54,5
55,2
56,2
57,3
58,2
59,7
60,2
61,2
62,2
63,2
64,2
65,2
66,2
67,4
68,2
69,3
70,2
71,2
72,2
73,3
74,2
75,2
76,2
77,2
78,2
79,2
80,11
81,2
82,2
83,3
84,2
85,2
86,2
87,2
88,3
89,2
90,3
91,2
92,2
93,2
94,2
95,4
96,2
97,3
98,2
99,3
100,2
101,4
102,11
103,3
104,3
105,2
106,3
107,5
108,4
109,2
110,2
111,2
112,2
113,2
114,2
115,2
116,7
117,5
118,2
119,2
120,2
121,2
122,10
123,3
124,2
125,2
126,2
127,2
128,2
129,6
130,3
131,2
132,2
133,4
134,3
135,3
136,2
137,2
138,3
139,2
140,3
141,3
142,3
143,10
144,2
145,2
146,2
147,2
148,3
149,8
150,3
151,3
152,3
153,4
154,3
155,3
156,2
157,2
158,2
159,2
160,8
161,2
162,2
163,2
164,2
165,4
166,15
167,2
168,2
169,2
170,3
171,2
172,2
173,2
174,2
175,3
176,6
177,3
178,3
179,4
180,2
181,2
182,2
183,2
184,8
185,3
186,3
187,2
188,3
189,2
190,2
191,3
192,2
193,2
194,5
195,2
196,2
197,5
198,9
199,3
200,2
201,3
202,3
203,2
204,3
205,2
206,3
207,2
208,2
209,2
210,2
211,2
212,2
213,4
214,2
215,2
216,3
217,2
218,2
219,2
220,3
221,2
222,3
223,2
224,2
225,2
226,2
227,2
228,2
229,2
230,5
231,2
232,4
233,2
234,3
235,2
236,3
237,2
238,2
239,2
240,2
241,2
242,2
243,4
244,4
245,2
246,3
247,4
248,2
249,2
250,8
251,5
252,2
253,2
254,2
255,2
256,3
257,3
258,5
259,2
260,2
261,2
262,4
263,2
264,4
265,6
266,2
267,2
268,4
269,24
270,2
271,2
272,2
273,2
274,2
275,2
276,4
277,4
278,2
279,2
280,2
281,5
282,2
283,2
284,2
285,8
286,2
287,5
288,2
289,2
290,4
291,2
292,2
293,2
294,6
295,6
296,3
297,2
298,2
299,2
300,3
301,2
302,2
303,3
304,2
305,3
306,2
307,2
308,2
309,3
310,2
311,7
312,4
313,3
314,5
315,2
316,3
317,4
318,4
319,2
320,5
321,2
322,3
323,2
324,2
325,2
326,3
327,2
328,3
329,2
330,3
331,3
332,2
333,2
334,54
335,7
336,3
337,12
338,2
339,3
340,4
341,7
342,5
343,2
344,8
345,2
346,2
347,2
348,3
349,2
350,2
351,2
352,3
353,2
354,2
355,2
356,2
357,2
358,3
359,2
360,9
361,2
362,2
363,2
364,3
365,3
366,2
367,3
368,2
369,2
370,2
371,4
372,2
373,2
374,2
375,2
376,2
377,4
378,3
379,3
380,13
381,14
382,2
383,2
384,2
385,4
386,2
387,2
388,3
389,2
390,2
391,6
392,2
393,2
394,2
395,5
396,2
397,5
398,3
399,2
400,2
401,4
402,4
403,2
404,2
405,2
406,2
407,3
408,2
409,2
410,3
411,2
412,2
413,2
414,2
415,3
416,3
417,2
418,4
419,2
420,2
421,4
422,3
423,2
424,2
425,2
426,2
427,3
428,2
429,4
430,3
431,2
432,2
433,2
434,2
435,2
436,10
437,2
438,2
439,2
440,2
441,2
442,6
443,3
444,2
445,3
446,4
447,4
448,2
449,2
450,3
451,2
452,3
453,2
454,2
455,2
456,2
457,2
458,2
459,2
460,4
461,3
462,4
463,2
464,2
465,2
466,3
467,3
468,3
469,31
470,10
471,3
472,2
473,2
474,3
475,4
476,3
477,4
478,2
479,2
480,5
481,3
482,2
483,2
484,3
485,5
486,3
487,2
488,2
489,2
490,4
491,2
492,2
493,2
494,2
495,2
496,3
497,2
498,2
499,2
500,3
501,2
502,2
503,2
504,4
505,2
506,2
507,2
508,2
509,2
510,2
511,2
512,3
513,2
514,4
515,3
516,2
517,3
518,5
519,2
520,2
521,3
522,4
523,3
524,3
525,2
526,2
527,5
528,3
529,2
530,2
531,2
532,2
533,2
534,2
535,3
536,4
537,3
538,3
539,2
540,3
541,27
542,2
543,3
544,3
545,10
546,6
547,22
548,2
549,4
550,2
551,2
552,2
553,2
554,8
555,2
556,2
557,2
558,3
559,2
560,3
561,3
562,5
563,2
564,2
565,2
566,5
567,2
568,2
569,2
570,2
571,2
572,2
573,7
574,4
575,2
576,3
577,3
578,2
579,2
580,2
581,5
582,2
583,2
584,2
585,2
586,2
587,6
588,3
589,2
590,2
591,4
592,2
593,2
594,4
595,2
596,2
597,9
598,2
599,5
600,3
601,3
602,4
603,5
604,4
605,2
606,2
607,9
608,4
609,2
610,2
611,2
612,3
613,2
614,3
615,3
616,2
617,2
618,2
619,2
620,2
621,4
622,3
623,7
624,2
625,2
626,2
627,2
628,2
629,2
630,2
631,2
632,2
633,3
634,2
635,3
636,2
637,3
638,2
639,2
640,3
641,2
642,2
643,5
644,2
645,3
646,3
647,2
648,3
649,3
650,4
651,3
652,4
653,2
654,3
655,2
656,2
657,3
658,2
659,3
660,2
661,2
662,2
663,2
664,4
665,2
666,2
667,2
668,3
669,4
670,3
671,3
672,2
673,2
674,3
675,7
676,8
677,3
678,2
679,2
680,3
681,2
682,4
683,5
684,2
685,3
686,6
687,2
688,2
689,5
690,2
691,4
692,3
693,4
694,2
695,2
696,3
697,2
698,2
699,2
700,4
701,2
702,4
703,3
704,3
705,2
706,2
707,3
708,2
709,2
710,2
711,2
712,2
713,2
714,3
715,3
716,2
717,2
718,2
719,2
720,3
721,2
722,3
723,4
724,2
725,2
726,3
727,3
728,3
729,2
730,2
731,2
732,2
733,9
734,2
735,2
736,2
737,4
738,2
739,6
740,4
741,3
742,2
743,11
744,3
745,2
746,2
747,6
748,2
749,2
750,2
751,2
752,2
753,2
754,2
755,2
756,2
757,2
758,2
759,2
760,2
761,3
762,2
763,3
764,2
765,4
766,3
767,4
768,3
769,2
770,4
771,2
772,2
773,2
774,2
775,2
776,5
777,2
778,6
779,3
780,5
781,3
