cluster_id,cluster_size
0,9
1,21
2,37
3,257
4,79
5,375
6,28
7,7
8,4
9,237
10,2
11,10
12,174
13,90
14,7
15,131
16,55
17,11
18,142
19,10
20,289
21,3
22,2
23,10
24,6
25,4
26,28
27,66
28,3
29,2
30,9
31,23
32,5
33,64
34,19
35,4
36,4
37,13
38,5
39,241
40,5
41,55
42,10
43,4
44,5
45,58
46,5
47,26
48,4
49,15
50,10
51,4
52,2
53,3
54,2
55,7
56,4
57,22
58,3
59,21
60,10
61,2
62,41
63,2
64,3
65,4
66,7
67,6
68,4
69,3
70,32
71,5
72,8
73,5
74,39
75,15
76,6
77,2
78,13
79,64
80,8
81,3
82,67
83,10
84,12
85,8
86,5
87,9
88,4
89,2
90,150
91,4
92,4
93,13
94,3
95,6
96,4
97,3
98,5
99,8
100,2
101,39
102,3
103,5
104,6
105,3
106,3
107,4
108,12
109,8
110,9
111,9
112,4
113,9
114,6
115,2
116,3
117,7
118,2
119,2
120,18
121,3
122,6
123,6
124,2
125,3
126,7
127,9
128,3
129,3
130,3
131,2
132,2
133,2
134,2
135,8
136,2
137,3
138,3
139,6
140,3
141,12
142,7
143,2
144,2
145,5
146,4
147,4
148,10
149,2
150,6
151,2
152,10
153,4
154,2
155,5
156,3
157,8
158,6
159,10
160,3
161,2
162,14
163,2
164,20
165,4
166,2
167,2
168,2
169,11
170,13
171,2
172,3
173,4
174,3
175,2
176,7
177,3
178,2
179,4
180,3
181,7
182,3
183,2
184,2
185,2
186,5
187,2
188,7
189,4
190,11
191,3
192,2
193,2
194,4
