cluster_id,cluster_size
0,170
1,313
2,44
3,1451
4,4
5,10
6,144
7,88
8,25
9,3
10,3
11,2
12,10
13,6
14,4
15,28
16,103
17,177
18,260
19,9
20,32
21,2
22,5
23,130
24,19
25,4
26,19
27,5
28,12
29,91
30,7
31,5
32,74
33,17
34,4
35,2
36,3
37,7
38,10
39,2
40,7
41,10
42,6
43,3
44,32
45,5
46,2
47,18
48,71
49,8
50,4
51,50
52,9
53,4
54,2
55,3
56,6
57,5
58,2
59,3
60,6
61,6
62,3
63,3
64,4
65,2
66,16
67,9
68,6
69,3
70,7
71,2
72,2
73,19
74,6
75,9
76,3
77,4
78,3
79,2
80,2
81,2
82,2
83,2
84,3
85,9
86,12
87,9
88,2
89,5
90,4
91,10
92,2
93,6
94,2
95,4
96,2
97,8
98,13
99,10
100,3
101,2
102,14
103,22
104,4
105,2
106,2
107,11
108,13
109,2
110,3
111,3
112,4
113,3
114,7
115,3
116,2
117,2
118,2
119,3
120,11
121,3
122,2
