cluster_id,cluster_size
0,9
1,5
2,27
3,9
4,11
5,11
6,8
7,2
8,11
9,185
10,7
11,4
12,5
13,77
14,2
15,2
16,8
17,20
18,65
19,66
20,5
21,3
22,36
23,30
24,2
25,11
26,45
27,3
28,94
29,7
30,231
31,2
32,2
33,10
34,3
35,13
36,4
37,5
38,23
39,2
40,7
41,55
42,2
43,2
44,8
45,5
46,47
47,6
48,12
49,76
50,19
51,4
52,4
53,3
54,34
55,4
56,5
57,60
58,5
59,4
60,10
61,13
62,3
63,2
64,12
65,2
66,4
67,76
68,8
69,2
70,5
71,46
72,6
73,7
74,20
75,4
76,10
77,2
78,2
79,3
80,6
81,2
82,7
83,2
84,4
85,37
86,5
87,11
88,9
89,4
90,26
91,2
92,3
93,6
94,9
95,8
96,10
97,17
98,2
99,6
100,2
101,13
102,3
103,2
104,3
105,7
106,6
107,6
108,4
109,3
110,11
111,3
112,3
113,3
114,27
115,5
116,8
117,5
118,3
119,6
120,34
121,14
122,4
123,2
124,3
125,9
126,2
127,7
128,16
129,9
130,5
131,2
132,6
133,6
134,4
135,6
136,2
137,4
138,8
139,4
140,5
141,3
142,4
143,3
144,3
145,18
146,29
147,4
148,4
149,8
150,11
151,13
152,5
153,10
154,3
155,9
156,5
157,8
158,5
159,2
160,4
161,4
162,3
163,2
164,2
165,2
166,18
167,36
168,4
169,3
170,7
171,5
172,4
173,8
174,3
175,6
176,4
177,2
178,4
179,2
180,3
181,9
182,3
183,2
184,5
185,4
186,4
187,17
188,2
189,3
190,8
191,10
192,22
193,2
194,5
195,6
196,3
197,2
198,3
199,3
200,6
201,4
202,5
203,9
204,2
205,20
206,25
207,5
208,5
209,19
210,8
211,12
212,6
213,10
214,26
215,12
216,3
217,2
218,2
219,50
220,17
221,3
222,4
223,7
224,10
225,18
226,5
227,2
228,11
229,2
230,15
231,4
232,2
233,3
234,7
235,7
236,2
237,8
238,5
239,2
240,12
241,4
242,10
243,3
244,2
245,2
246,5
247,2
248,4
249,2
250,8
251,3
252,17
253,6
254,2
255,3
256,4
257,3
258,3
259,5
260,9
261,3
262,23
263,3
264,3
265,3
266,7
267,2
268,5
269,5
270,2
271,2
272,27
273,3
274,2
275,28
276,7
277,2
278,2
279,2
280,3
281,3
282,4
283,3
284,3
285,13
286,8
287,2
288,2
289,15
290,12
291,4
292,2
293,3
294,5
295,6
296,3
297,10
298,2
299,3
300,2
301,9
302,2
303,7
304,2
305,2
306,2
307,2
308,2
309,5
310,2
311,3
312,2
313,9
314,3
315,3
316,2
317,3
318,4
319,2
320,4
321,4
322,7
323,2
324,5
325,15
326,3
327,3
328,6
329,2
330,2
331,10
332,2
333,3
334,3
335,13
336,2
337,2
338,5
339,3
340,3
341,2
342,3
343,8
344,6
345,3
346,2
347,12
348,2
349,2
350,15
351,2
352,2
353,4
354,4
355,2
356,3
357,2
358,2
359,3
360,2
361,2
362,2
363,2
364,11
365,7
366,3
367,2
368,4
369,6
370,6
371,2
372,2
373,2
374,3
375,4
376,3
377,6
378,3
379,5
380,3
381,2
382,3
383,7
384,3
385,2
386,2
387,4
388,2
389,3
390,3
391,7
392,5
393,7
394,3
395,5
396,2
397,2
398,2
399,2
400,3
401,3
402,3
403,2
404,5
405,2
406,7
407,6
408,4
409,3
410,13
411,11
412,2
413,2
414,2
415,2
416,3
417,2
418,2
419,2
420,3
421,2
422,4
423,2
424,2
