cluster_id,cluster_size
0,9
1,5
2,26
3,6
4,10
5,11
6,6
7,2
8,11
9,24
10,6
11,7
12,4
13,3
14,2
15,2
16,2
17,7
18,7
19,28
20,13
21,51
22,5
23,3
24,14
25,28
26,2
27,10
28,45
29,2
30,5
31,217
32,2
33,10
34,3
35,13
36,4
37,6
38,2
39,4
40,16
41,2
42,2
43,7
44,2
45,6
46,6
47,8
48,72
49,10
50,3
51,4
52,3
53,149
54,5
55,20
56,4
57,5
58,45
59,5
60,4
61,6
62,13
63,3
64,2
65,10
66,2
67,2
68,27
69,8
70,2
71,24
72,5
73,37
74,9
75,3
76,20
77,4
78,10
79,2
80,2
81,4
82,11
83,3
84,5
85,6
86,2
87,3
88,3
89,2
90,4
91,19
92,5
93,11
94,9
95,2
96,2
97,9
98,2
99,39
100,3
101,6
102,4
103,7
104,2
105,6
106,2
107,7
108,3
109,2
110,3
111,4
112,3
113,55
114,5
115,6
116,56
117,4
118,2
119,3
120,7
121,2
122,2
123,2
124,3
125,23
126,3
127,5
128,8
129,4
130,2
131,3
132,6
133,28
134,7
135,2
136,4
137,3
138,6
139,4
140,4
141,2
142,2
143,2
144,4
145,2
146,16
147,4
148,2
149,10
150,5
151,8
152,5
153,2
154,6
155,6
156,2
157,2
158,3
159,8
160,4
161,2
162,4
163,3
164,14
165,2
166,10
167,4
168,3
169,5
170,8
171,6
172,13
173,11
174,3
175,10
176,3
177,4
178,3
179,2
180,5
181,2
182,2
183,3
184,4
185,3
186,2
187,2
188,2
189,15
190,36
191,3
192,3
193,7
194,5
195,4
196,3
197,5
198,3
199,6
200,3
201,2
202,4
203,2
204,3
205,4
206,3
207,2
208,3
209,3
210,3
211,9
212,2
213,17
214,2
215,2
216,22
217,6
218,4
219,10
220,34
221,2
222,2
223,3
224,6
225,3
226,2
227,3
228,5
229,2
230,3
231,6
232,5
233,7
234,2
235,9
236,7
237,2
238,18
239,7
240,5
241,20
242,5
243,17
244,4
245,12
246,6
247,10
248,11
249,3
250,2
251,2
252,39
253,17
254,3
255,13
256,3
257,7
258,11
259,4
260,7
261,2
262,11
263,2
264,4
265,2
266,2
267,2
268,7
269,7
270,2
271,8
272,2
273,2
274,2
275,9
276,4
277,8
278,2
279,3
280,2
281,2
282,7
283,5
284,2
285,2
286,5
287,3
288,4
289,4
290,2
291,4
292,2
293,17
294,2
295,2
296,3
297,4
298,2
299,4
300,2
301,2
302,2
303,9
304,9
305,9
306,7
307,3
308,3
309,2
310,2
311,22
312,3
313,3
314,4
315,3
316,7
317,2
318,5
319,2
320,2
321,2
322,18
323,2
324,22
325,3
326,2
327,3
328,2
329,6
330,5
331,2
332,7
333,2
334,3
335,2
336,2
337,4
338,3
339,3
340,4
341,3
342,13
343,8
344,2
345,2
346,4
347,9
348,11
349,4
350,2
351,2
352,3
353,5
354,6
355,3
356,6
357,9
358,17
359,2
360,3
361,2
362,9
363,2
364,4
365,2
366,9
367,3
368,2
369,2
370,2
371,2
372,6
373,2
374,3
375,4
376,5
377,2
378,3
379,2
380,9
381,3
382,3
383,2
384,3
385,4
386,2
387,4
388,3
389,2
390,7
391,2
392,2
393,15
394,3
395,3
396,3
397,4
398,2
399,2
400,2
401,10
402,3
403,2
404,2
405,2
406,3
407,3
408,2
409,3
410,2
411,13
412,8
413,2
414,2
415,5
416,3
417,2
418,3
419,8
420,2
421,5
422,3
423,2
424,2
425,12
426,2
427,2
428,4
429,9
430,15
431,2
432,2
433,2
434,4
435,4
436,2
437,2
438,3
439,2
440,2
441,3
442,2
443,2
444,2
445,2
446,2
447,7
448,7
449,3
450,3
451,6
452,2
453,2
454,2
455,3
456,6
457,2
458,4
459,4
460,6
461,2
462,10
463,2
464,2
465,2
466,2
467,3
468,15
469,4
470,4
471,4
472,3
473,6
474,2
475,11
476,5
477,4
478,2
479,2
480,5
481,3
482,2
483,3
484,2
485,2
486,7
487,3
488,2
489,2
490,4
491,2
492,4
493,11
494,2
495,3
496,3
497,2
498,3
499,7
500,5
501,3
502,3
503,3
504,4
505,5
506,2
507,2
508,5
509,2
510,5
511,2
512,2
513,2
514,4
515,2
516,2
517,3
518,3
519,4
520,2
521,3
522,2
523,5
524,2
525,7
526,6
527,4
528,3
529,13
530,11
531,2
532,2
533,6
534,2
535,2
536,3
537,2
538,2
539,3
540,2
541,2
542,3
543,2
544,4
545,2
546,2
