cluster_id,cluster_diam
0,7
1,4
2,12
3,3
4,4
5,7
6,3
7,1
8,5
9,13
10,4
11,4
12,3
13,2
14,1
15,1
16,1
17,4
18,4
19,7
20,8
21,8
22,21
23,3
24,1
25,9
26,10
27,7
28,1
29,6
30,15
31,1
32,2
33,2
34,1
35,7
36,2
37,8
38,3
39,3
40,1
41,2
42,7
43,1
44,1
45,3
46,1
47,5
48,2
49,4
50,19
51,4
52,2
53,3
54,2
55,29
56,3
57,13
58,3
59,3
60,19
61,3
62,2
63,3
64,6
65,2
66,1
67,5
68,1
69,1
70,11
71,5
72,1
73,8
74,4
75,19
76,3
77,2
78,1
79,12
80,3
81,5
82,1
83,1
84,2
85,6
86,2
87,3
88,4
89,1
90,2
91,2
92,1
93,3
94,8
95,3
96,7
97,4
98,1
99,1
100,1
101,7
102,1
103,16
104,2
105,4
106,3
107,4
108,1
109,1
110,2
111,1
112,6
113,1
114,1
115,2
116,2
117,2
118,27
119,4
120,4
121,3
122,3
123,1
124,2
125,5
126,4
127,1
128,1
129,16
130,1
131,2
132,10
133,2
134,3
135,5
136,2
137,1
138,2
139,3
140,2
141,6
142,1
143,3
144,2
145,4
146,3
147,3
148,1
149,1
150,1
151,3
152,1
153,10
154,8
155,2
156,1
157,5
158,3
159,7
160,3
161,1
162,3
163,4
164,1
165,1
166,2
167,6
168,2
169,1
170,2
171,2
172,10
173,1
174,6
175,3
176,2
177,4
178,5
179,4
180,7
181,8
182,2
183,7
184,2
185,2
186,2
187,1
188,3
189,2
190,1
191,1
192,1
193,3
194,2
195,1
196,1
197,1
198,48
199,9
200,13
201,2
202,2
203,4
204,4
205,3
206,2
207,3
208,2
209,4
210,2
211,1
212,3
213,1
214,2
215,3
216,2
217,1
218,2
219,2
220,2
221,6
222,1
223,7
224,1
225,1
226,4
227,4
228,3
229,7
230,18
231,1
232,1
233,2
234,3
235,2
236,1
237,2
238,3
239,2
240,4
241,4
242,5
243,6
244,1
245,7
246,6
247,1
248,5
249,1
250,6
251,3
252,11
253,3
254,9
255,3
256,7
257,4
258,8
259,7
260,2
261,1
262,1
263,27
264,10
265,2
266,9
267,2
268,5
269,8
270,3
271,4
272,1
273,6
274,1
275,3
276,1
277,1
278,1
279,5
280,6
281,1
282,6
283,1
284,1
285,1
286,5
287,3
288,5
289,1
290,2
291,1
292,1
293,1
294,4
295,3
296,1
297,1
298,3
299,2
300,2
301,3
302,1
303,1
304,2
305,1
306,10
307,1
308,1
309,1
310,3
311,1
312,2
313,1
314,1
315,1
316,2
317,5
318,4
319,3
320,1
321,2
322,1
323,1
324,10
325,2
326,2
327,3
328,1
329,5
330,1
331,4
332,1
333,1
334,1
335,11
336,1
337,8
338,2
339,1
340,2
341,1
342,2
343,3
344,4
345,1
346,6
347,1
348,2
349,1
350,1
351,1
352,3
353,2
354,2
355,4
356,3
357,6
358,3
359,2
360,3
361,10
362,5
363,1
364,1
365,3
366,7
367,2
368,1
369,1
370,2
371,3
372,4
373,2
374,4
375,4
376,9
377,1
378,2
379,1
380,6
381,1
382,3
383,1
384,3
385,2
386,1
387,4
388,1
389,1
390,3
391,1
392,1
393,3
394,4
395,1
396,2
397,1
398,6
399,2
400,2
401,1
402,2
403,3
404,1
405,3
406,1
407,1
408,4
409,1
410,1
411,2
412,1
413,8
414,2
415,2
416,2
417,3
418,1
419,1
420,1
421,6
422,2
423,1
424,1
425,1
426,9
427,2
428,1
429,2
430,1
431,5
432,1
433,7
434,4
435,1
436,1
437,3
438,4
439,2
440,1
441,2
442,4
443,1
444,3
445,2
446,1
447,1
448,7
449,1
450,1
451,2
452,7
453,8
454,1
455,1
456,1
457,2
458,2
459,1
460,1
461,2
462,1
463,1
464,2
465,1
466,1
467,1
468,1
469,1
470,5
471,4
472,2
473,2
474,4
475,1
476,1
477,1
478,2
479,4
480,1
481,3
482,3
483,4
484,1
485,4
486,1
487,1
488,1
489,1
490,2
491,8
492,3
493,3
494,3
495,3
496,1
497,4
498,1
499,6
500,3
501,3
502,1
503,1
504,4
505,2
506,1
507,2
508,1
509,1
510,3
511,2
512,1
513,1
514,1
515,2
516,1
517,3
518,5
519,1
520,2
521,2
522,1
523,2
524,5
525,3
526,2
527,2
528,2
529,3
530,3
531,1
532,1
533,3
534,1
535,3
536,1
537,1
538,1
539,2
540,1
541,1
542,2
543,2
544,2
545,2
546,1
547,3
548,1
549,5
550,4
551,3
552,2
553,5
554,4
555,1
556,1
557,4
558,1
559,1
560,1
561,1
562,1
563,2
564,1
565,1
566,2
567,1
568,2
569,1
570,1
