cluster_id,cluster_diam
0,2
1,1
2,2
3,3
4,5
5,1
6,5
7,3
8,2
9,2
10,1
11,1
12,1
13,3
14,4
15,2
16,12
17,2
18,3
19,2
20,1
21,1
22,2
23,7
24,1
25,1
26,1
27,4
28,1
29,2
30,1
31,2
32,2
33,1
34,3
35,4
36,2
37,5
38,4
39,4
40,3
41,6
42,3
43,5
44,2
45,3
46,7
47,1
48,2
49,1
50,3
51,2
52,5
53,2
54,4
55,1
56,1
57,3
58,1
59,1
60,2
61,3
62,3
63,1
64,1
65,6
66,1
67,3
68,3
69,4
70,1
71,2
72,1
73,1
74,3
75,4
76,1
77,3
78,1
79,1
80,1
81,1
82,1
83,4
84,1
85,4
86,1
87,1
88,1
89,1
90,2
91,1
92,2
93,1
94,1
95,1
96,3
97,2
98,7
99,2
100,1
101,2
102,1
103,3
104,12
105,2
106,1
107,1
108,1
109,1
110,2
111,9
112,2
113,1
114,3
115,1
116,5
117,7
118,2
119,3
120,1
121,2
122,1
123,3
124,3
125,3
126,1
127,1
128,1
129,1
130,2
131,1
132,3
133,2
134,7
135,4
136,1
137,1
138,1
139,1
140,6
141,3
142,1
143,1
144,3
145,1
146,1
147,1
148,2
149,5
150,2
151,1
152,1
153,1
154,1
155,3
156,2
157,4
158,1
159,1
160,1
161,1
162,2
163,2
164,2
165,10
166,2
167,1
168,2
169,1
170,1
171,1
172,2
173,4
174,2
175,2
176,2
177,3
178,4
179,3
180,2
181,1
182,1
183,1
184,1
185,1
186,2
187,1
188,5
189,1
190,1
191,2
192,1
193,6
194,2
195,15
196,1
197,1
198,1
199,1
200,1
201,2
202,1
203,2
204,2
205,1
206,3
207,2
208,4
209,2
210,2
211,3
212,1
213,1
214,5
215,2
216,1
217,6
218,2
219,2
220,1
221,1
222,5
223,1
224,2
225,3
226,3
227,3
228,5
229,2
230,1
231,4
232,1
233,5
234,1
235,1
236,1
237,1
238,4
239,1
240,5
241,2
242,1
243,3
244,2
245,5
246,5
247,2
248,1
249,3
250,1
251,1
252,2
253,1
254,1
255,1
256,2
257,1
258,3
259,2
260,1
261,4
262,1
263,5
264,2
265,1
266,2
267,1
268,5
269,1
270,1
271,4
272,2
273,1
274,1
275,1
276,1
277,3
278,1
279,2
280,1
281,1
282,2
283,1
284,2
285,1
286,1
287,1
288,3
289,2
290,1
291,1
292,1
293,1
294,1
295,1
296,10
297,2
298,3
299,1
300,1
301,12
302,1
303,1
304,1
305,1
306,2
307,4
308,1
309,2
310,2
311,5
312,2
313,5
314,3
315,4
316,8
317,1
318,1
319,2
320,1
321,1
322,1
323,2
324,1
325,3
326,3
327,1
328,1
329,2
330,1
331,3
332,3
333,1
334,8
335,1
336,1
337,1
338,1
339,3
340,1
341,1
342,1
343,4
344,2
345,1
346,2
347,3
348,2
349,4
350,1
351,1
352,6
353,1
354,1
355,16
356,1
357,3
358,1
359,1
360,1
361,3
362,1
363,2
364,2
365,4
366,2
367,3
368,2
369,3
370,3
371,5
372,3
373,1
374,1
375,1
376,2
377,2
378,2
379,4
380,2
381,2
382,1
383,1
384,1
385,1
386,28
387,5
388,4
389,2
390,9
391,1
392,3
393,2
394,12
395,4
396,3
397,1
398,1
399,2
400,7
401,3
402,1
403,2
404,2
405,1
406,3
407,2
408,1
409,1
410,1
411,15
412,1
413,2
414,7
415,4
416,1
417,5
418,2
419,2
420,2
421,2
422,1
423,3
424,1
425,1
426,4
427,1
428,1
429,2
430,6
431,2
432,2
433,1
434,8
435,1
436,1
437,1
438,3
439,1
440,2
441,3
442,1
443,1
444,1
445,1
446,4
447,3
448,5
449,3
450,6
451,7
452,2
453,2
454,1
455,1
456,7
457,1
458,1
459,1
460,2
461,1
462,1
463,4
464,5
465,2
466,5
467,2
468,1
469,3
470,1
471,1
472,1
473,1
474,9
475,1
476,1
477,1
478,1
479,3
480,2
481,1
482,1
483,3
484,2
485,6
486,2
487,1
488,1
489,1
490,2
491,3
492,1
493,1
494,3
495,2
496,4
497,1
498,1
499,1
500,1
501,1
502,1
503,1
504,3
505,4
506,1
507,3
508,1
509,4
510,22
511,2
512,1
513,1
514,1
515,2
516,2
517,1
518,2
519,4
520,2
521,4
522,7
523,1
524,1
525,1
526,1
527,2
528,1
529,1
530,1
531,1
532,1
533,1
534,2
535,1
536,1
537,2
538,1
539,1
540,2
541,1
542,1
543,2
544,1
545,1
546,2
547,1
548,2
549,4
550,1
551,1
552,2
553,2
554,2
555,2
556,1
557,1
558,1
559,1
560,1
561,2
562,1
563,1
564,1
565,6
566,1
567,1
568,3
569,3
570,2
571,1
572,2
573,2
574,7
575,4
576,3
577,1
578,1
579,1
580,2
581,3
582,2
583,2
584,1
585,1
586,1
587,1
588,5
589,1
590,3
591,1
592,1
593,1
594,1
595,1
596,5
597,3
598,6
599,2
600,1
601,3
602,1
603,1
604,1
605,1
606,1
607,1
608,4
609,1
610,3
611,1
612,1
613,2
614,3
615,1
616,3
617,1
618,7
619,6
620,3
621,2
622,1
623,8
624,1
625,3
626,1
627,1
628,1
629,2
630,2
631,2
632,1
633,1
634,1
635,1
636,5
637,3
638,1
639,1
640,1
641,1
642,3
643,1
644,1
645,2
646,1
647,1
648,2
649,1
650,1
651,2
652,1
653,1
654,4
655,1
656,2
657,3
658,4
659,3
660,1
661,2
662,1
663,2
664,1
665,3
666,3
667,3
668,1
669,1
670,2
671,3
672,2
673,1
674,2
675,1
676,2
677,2
678,2
679,2
680,2
681,3
682,1
683,1
684,1
685,4
686,1
687,1
688,4
689,3
690,2
691,4
692,1
693,1
694,1
695,2
696,1
697,1
698,3
699,2
700,2
701,1
702,1
703,3
704,2
705,1
706,1
707,1
708,2
709,1
710,1
711,3
712,1
713,1
714,1
715,2
716,2
717,1
718,3
719,1
720,1
721,1
722,5
723,1
724,1
725,2
726,5
727,2
728,1
729,4
730,2
731,1
732,1
733,4
734,1
735,1
736,1
737,1
738,2
739,1
740,1
741,1
742,2
743,1
744,1
745,1
746,1
747,2
748,1
749,2
750,2
751,1
752,1
753,2
754,1
755,1
756,1
757,1
758,1
759,1
760,4
761,5
