cluster_id,cluster_diam
0,5
1,9
2,15
3,55
4,27
5,58
6,17
7,3
8,3
9,44
10,1
11,7
12,41
13,18
14,4
15,36
16,17
17,7
18,37
19,8
20,52
21,2
22,1
23,6
24,5
25,3
26,11
27,27
28,2
29,1
30,4
31,11
32,3
33,31
34,7
35,3
36,3
37,8
38,3
39,52
40,3
41,20
42,6
43,3
44,4
45,22
46,4
47,10
48,3
49,9
50,5
51,3
52,1
53,2
54,1
55,6
56,3
57,10
58,2
59,11
60,6
61,1
62,17
63,1
64,2
65,2
66,4
67,4
68,3
69,2
70,12
71,3
72,5
73,4
74,14
75,10
76,3
77,1
78,9
79,21
80,5
81,2
82,21
83,7
84,7
85,5
86,3
87,5
88,3
89,1
90,27
91,3
92,3
93,9
94,2
95,4
96,2
97,1
98,4
99,5
100,1
101,14
102,2
103,3
104,3
105,2
106,2
107,3
108,9
109,4
110,6
111,6
112,3
113,7
114,4
115,1
116,2
117,5
118,1
119,1
120,9
121,2
122,4
123,5
124,1
125,1
126,4
127,4
128,2
129,2
130,2
131,1
132,1
133,1
134,1
135,7
136,1
137,2
138,2
139,4
140,2
141,6
142,6
143,1
144,1
145,4
146,3
147,2
148,7
149,1
150,4
151,1
152,6
153,3
154,1
155,3
156,2
157,4
158,3
159,7
160,2
161,1
162,8
163,1
164,10
165,2
166,1
167,1
168,1
169,5
170,6
171,1
172,2
173,3
174,1
175,1
176,3
177,2
178,1
179,3
180,2
181,4
182,2
183,1
184,1
185,1
186,3
187,1
188,5
189,2
190,4
191,2
192,1
193,1
194,2
