cluster_id,cluster_diam
0,1
1,1
2,2
3,3
4,3
5,1
6,3
7,2
8,1
9,1
10,1
11,3
12,4
13,2
14,12
15,2
16,3
17,2
18,1
19,1
20,2
21,4
22,1
23,1
24,1
25,1
26,1
27,1
28,3
29,1
30,2
31,5
32,4
33,1
34,2
35,3
36,5
37,1
38,2
39,2
40,2
41,4
42,1
43,1
44,3
45,1
46,1
47,2
48,1
49,3
50,1
51,1
52,6
53,2
54,3
55,1
56,1
57,2
58,1
59,4
60,1
61,1
62,1
63,1
64,1
65,1
66,1
67,3
68,1
69,2
70,1
71,1
72,1
73,2
74,1
75,1
76,1
77,1
78,1
79,1
80,7
81,1
82,1
83,2
84,1
85,1
86,1
87,1
88,2
89,1
90,2
91,1
92,1
93,1
94,1
95,2
96,1
97,2
98,1
99,2
100,1
101,3
102,7
103,2
104,2
105,1
106,2
107,4
108,3
109,1
110,1
111,1
112,1
113,1
114,1
115,1
116,6
117,4
118,1
119,1
120,1
121,1
122,9
123,2
124,1
125,1
126,1
127,1
128,1
129,5
130,2
131,1
132,1
133,3
134,2
135,1
136,1
137,1
138,2
139,1
140,2
141,2
142,2
143,6
144,1
145,1
146,1
147,1
148,2
149,4
150,2
151,2
152,2
153,3
154,2
155,2
156,1
157,1
158,1
159,1
160,6
161,1
162,1
163,1
164,1
165,3
166,14
167,1
168,1
169,1
170,2
171,1
172,1
173,1
174,1
175,2
176,4
177,2
178,2
179,3
180,1
181,1
182,1
183,1
184,6
185,2
186,2
187,1
188,2
189,1
190,1
191,2
192,1
193,1
194,4
195,1
196,1
197,4
198,5
199,2
200,1
201,2
202,2
203,1
204,2
205,1
206,2
207,1
208,1
209,1
210,1
211,1
212,1
213,3
214,1
215,1
216,2
217,1
218,1
219,1
220,2
221,1
222,2
223,1
224,1
225,1
226,1
227,1
228,1
229,1
230,3
231,1
232,3
233,1
234,2
235,1
236,2
237,1
238,1
239,1
240,1
241,1
242,1
243,2
244,2
245,1
246,2
247,3
248,1
249,1
250,6
251,3
252,1
253,1
254,1
255,1
256,2
257,2
258,4
259,1
260,1
261,1
262,3
263,1
264,3
265,3
266,1
267,1
268,3
269,12
270,1
271,1
272,1
273,1
274,1
275,1
276,3
277,3
278,1
279,1
280,1
281,3
282,1
283,1
284,1
285,6
286,1
287,3
288,1
289,1
290,3
291,1
292,1
293,1
294,3
295,3
296,2
297,1
298,1
299,1
300,2
301,1
302,1
303,2
304,1
305,2
306,1
307,1
308,1
309,2
310,1
311,4
312,2
313,2
314,3
315,1
316,2
317,3
318,3
319,1
320,4
321,1
322,2
323,1
324,1
325,1
326,2
327,1
328,2
329,1
330,2
331,2
332,1
333,1
334,27
335,4
336,2
337,9
338,1
339,2
340,3
341,6
342,4
343,1
344,4
345,1
346,1
347,1
348,2
349,1
350,1
351,1
352,2
353,1
354,1
355,1
356,1
357,1
358,2
359,1
360,7
361,1
362,1
363,1
364,2
365,2
366,1
367,2
368,1
369,1
370,1
371,3
372,1
373,1
374,1
375,1
376,1
377,2
378,2
379,2
380,9
381,8
382,1
383,1
384,1
385,3
386,1
387,1
388,2
389,1
390,1
391,4
392,1
393,1
394,1
395,4
396,1
397,4
398,2
399,1
400,1
401,3
402,3
403,1
404,1
405,1
406,1
407,2
408,1
409,1
410,2
411,1
412,1
413,1
414,1
415,2
416,2
417,1
418,2
419,1
420,1
421,2
422,2
423,1
424,1
425,1
426,1
427,2
428,1
429,3
430,2
431,1
432,1
433,1
434,1
435,1
436,6
437,1
438,1
439,1
440,1
441,1
442,5
443,2
444,1
445,2
446,3
447,3
448,1
449,1
450,2
451,1
452,2
453,1
454,1
455,1
456,1
457,1
458,1
459,1
460,3
461,2
462,3
463,1
464,1
465,1
466,2
467,2
468,2
469,16
470,7
471,2
472,1
473,1
474,2
475,3
476,2
477,2
478,1
479,1
480,4
481,2
482,1
483,1
484,1
485,4
486,2
487,1
488,1
489,1
490,2
491,1
492,1
493,1
494,1
495,1
496,2
497,1
498,1
499,1
500,2
501,1
502,1
503,1
504,3
505,1
506,1
507,1
508,1
509,1
510,1
511,1
512,2
513,1
514,3
515,2
516,1
517,2
518,4
519,1
520,1
521,2
522,3
523,2
524,2
525,1
526,1
527,3
528,2
529,1
530,1
531,1
532,1
533,1
534,1
535,2
536,3
537,2
538,2
539,1
540,2
541,9
542,1
543,2
544,2
545,6
546,4
547,13
548,1
549,3
550,1
551,1
552,1
553,1
554,4
555,1
556,1
557,1
558,2
559,1
560,2
561,2
562,4
563,1
564,1
565,1
566,4
567,1
568,1
569,1
570,1
571,1
572,1
573,5
574,3
575,1
576,2
577,2
578,1
579,1
580,1
581,4
582,1
583,1
584,1
585,1
586,1
587,4
588,2
589,1
590,1
591,3
592,1
593,1
594,3
595,1
596,1
597,5
598,1
599,4
600,2
601,2
602,3
603,4
604,2
605,1
606,1
607,8
608,3
609,1
610,1
611,1
612,2
613,1
614,2
615,2
616,1
617,1
618,1
619,1
620,1
621,3
622,2
623,4
624,1
625,1
626,1
627,1
628,1
629,1
630,1
631,1
632,1
633,2
634,1
635,2
636,1
637,2
638,1
639,1
640,2
641,1
642,1
643,4
644,1
645,2
646,2
647,1
648,2
649,2
650,3
651,2
652,3
653,1
654,2
655,1
656,1
657,2
658,1
659,2
660,1
661,1
662,1
663,1
664,3
665,1
666,1
667,1
668,2
669,3
670,2
671,2
672,1
673,1
674,2
675,4
676,4
677,2
678,1
679,1
680,2
681,1
682,3
683,3
684,1
685,2
686,4
687,1
688,1
689,4
690,1
691,3
692,2
693,3
694,1
695,1
696,2
697,1
698,1
699,1
700,3
701,1
702,3
703,2
704,2
705,1
706,1
707,2
708,1
709,1
710,1
711,1
712,1
713,1
714,2
715,2
716,1
717,1
718,1
719,1
720,2
721,1
722,2
723,3
724,1
725,1
726,2
727,2
728,2
729,1
730,1
731,1
732,1
733,5
734,1
735,1
736,1
737,2
738,1
739,5
740,3
741,2
742,1
743,4
744,2
745,1
746,1
747,4
748,1
749,1
750,1
751,1
752,1
753,1
754,1
755,1
756,1
757,1
758,1
759,1
760,1
761,2
762,1
763,2
764,1
765,2
766,2
767,3
768,2
769,1
770,2
771,1
772,1
773,1
774,1
775,1
776,4
777,1
778,4
779,2
780,3
781,2
