cluster_id,cluster_diam
0,5
1,20
2,15
3,58
4,28
5,67
6,3
7,3
8,44
9,1
10,7
11,41
12,18
13,4
14,35
15,20
16,7
17,37
18,8
19,52
20,2
21,2
22,1
23,6
24,5
25,3
26,11
27,27
28,2
29,52
30,4
31,13
32,3
33,51
34,7
35,3
36,8
37,3
38,7
39,19
40,6
41,4
42,5
43,4
44,10
45,3
46,9
47,5
48,3
49,1
50,2
51,6
52,3
53,15
54,2
55,6
56,1
57,17
58,1
59,2
60,2
61,4
62,4
63,3
64,2
65,12
66,8
67,4
68,14
69,10
70,1
71,9
72,21
73,5
74,2
75,21
76,7
77,5
78,3
79,5
80,3
81,1
82,27
83,3
84,3
85,2
86,4
87,1
88,4
89,5
90,1
91,14
92,2
93,3
94,3
95,2
96,2
97,3
98,9
99,4
100,6
101,6
102,3
103,9
104,4
105,1
106,2
107,5
108,1
109,1
110,9
111,2
112,5
113,1
114,1
115,4
116,2
117,2
118,2
119,1
120,1
121,1
122,1
123,1
124,2
125,2
126,4
127,2
128,5
129,6
130,1
131,1
132,4
133,3
134,2
135,7
136,1
137,4
138,1
139,6
140,3
141,1
142,3
143,2
144,4
145,3
146,7
147,2
148,1
149,8
150,10
151,2
152,1
153,1
154,1
155,5
156,6
157,1
158,3
159,1
160,1
161,3
162,2
163,1
164,3
165,2
166,4
167,2
168,1
169,1
170,1
171,3
172,1
173,5
174,2
175,4
176,2
177,1
178,1
179,2
