cluster_id,cluster_diam
0,12
1,52
2,18
3,54
4,121
5,3
6,7
7,38
8,21
9,7
10,37
11,8
12,2
13,2
14,1
15,6
16,5
17,3
18,11
19,27
20,8
21,51
22,4
23,13
24,3
25,49
26,7
27,3
28,12
29,3
30,7
31,19
32,6
33,4
34,5
35,4
36,10
37,3
38,10
39,19
40,3
41,1
42,2
43,6
44,3
45,15
46,2
47,6
48,1
49,15
50,5
51,7
52,2
53,4
54,3
55,2
56,12
57,4
58,10
59,1
60,9
61,21
62,5
63,3
64,21
65,7
66,3
67,4
68,3
69,1
70,35
71,2
72,4
73,4
74,1
75,14
76,2
77,4
78,3
79,2
80,2
81,3
82,1
83,9
84,6
85,4
86,2
87,2
88,5
89,1
90,1
91,10
92,5
93,1
94,4
95,2
96,2
97,2
98,1
99,1
100,1
101,1
102,1
103,2
104,4
105,5
106,6
107,1
108,4
109,3
110,2
111,7
112,1
113,4
114,1
115,3
116,1
117,4
118,8
119,7
120,2
121,1
122,8
123,11
124,2
125,1
126,1
127,5
128,6
129,1
130,3
131,1
132,3
133,2
134,1
135,3
136,2
137,4
138,2
139,1
140,1
141,1
142,2
143,2
144,4
145,2
146,1
